# nucleotide counts
# upper case indicates nucleotide called by both reads
# lower case indicates nucleotide called by one read with other ambiguous
# N indicates disagreement between reads, or both ambiguous
# POSITION WT COUNTS A T C G a t c g N
1 A 1088947 1084531 83 7 204 4003 7 2 3 107
2 T 1091059 99 1086063 168 5 5 4552 3 2 162
3 G 1093058 185 314 41 1087528 3 10 2 4849 126
4 G 1094458 1257 1705 1765 1084586 9 22 14 4995 105
5 C 1095891 1966 1604 1085159 1271 18 32 5689 18 134
6 G 1096874 1675 1284 1570 1086070 9 17 17 6126 106
7 T 1098030 1469 1087211 1627 610 6 6784 16 7 300
8 C 1099225 1632 1261 1087800 861 20 16 7440 9 186
9 T 1100393 1578 1087873 1669 1001 14 8069 21 10 158
10 C 1101705 2145 1172 1087866 1259 21 16 8839 6 381
11 A 1103101 1088356 1369 1406 1755 9734 20 22 9 430
12 A 1104239 1089319 1207 1413 1718 10421 27 12 21 101
13 G 1104663 1156 1520 1185 1090207 14 20 12 10416 133
14 G 1105720 1372 1418 1205 1090633 24 19 8 10931 110
15 C 1107333 1784 1196 1091395 921 17 29 11867 19 105
16 A 1108544 1090566 1252 1418 1298 12620 13 31 14 1332
17 C 1110207 1409 1158 1092730 1281 35 16 13481 13 84
18 C 1111934 1441 1367 1093468 1049 25 16 14467 34 67
19 A 1114117 1092758 1690 1684 1608 16168 41 37 24 107
20 A 1115897 1094031 1677 1644 1511 16821 33 45 24 111
21 A 1117498 1094573 1698 1473 1522 17577 45 29 23 558
22 C 1119541 1575 1453 1096546 1224 35 61 18561 8 78
23 G 1121073 1530 1423 1458 1097330 32 42 52 19071 135
24 A 1123264 1099105 1175 1260 1288 20146 29 27 29 205
25 T 1125438 1555 1099202 2004 1379 31 21026 35 25 181
26 C 1126922 1974 1671 1100857 1175 28 37 21090 13 77
27 T 1129296 1544 1101645 1901 1371 31 22382 40 23 359
28 T 1131661 1769 1101862 1724 1622 26 24456 42 57 103
29 A 1133994 1102568 1691 1879 1763 25690 56 55 50 242
30 C 1137451 1711 2044 1104346 1618 70 125 27218 48 271
31 G 1139354 1661 1595 1101 1106647 52 89 40 28027 142
32 A 1142319 1108940 1225 1498 1197 29180 55 51 50 123
33 A 1144601 1111191 872 1399 1185 29655 41 54 44 160
34 C 1147946 934 946 1113667 885 29 36 30850 17 582
35 A 1152126 1116346 831 815 756 33150 51 19 18 140
36 G 1154107 864 921 929 1117663 31 48 27 33347 277
37 A 1155969 1119619 983 966 1065 33059 40 45 37 155
38 T 1159260 938 1121243 1121 994 40 34459 45 36 384
39 G 1160914 1069 1222 1115 1123754 53 94 43 33346 218
40 G 1163318 868 1371 1004 1126330 33 66 35 33479 132
41 A 1166840 1121635 1025 945 1555 41180 75 40 63 322
42 G 1169407 832 1167 1048 1120789 51 57 59 45045 359
43 A 1172858 1120435 867 1246 1131 48726 40 75 49 289
44 C 1176884 1176 895 1119513 987 77 43 53945 42 206
45 T 1183039 963 1114517 1145 1059 61 64923 79 59 233
46 G 1186057 1396 1708 1291 1109252 136 129 109 71634 402
47 A 1189551 1105426 1271 1355 1358 79575 124 111 120 211
48 T 1193337 1334 1101658 1240 1170 136 87410 118 103 168
49 G 1195125 1732 2273 1808 1087718 190 333 175 100787 109
50 G 1197786 1589 2211 2117 1081249 204 276 235 109758 147
51 A 1200976 1075376 1742 2250 1864 118792 281 286 225 160
52 G 1203608 1684 1797 1753 1076031 201 230 236 121230 446
53 A 1208615 1069214 1307 2132 1357 133863 171 269 198 104
54 A 1211998 1064623 1288 2006 1370 141856 157 326 191 181
55 C 1216674 1145 1080 1058383 1081 202 200 154298 198 87
56 G 1215933 1357 1453 1209 1046443 284 299 235 164423 230
57 C 1217356 1887 977 1037367 883 310 191 175461 201 79
58 C 1220733 1329 1121 1025456 1065 291 263 190894 203 111
59 A 1224566 1016524 1073 1443 1594 202795 308 294 344 191
60 G 1219857 1165 1506 1180 1010181 278 357 242 204862 86
61 A 1218171 997399 1091 1277 1162 216197 312 323 308 102
62 A 1213628 979635 1178 1092 1030 229704 345 308 247 89
63 T 1212987 1017 967758 1159 858 311 241115 322 262 185
64 G 1202179 1167 1559 1149 945196 367 514 375 251726 126
65 C 1199548 1274 1420 930113 929 409 474 264535 325 69
66 C 1199836 1058 1017 911722 909 467 352 283932 326 53
67 A 1203914 895127 1350 1530 1080 302732 524 527 482 562
68 C 1198519 1244 1233 887253 1098 579 478 306180 392 62
69 T 1200897 1215 888663 1720 1275 541 306341 579 443 120
70 G 1196529 1354 1890 1442 879323 582 761 576 310505 96
71 A 1189122 867037 1628 1374 1082 316267 686 521 430 97
72 A 1183190 854989 1340 1734 1012 322276 557 702 479 101
73 A 1172563 836209 953 1072 1067 331709 549 441 489 74
74 T 1166574 826 820613 1197 925 447 341392 563 486 125
75 C 1161427 1231 1022 805456 861 831 591 350963 408 64
76 A 1154047 794729 760 712 917 355476 492 328 519 114
77 G 1136240 849 999 661 783159 490 572 288 349089 133
78 A 1126029 773921 779 771 639 348651 485 364 325 94
79 G 1108582 679 899 536 762440 444 479 367 342606 132
80 C 1097881 1022 782 756866 601 654 479 337029 374 74
81 A 1085856 748301 509 556 667 334666 331 359 385 82
82 T 1075491 773 737884 745 648 476 334067 457 330 111
83 C 1069410 932 711 730941 594 705 564 334392 382 189
84 C 1077794 891 820 726325 598 1037 530 347112 401 80
85 G 1071867 701 805 663 721964 742 676 451 345785 80
86 T 1059124 732 712677 761 666 422 342680 467 565 154
87 C 1049280 1155 763 700807 544 679 636 344169 460 67
88 G 1029532 852 728 556 697587 574 429 479 328245 82
89 G 1014902 686 664 539 685275 468 405 268 326523 74
90 A 1006785 676905 560 587 525 327011 338 261 465 133
91 A 1000144 669943 520 521 556 327454 356 247 373 174
92 A 993784 657955 684 442 484 333171 413 260 292 83
93 A 983790 649794 523 585 537 331344 316 320 292 79
94 A 976459 638647 743 702 909 333457 945 420 571 65
95 T 973937 838 629220 749 824 693 339511 456 983 663
96 G 963042 888 877 759 625045 988 784 502 333128 71
97 A 953804 618937 606 614 619 331092 789 457 536 154
98 T 948101 682 605925 630 591 630 338761 381 417 84
99 T 943593 712 600777 631 512 547 339170 443 694 107
100 G 936053 577 626 464 601537 520 715 289 331252 73
101 G 925574 631 546 432 595757 452 606 351 326737 62
102 T 919878 655 599683 499 517 525 316111 327 746 815
103 G 921217 537 509 326 607465 463 444 221 311150 102
104 G 911314 418 479 388 600272 511 362 275 308535 74
105 A 556733 429672 280 278 248 125838 132 96 115 74
106 A 554160 435517 174 290 206 117621 101 103 77 71
107 T 556630 228 440712 299 140 115 114910 130 39 57
108 T 562575 239 443405 306 197 99 118103 96 72 58
109 G 562918 211 319 219 447945 67 218 88 113787 64
110 G 563124 223 255 238 454725 73 96 90 107359 65
111 A 566685 458299 205 274 374 107147 75 88 96 127
112 C 573319 296 263 462835 159 95 149 109379 57 86
113 G 577991 334 362 367 466257 93 154 119 110239 66
114 A 584959 473745 252 298 240 110140 71 82 65 66
115 T 591956 545 474307 591 550 154 115398 188 136 87
116 T 599717 525 478613 603 642 136 118781 162 168 87
117 C 602364 712 528 486343 533 174 168 113705 129 72
118 T 610245 528 493576 532 476 165 114611 144 138 75
119 A 616868 500094 556 333 656 114650 152 105 181 141
120 C 625302 624 601 508442 521 186 181 114553 117 77
121 A 633851 513444 541 544 437 118399 142 141 111 92
122 T 640474 592 520521 552 484 168 117806 145 118 88
123 C 648566 742 532 529834 439 212 149 116462 108 88
124 C 657247 693 573 535763 480 184 125 119240 101 88
125 A 666230 541362 570 560 644 122545 144 165 167 73
126 A 673121 547963 489 558 505 123110 153 159 111 73
127 A 678982 556595 486 598 452 120342 130 144 144 91
128 T 685389 531 565649 569 482 163 117660 129 110 96
129 G 689587 658 486 571 574472 152 186 180 112790 92
130 T 696334 444 582770 611 376 98 111475 147 99 314
131 G 702083 719 720 411 590955 177 174 91 108757 79
132 C 710541 714 777 594026 332 162 171 114193 83 83
133 A 720030 604196 386 375 387 113974 81 139 87 405
134 C 726927 364 418 610779 368 99 113 114635 65 86
135 C 734989 520 410 618075 324 104 222 115150 92 92
136 G 741717 799 729 652 624265 191 262 160 114580 79
137 A 748237 630236 530 634 503 115828 140 155 118 93
138 A 756126 637057 609 607 494 116746 142 184 129 158
139 C 761873 457 437 645514 374 136 96 114707 80 72
140 T 771039 481 653646 637 337 105 115530 143 64 96
141 C 778058 1192 504 658937 390 252 120 116500 82 81
142 A 787311 664005 637 528 620 121022 146 125 124 104
143 A 792223 668338 478 463 647 121863 111 110 107 106
144 A 798781 670266 755 438 510 126270 177 95 109 161
145 C 804755 956 795 675241 763 198 176 126380 156 90
146 T 812123 998 677802 1089 795 216 130684 223 171 145
147 C 818346 1795 843 683473 749 376 200 130638 177 95
148 A 822621 690203 1247 1255 1332 127680 293 272 223 116
149 G 826818 1116 1113 1222 696402 242 226 250 126152 95
150 T 833214 1242 701828 1004 1211 237 126615 207 256 614
151 G 838517 721 933 560 710239 140 267 127 125434 96
152 A 842595 716322 749 596 624 123723 158 122 158 143
153 T 849167 683 720186 733 536 182 126446 177 106 118
154 T 856093 869 723722 823 621 185 129460 176 132 105
155 A 863830 732310 823 764 759 128539 181 165 170 119
156 T 870685 848 738779 935 697 194 128794 206 115 117
157 G 875010 796 1424 537 748176 168 314 95 123409 91
158 A 880445 755692 589 648 969 121863 270 113 174 127
159 G 881289 743 838 594 759796 167 265 92 118689 105
160 G 884594 734 672 822 764953 135 156 152 116848 122
161 G 887386 856 772 670 770470 156 151 115 114083 113
162 A 891929 774946 643 758 594 114353 145 144 127 219
163 C 896342 655 841 776523 500 177 175 117258 113 100
164 G 902714 785 892 696 774778 203 277 185 124802 96
165 G 901825 672 652 676 778658 128 145 152 120637 105
166 T 906270 658 782078 920 723 112 121188 149 195 247
167 T 912861 727 784149 836 698 136 125925 141 135 114
168 G 914544 776 831 799 786958 182 283 171 124432 112
169 A 918821 791577 720 718 577 124649 154 130 160 136
170 T 923784 762 795577 863 517 220 125426 168 115 136
171 C 929185 893 629 802616 552 169 230 123879 108 109
172 C 936960 845 1048 802729 837 275 236 130699 146 145
173 A 943681 805319 885 1194 867 134584 204 373 138 117
174 A 946070 803819 934 770 812 139095 224 146 149 121
175 A 949844 802313 1009 841 844 144139 251 165 172 110
176 A 951931 802562 1067 846 875 145709 259 276 193 144
177 C 955897 1138 1023 803938 657 380 281 148221 134 125
178 A 958884 807302 587 486 551 149323 140 150 220 125
179 G 957461 535 1107 480 809819 145 284 229 144760 102
180 C 959062 786 469 807939 579 197 204 148625 166 97
181 T 963798 534 808653 638 588 127 152857 152 132 117
182 T 968330 665 815144 622 577 219 150681 173 119 130
183 A 972243 817595 730 610 544 152162 201 137 128 136
184 A 975728 820645 635 839 673 152277 147 229 160 123
185 C 980944 643 660 823791 653 298 158 154461 160 120
186 A 987569 827309 634 824 690 157475 150 189 159 139
187 A 987525 831107 614 537 475 154223 163 115 157 134
188 T 990438 516 835601 692 437 178 152592 182 101 139
189 A 995685 839933 498 514 859 153221 243 113 183 121
190 G 994268 723 1123 719 842970 176 255 161 148022 119
191 A 997429 845482 667 818 687 149068 228 187 148 144
192 G 998306 707 1051 645 850950 162 231 128 144309 123
193 A 1001493 849520 850 624 762 149019 251 133 163 171
194 G 1001005 824 985 687 848222 183 214 162 149597 131
195 A 1004281 852114 682 621 661 149602 177 145 136 143
196 A 1006162 858294 418 196 222 146697 83 41 74 137
197 T 1009798 318 857797 317 269 100 150612 66 72 247
198 G 1009193 424 456 264 857679 107 188 60 149736 279
199 G 1009608 241 233 123 853431 109 67 26 155196 182
200 T 1011408 167 850837 226 250 71 158073 60 79 1645
201 G 1015849 582 580 137 851419 141 166 105 162585 134
202 C 1018665 795 589 850725 399 187 200 165568 81 121
203 T 1027077 538 849733 747 368 249 175019 170 87 166
204 C 1032750 900 509 853701 382 269 152 176652 75 110
205 T 1038254 712 847079 1021 636 255 187870 387 146 148
206 C 1041029 1188 675 844106 656 314 181 193616 176 117
207 T 1046223 797 840818 1011 542 319 202185 250 167 134
208 G 1045506 688 1023 248 838615 284 309 83 204164 92
209 C 1045942 659 388 833084 415 214 215 210695 153 119
210 T 1052287 381 831904 441 361 141 218654 164 110 131
211 T 1056648 639 829965 659 504 209 224168 182 201 121
212 T 1054989 629 828088 577 492 186 224625 141 127 124
213 T 1058122 610 821949 684 497 186 233688 203 199 106
214 G 1052350 589 659 537 820314 290 277 164 229401 119
215 A 1048425 817940 636 498 638 227966 182 208 224 133
216 C 1049180 432 957 817913 535 229 503 228272 234 105
217 G 1050500 567 735 424 819302 266 282 213 228607 104
218 A 1050549 824847 515 455 516 223503 220 150 199 144
219 A 1054768 825911 515 406 538 226720 263 122 182 111
220 A 1051749 830317 345 324 511 219611 207 112 188 134
221 G 1046653 364 579 385 834990 137 320 117 209654 107
222 G 1045807 402 660 194 841543 189 217 81 202423 98
223 A 1043765 840645 441 557 520 200958 163 105 220 156
224 G 1038527 432 607 574 839861 174 162 163 196432 122
225 A 1035816 839750 374 535 452 194192 91 125 157 140
226 A 1034849 839540 354 344 381 193827 82 79 112 130
227 A 1032547 836826 328 418 375 194174 125 103 81 117
228 T 1032401 373 838458 487 251 196 192281 108 62 185
229 A 1033236 835475 513 419 546 195717 179 127 146 114
230 A 1029973 836743 556 484 403 191292 145 122 101 127
231 A 1029753 840658 516 454 413 187216 162 116 102 116
232 T 1032158 635 840058 853 615 242 189230 219 144 162
233 A 1030882 843789 515 789 926 182137 179 230 236 2081
234 C 1033211 766 656 852058 615 188 215 178461 147 105
235 C 1034878 898 754 854079 704 275 229 177630 194 115
236 T 1039670 850 847484 903 610 263 189048 250 134 128
237 T 1043729 831 845853 903 515 313 194801 220 163 130
238 G 1038765 1104 1464 1023 842519 353 497 234 191451 120
239 A 1039995 839263 1189 1039 1189 196263 327 262 335 128
240 A 1040507 837618 1125 1205 1049 198336 401 335 301 137
241 G 1035186 882 1085 948 838145 286 296 253 193183 108
242 A 1039023 839888 845 932 859 195647 246 239 238 129
243 A 1038217 839760 966 1022 712 194907 253 281 165 151
244 C 1037848 667 667 840050 608 253 211 195105 175 112
245 A 1045671 839036 569 607 834 203905 190 194 217 119
246 T 1047571 669 837839 665 697 221 206883 187 222 188
247 C 1049600 1137 922 836390 764 314 361 209385 204 123
248 C 1053344 1035 941 837232 840 403 258 212284 234 117
249 C 1059203 1251 954 840570 820 458 276 214531 217 126
250 A 1064460 845365 737 755 917 215850 219 226 234 157
251 G 1061327 839 713 728 850649 248 193 188 207653 116
252 T 1059345 854 856763 951 500 213 199197 204 236 427
253 G 1052700 575 1532 541 854605 155 478 140 194565 109
254 C 1049755 946 992 857587 488 215 423 188726 233 145
255 G 1044912 762 858 610 860237 214 291 263 181559 118
256 G 1041638 661 1101 652 855098 136 319 123 183439 109
257 G 1036498 805 910 582 855369 177 242 125 178153 135
258 G 1033082 773 861 646 854938 255 208 138 175163 100
259 A 1032177 856631 678 834 964 172345 145 159 269 152
260 A 1032187 863209 708 877 1032 165574 333 140 204 110
261 A 1029703 863871 671 943 1092 162156 183 170 493 124
262 G 1024280 1330 1155 1197 863466 432 465 220 155832 183
263 A 1023481 866374 1295 1092 1094 152493 539 214 230 150
264 T 1022730 1103 869881 1099 966 250 148590 460 181 200
265 C 1021670 1561 1447 866441 1461 326 455 149595 275 109
266 C 1022921 1532 1463 863998 1566 397 466 153068 319 112
267 T 1024963 1500 862982 1565 1494 438 156165 409 293 117
268 A 1025606 862187 1537 963 1602 158371 336 173 305 132
269 A 1024091 864875 1536 1303 1353 154048 300 244 295 137
270 G 1020406 1288 1608 1275 865420 340 286 228 149769 192
271 A 1021169 864996 1093 1168 966 152148 209 206 247 136
272 A 1020635 861275 1151 976 998 155471 285 180 181 118
273 A 1019622 860376 1120 984 972 155467 232 163 178 130
274 A 1016519 860358 456 451 413 154332 103 128 104 174
275 C 1015978 461 406 860681 353 157 125 153583 71 141
276 T 1019304 426 860748 644 354 101 156641 138 106 146
277 G 1015593 663 733 517 861319 160 299 108 151668 126
278 G 1013649 591 700 560 861392 161 188 130 149803 124
279 A 1013460 861496 527 662 1076 148936 172 168 258 165
280 G 1011672 554 686 444 862403 149 165 97 147051 123
281 G 1009512 517 540 406 861190 137 170 120 146303 129
282 A 1006700 859047 432 438 473 145443 117 120 105 525
283 C 1006339 294 383 857182 295 80 117 147778 79 131
284 C 1007119 680 361 855268 257 190 141 150077 47 98
285 T 1010159 353 852193 741 303 141 156103 140 53 132
286 A 1011121 851088 710 513 591 157637 195 124 125 138
287 T 1008846 689 849632 567 638 167 156769 137 139 108
288 A 1009126 850891 636 528 661 155832 167 112 158 141
289 T 1006376 647 847501 678 415 165 156575 172 93 130
290 A 1006040 846852 519 617 554 156824 170 140 132 232
291 C 1004840 535 579 849034 480 168 184 153622 104 134
292 A 1005182 845095 532 751 729 157424 193 150 175 133
293 G 1001990 513 765 630 842654 118 243 142 156835 90
294 G 1000237 552 910 541 840571 121 203 113 157137 89
295 A 998990 836895 672 775 700 159258 232 150 140 168
296 G 995649 605 1155 790 834457 146 245 187 157943 121
297 A 991840 833097 453 783 721 156229 111 155 165 126
298 G 989710 663 540 725 833165 161 128 153 154068 107
299 T 988842 489 829173 843 360 346 151852 221 226 5332
300 A 989494 832825 426 697 525 154520 119 137 112 133
301 A 990159 833050 252 370 330 155815 67 89 84 102
302 A 988539 831404 338 441 308 155661 80 109 63 135
303 C 989184 352 547 830840 219 138 194 156696 66 132
304 G 989043 637 544 508 828518 157 159 108 158298 114
305 G 986789 462 491 532 828559 124 125 118 156248 130
306 A 988071 828062 400 533 395 158229 93 135 90 134
307 A 987830 826733 457 696 409 159059 124 141 96 115
308 A 989728 826725 486 543 574 160887 130 123 135 125
309 G 987251 580 480 579 824916 162 151 150 160120 113
310 T 987463 476 823442 656 365 170 161111 138 122 983
311 G 984285 665 648 572 819104 146 215 118 162690 127
312 G 978876 651 687 578 815542 142 166 121 160893 96
313 A 974447 815107 389 534 449 157476 109 113 97 173
314 T 977912 452 819590 660 245 103 156455 152 61 194
315 G 973354 451 964 584 820692 145 234 110 150056 118
316 A 970115 817851 381 565 467 150324 206 90 86 145
317 G 966270 357 571 601 812569 93 128 111 151726 114
318 A 965342 810299 320 541 388 153308 164 103 86 133
319 G 961687 200 302 129 811037 54 109 36 149705 115
320 A 960234 806560 165 68 220 152946 53 30 50 142
321 A 956482 805033 114 58 270 150616 50 24 46 271
322 C 954069 150 225 806579 160 70 60 146687 36 102
323 T 954139 188 801229 473 185 73 151676 105 56 154
324 C 954933 975 194 798464 185 244 81 154659 38 93
325 A 955862 797474 229 178 258 157387 59 52 71 154
326 T 954492 267 793892 332 129 68 159515 80 41 168
327 C 954640 389 189 788011 166 135 71 165539 44 96
328 C 958721 352 185 784868 125 221 68 172705 47 150
329 T 960832 115 783845 216 105 112 176226 68 23 122
330 T 959170 134 778487 164 98 65 179983 88 22 129
331 T 955850 213 775090 380 127 82 179724 84 45 105
332 A 949164 770205 155 288 236 177945 102 55 72 106
333 T 946836 289 768931 332 139 85 176813 76 44 127
334 G 939994 490 534 454 763496 163 237 152 174391 77
335 A 936261 759798 398 458 491 174489 134 161 142 190
336 C 936769 435 383 755195 319 233 133 179751 118 202
337 A 939985 750035 398 460 420 188175 149 127 125 96
338 A 938284 746357 426 423 419 190121 153 118 129 138
339 A 939237 743305 464 422 335 194123 205 140 134 109
340 G 937441 328 443 459 744069 190 145 187 191515 105
341 A 937809 744356 320 422 273 191930 105 166 121 116
342 A 937574 743956 282 440 324 192047 147 150 127 101
343 G 935723 469 509 466 748838 222 164 124 184818 113
344 A 933100 742770 411 386 472 188544 132 116 161 108
345 A 928808 737498 498 252 400 189666 137 109 143 105
346 A 924829 734387 800 865 683 187248 264 266 213 103
347 T 926179 812 728215 939 598 332 194637 251 223 172
348 A 927807 727897 817 846 761 196557 308 301 229 91
349 A 928248 729105 670 600 741 196371 249 163 239 110
350 G 923242 752 838 552 732094 270 247 157 188224 108
351 G 917022 585 922 664 731416 190 251 222 182676 96
352 C 913430 857 463 732136 405 249 240 178789 173 118
353 G 916202 543 675 508 731368 260 211 171 182371 95
354 A 914539 731655 497 452 424 180976 197 109 126 103
355 A 914340 728062 384 288 359 184791 116 78 152 110
356 T 911662 361 726797 539 282 127 183179 150 87 140
357 C 909972 543 391 728353 289 164 155 179860 112 105
358 T 916720 434 729079 700 504 229 185332 172 142 128
359 G 909788 503 547 440 729377 160 186 117 178362 96
360 G 904168 455 923 395 728274 151 236 138 173493 103
361 C 903679 919 708 727972 561 256 260 172678 176 149
362 G 899903 863 903 679 728379 239 245 231 168258 106
363 C 900633 931 497 732254 553 209 140 165803 150 96
364 C 905362 1297 1081 729998 1056 329 300 170936 252 113
365 A 909159 723502 964 1274 1204 181226 258 337 286 108
366 A 907043 718603 1032 1197 1197 184008 278 322 279 127
367 G 903798 1093 1243 1041 723504 336 376 293 175811 101
368 C 902059 1528 907 728757 1360 444 281 168305 372 105
369 T 904552 953 733862 1387 1325 288 165945 369 323 100
370 A 903745 732334 951 854 955 167741 303 207 291 109
371 A 903252 731603 980 924 829 168001 284 261 261 109
372 T 905298 1042 734582 903 914 346 166919 229 248 115
373 A 908405 737143 1313 1209 1175 166385 415 323 333 109
374 A 907615 735154 1238 1265 1188 167583 395 340 352 100
375 T 907030 1534 731599 1135 1339 500 170083 334 395 111
376 G 906880 1574 1501 1227 729627 412 508 357 171577 97
377 G 903035 1582 1188 1412 730098 434 353 395 167473 100
378 T 903436 1449 732307 1459 1429 411 164633 389 467 892
379 G 903381 1274 1498 1136 734821 361 462 329 163395 105
380 A 900949 736039 1189 1167 1282 160174 307 304 336 151
381 C 900325 1290 1645 736705 1143 408 539 158196 293 106
382 G 902489 1191 1041 806 737746 353 401 218 160640 93
383 A 901106 741904 874 931 769 155819 245 201 228 135
384 T 903424 932 741089 1003 876 246 158712 245 211 110
385 G 899040 1235 1016 1031 739917 318 288 268 154868 99
386 C 899187 1229 1474 740837 793 349 366 153834 192 113
387 A 905902 746508 816 1141 824 155817 208 299 179 110
388 A 901226 747911 828 1083 852 149798 177 245 187 145
389 C 901969 1243 897 749401 790 327 285 148716 211 99
390 G 907124 1103 1010 1098 750146 244 236 235 152944 108
391 G 902268 1391 1438 983 749078 322 320 219 148415 102
392 C 905481 1699 1166 746794 1103 369 265 153708 277 100
393 T 909866 1196 747611 1139 991 317 157982 269 218 143
394 G 903999 957 886 896 745941 222 247 215 154537 98
395 G 900531 889 802 922 745026 232 209 196 152164 91
396 T 900327 973 742457 1043 906 228 151573 242 470 2435
397 C 899484 1084 913 744022 843 263 215 151852 179 113
398 T 904653 1013 743159 1309 852 298 157379 301 173 169
399 G 901582 1077 1088 923 744965 256 298 210 152608 157
400 A 902847 748039 1112 1072 1155 150359 305 223 271 311
401 C 904891 1391 1049 748301 939 346 268 152230 206 161
402 T 912388 1305 751821 1285 917 288 156051 320 197 204
403 C 914249 2122 1245 750093 1078 526 335 158452 282 116
404 A 917816 753867 1251 1002 1137 159388 316 291 259 305
405 C 920631 1276 1224 758290 1127 372 321 157635 244 142
406 A 924260 758870 1392 992 1318 160628 368 273 297 122
407 T 928158 1302 762256 1229 1132 334 161157 320 249 179
408 G 925140 1227 1644 1063 770438 282 438 266 149625 157
409 A 924193 774973 721 707 711 146385 193 161 156 186
410 T 926147 936 773709 814 545 239 149323 195 140 246
411 G 927439 789 873 642 775971 195 290 159 148391 129
412 A 928167 778200 515 641 644 147549 149 164 135 170
413 T 929236 644 782838 674 601 172 143791 153 134 229
414 C 930878 705 573 781177 515 186 174 147284 147 117
415 T 935659 510 782758 716 355 187 150717 164 99 153
416 G 931243 600 502 353 784510 159 206 85 144691 137
417 G 927743 609 568 407 787311 136 160 118 138345 89
418 C 928270 1085 762 786781 534 263 208 138335 141 161
419 A 931815 788476 543 680 619 140751 142 185 160 259
420 T 932308 708 789022 619 556 174 140821 164 119 125
421 T 932981 642 790741 535 675 162 139780 153 163 130
422 C 934826 856 568 792951 609 230 164 139191 136 121
423 C 938136 854 620 791104 469 291 145 144412 119 122
424 A 939962 789725 611 505 534 148038 156 129 141 123
425 A 938614 790418 576 501 583 145987 172 134 137 106
426 T 940659 687 794278 469 439 192 144249 104 101 140
427 T 944748 569 796003 445 471 134 146790 98 120 118
428 T 945724 590 794839 557 418 132 148793 147 114 134
429 G 944283 607 814 455 794823 137 299 125 146816 207
430 A 944388 796785 488 417 539 145635 131 103 140 150
431 A 944433 795196 490 466 449 147384 143 114 97 94
432 T 945398 432 791886 557 350 119 151654 157 83 160
433 G 941370 687 918 681 791993 188 297 159 146314 133
434 A 940543 793754 732 581 695 144093 167 169 197 155
435 T 940523 737 793131 743 612 208 144597 215 129 151
436 G 941504 537 490 422 792292 168 144 106 147206 139
437 C 942961 761 662 791002 307 217 136 149622 91 163
438 A 947674 791984 333 416 406 154078 78 143 80 156
439 A 947319 791799 437 676 600 153134 168 169 154 182
440 C 947717 590 497 790913 587 209 201 154435 131 154
441 T 952428 591 789960 689 540 178 160002 181 138 149
442 T 953237 570 787672 738 516 163 163080 232 145 121
443 A 952008 788668 491 647 569 160964 165 239 117 148
444 T 952583 611 787102 731 572 154 162844 189 214 166
445 C 956349 750 542 788113 530 210 152 165671 243 138
446 A 962441 788146 467 558 987 171506 264 140 226 147
447 G 961719 547 1040 510 791289 166 304 137 167574 152
448 A 961289 783759 443 493 787 175036 158 231 211 171
449 G 957166 741 614 632 780686 202 244 201 173731 115
450 G 952539 464 679 564 779498 230 189 177 170634 104
451 A 951262 775564 991 1125 991 171352 255 274 274 436
452 C 950153 993 958 776729 877 282 267 169713 189 145
453 A 952566 778446 957 1013 1083 170179 303 228 223 134
454 A 951567 779444 991 1259 1145 167751 311 275 269 122
455 G 948914 1085 1181 1187 777412 422 304 311 165022 1990
456 A 948854 783998 875 1184 950 160940 197 315 229 166
457 G 946326 692 1067 640 790137 222 234 166 153041 127
458 C 946102 970 670 787117 602 268 184 156017 170 104
459 T 950556 576 787808 806 565 181 160081 201 137 201
460 C 951717 1313 863 789077 743 321 203 158670 154 373
461 T 956425 1028 794013 908 725 252 159024 201 149 125
462 T 957435 1021 789233 958 745 246 164736 195 176 125
463 G 955287 1110 1090 1219 785699 298 335 290 165033 213
464 T 954892 1249 781601 1040 1142 337 168795 271 293 164
465 T 954997 1222 778077 904 1287 365 172395 332 295 120
466 C 955454 1395 1390 778756 1324 421 330 171396 300 142
467 G 956446 1390 1421 1619 780382 459 427 363 170230 155
468 C 958574 1448 1361 789928 1090 328 310 163765 243 101
469 A 962056 789984 1057 842 1060 166751 337 291 309 1425
470 C 961360 1018 1001 787783 971 277 278 169578 347 107
471 C 964887 1266 1112 785994 625 462 354 174798 177 99
472 G 971267 1577 1232 1145 783480 480 507 345 182368 133
473 G 968492 1373 1286 1114 785750 423 385 321 177751 89
474 A 967650 785617 1188 1068 1116 177550 345 310 305 151
475 A 965387 785105 1310 1215 917 175771 383 266 283 137
476 T 966571 1417 784842 1157 1018 421 176960 287 297 172
477 G 963765 1508 1412 1151 784728 426 487 301 173642 110
478 G 960925 1602 1632 1255 788720 395 397 341 166484 99
479 A 961500 791606 1310 1530 1257 164620 365 352 305 155
480 T 963352 1587 794062 1417 1384 389 163640 382 279 212
481 C 967426 1404 1297 796418 1085 351 364 166103 303 101
482 C 969378 1532 1114 800582 1024 401 290 164050 280 105
483 C 975226 1843 1120 801437 981 620 302 168587 221 115
484 A 978961 802225 1674 1507 2005 170056 494 353 488 159
485 G 977853 2113 1956 1349 803480 532 538 345 167415 125
486 G 976134 2161 1986 1213 805897 542 485 321 163420 109
487 A 976935 811258 1201 788 1284 161405 325 177 311 186
488 T 978459 1422 811092 841 1244 360 162848 217 277 158
489 G 977222 1454 1171 895 812242 354 337 246 160398 125
490 T 979047 1021 811738 838 730 237 163683 204 221 375
491 G 978722 1390 1217 751 810923 377 340 192 163428 104
492 C 981197 1169 822 809351 930 319 246 167994 244 122
493 T 989201 966 807991 793 961 257 177637 215 237 144
494 C 995071 1637 915 807446 820 452 257 183143 214 187
495 T 1000054 1199 811682 773 901 387 184574 217 203 118
496 C 1000642 1564 1048 809899 679 460 319 186366 188 119
497 T 1006156 1274 811527 1029 729 433 190550 271 205 138
498 G 1002888 1217 1432 797 815971 366 464 215 182325 101
499 A 1004727 819589 1226 1078 950 180867 312 281 281 143
500 T 1007871 1158 821672 1176 1030 333 181839 287 224 152
501 G 1007868 1720 1387 918 817507 477 388 292 185067 112
502 C 1005609 1659 1010 818706 852 470 278 182267 249 118
503 A 1010832 821689 1001 954 973 185254 308 245 267 141
504 A 1011949 825262 1065 893 941 182807 329 242 261 149
505 G 1009694 912 878 652 826258 273 237 181 180197 106
506 G 1007405 812 826 646 825514 250 246 186 178819 106
507 T 1005764 775 825988 700 762 223 176366 203 337 410
508 T 1007264 823 830903 1186 889 221 172646 295 183 118
509 C 1008608 1234 966 832878 800 361 306 171748 200 115
510 A 1012502 831824 854 1078 1085 176785 191 288 266 131
511 A 1012485 833281 524 812 234 176610 179 243 108 494
512 C 1011893 437 603 837823 445 174 224 171959 114 114
513 T 1015893 508 834640 636 398 168 178921 255 124 243
514 C 1016690 1523 939 833065 782 389 268 179410 220 94
515 T 1022842 885 832974 997 893 348 185952 313 209 271
516 C 1024863 1110 995 834012 977 323 301 186824 234 87
517 C 1029295 1834 1546 830779 1358 588 361 192388 351 90
518 C 1032773 1905 1529 834051 1412 622 444 192384 329 97
519 T 1041312 1772 835395 1447 1343 558 199950 435 311 101
520 A 1044678 832876 1215 1251 1069 207017 419 407 298 126
521 G 1039607 1186 1468 1060 831573 364 446 292 203097 121
522 G 1039252 1163 1415 1218 835356 381 390 327 198869 133
523 A 1040672 836355 684 907 833 201002 196 210 308 177
524 G 1040190 808 957 837 836289 282 292 215 200393 117
525 G 1040111 648 806 832 841822 203 225 226 195279 70
526 T 1040916 929 836952 1039 670 322 197778 328 601 2297
527 C 1042479 1078 722 840642 784 331 267 198346 209 100
528 T 1046784 1113 846098 1889 713 344 195844 485 192 106
529 G 1047328 1102 1296 1134 850868 294 423 291 191811 109
530 G 1044331 1237 1436 771 855039 355 363 188 184818 124
531 A 1047418 860794 952 1125 1207 182307 209 279 328 217
532 G 1044896 1431 2001 965 862418 364 466 266 176887 98
533 C 1046511 1670 1360 866502 1261 373 372 174561 282 130
534 C 1052917 1418 1144 875267 942 329 308 173152 221 136
535 G 1056735 1262 1297 712 879697 411 343 227 172642 144
536 C 1059038 1732 884 874536 559 464 292 180280 164 127
537 A 1066990 875590 741 874 1705 186936 309 229 430 176
538 G 1063308 965 1243 956 877508 255 345 236 181708 92
539 G 1061710 1017 1135 1073 876332 282 268 286 181208 109
540 T 1064728 1089 873143 1200 924 321 185330 302 287 2132
541 G 1062790 1523 1682 1160 871567 427 491 291 185541 108
542 C 1063918 1437 1470 873084 1256 345 352 185541 318 115
543 T 1069363 1125 879920 1861 1171 305 184118 451 257 155
544 G 1073230 1443 1445 1011 879013 433 378 280 189124 103
545 C 1076522 1470 1576 877683 948 470 438 193556 252 129
546 A 1080977 881527 841 1155 1270 195119 259 301 331 174
547 G 1075755 898 748 853 880549 267 275 210 191841 114
548 T 1080017 755 883481 919 824 282 193057 239 231 229
549 C 1084773 936 1028 890011 905 332 305 190823 230 203
550 A 1088030 893869 1126 905 1123 190024 308 264 282 129
551 A 1087630 899626 1118 961 1070 183900 346 200 269 140
552 A 1090676 907307 1200 1105 1472 178509 331 266 343 143
553 G 1091521 1025 1229 987 903519 298 469 275 183612 107
554 G 1091764 1100 1447 866 903934 328 462 245 183271 111
555 A 1092792 906252 1085 1010 1034 182222 294 299 391 205
556 G 1089265 835 912 962 907497 226 297 239 178175 122
557 T 1090559 729 910377 1095 639 287 176578 278 219 357
558 T 1093306 713 916340 1143 755 214 173455 319 211 156
559 G 1090360 808 906 724 916892 218 379 172 170126 135
560 G 1088139 849 934 751 919782 281 231 143 165049 119
561 A 1090439 921627 769 799 992 165510 203 184 216 139
562 A 1091865 919516 807 910 689 169174 189 258 155 167
563 C 1094588 717 746 923577 683 250 181 168143 157 134
564 A 1096729 926400 760 798 762 167294 196 211 160 148
565 A 1096710 928956 763 836 845 164619 193 175 176 147
566 T 1099623 775 932272 772 795 215 164303 144 213 134
567 G 1097465 837 991 771 934729 192 262 204 159355 124
568 G 1094412 622 651 759 934562 170 171 164 157205 108
569 T 1095265 634 929870 764 627 169 160045 178 199 2779
570 G 1093219 745 996 712 934011 203 273 197 155972 110
571 A 1092205 933167 701 757 648 156352 140 148 137 155
572 T 1092040 589 933166 939 611 122 156122 188 130 173
573 G 1093106 745 898 731 934312 166 241 128 155751 134
574 G 1092824 512 697 538 932176 138 164 123 158338 138
575 A 1093731 929146 453 493 612 162497 109 86 146 189
576 A 1089869 932705 444 496 539 155229 115 86 119 136
577 T 1088867 517 937022 783 541 112 149514 142 106 130
578 T 1090544 570 938380 939 496 129 149641 169 99 121
579 G 1089663 646 827 783 939308 137 240 157 147432 133
580 G 1085902 540 724 1241 938563 115 210 232 144160 117
581 T 1085430 686 936344 1138 737 154 145666 242 176 287
582 C 1089681 940 752 932357 652 266 174 154250 158 132
583 A 1093051 929474 1231 1207 1323 158800 320 253 269 174
584 G 1088899 1042 1451 1189 930407 246 356 239 153861 108
585 A 1088627 928783 1291 1221 1045 155426 255 265 176 165
586 A 1088081 929443 611 747 743 155921 140 185 159 132
587 T 1087179 532 928150 682 759 131 156416 148 173 188
588 G 1082559 664 865 475 926909 150 285 143 152950 118
589 A 1080552 927041 751 717 735 150669 157 159 178 145
590 T 1078996 641 924101 779 754 153 152151 136 140 141
591 C 1081159 738 825 921124 632 274 209 157064 145 148
592 A 1087069 922987 633 396 664 161910 145 78 137 119
593 A 1087166 921188 528 453 695 163847 101 90 134 130
594 A 1084129 917722 477 615 564 164256 119 115 112 149
595 C 1082072 870 994 911275 826 193 226 167390 186 112
596 G 1082292 908 944 818 914596 187 237 195 164298 109
597 T 1081934 698 914254 1023 942 143 164012 205 199 458
598 G 1081553 469 1007 476 918352 115 317 94 160596 127
599 G 1078821 444 684 440 915246 100 225 104 161452 126
600 G 1075381 600 639 491 911171 150 144 106 161968 112
601 A 1072894 910146 670 702 763 159973 167 131 179 163
602 T 1069722 631 907687 711 629 153 159391 186 130 204
603 C 1070390 600 710 904192 671 214 195 163500 138 170
604 A 1067826 903190 739 697 1061 161426 196 178 193 146
605 A 1064711 899990 715 775 844 161757 193 155 167 115
606 T 1065386 750 898587 890 716 167 163757 197 161 161
607 G 1066670 1375 1661 1415 898963 346 484 340 161968 118
608 A 1061800 897780 1630 1659 1614 157870 387 369 340 151
609 T 1060236 1389 896563 1547 1573 323 158017 367 316 141
610 C 1059788 1566 1851 893774 2004 380 453 159197 427 136
611 G 1062365 1629 1939 1391 892531 458 464 310 163522 121
612 G 1058006 1491 1848 1405 891323 328 409 296 160793 113
613 A 1058624 887154 1447 1452 1472 166006 318 263 360 152
614 A 1057577 879151 1228 1597 1352 173036 303 370 311 229
615 C 1057673 1169 1208 871512 1266 324 329 181427 310 128
616 T 1057050 815 869193 1183 1214 207 183705 308 295 130
617 T 1052940 862 864765 1329 1124 201 183886 346 284 143
618 C 1048972 942 883 863154 1255 260 318 181755 275 130
619 T 1052416 1074 853929 1729 1568 289 192923 404 366 134
620 G 1047052 975 1331 1590 849919 291 474 327 192037 108
621 G 1041930 1080 1842 1442 844881 283 470 368 191444 120
622 A 1040851 841501 840 1130 1404 194730 284 236 445 281
623 G 1036348 832 1368 1005 836565 253 379 214 195635 97
624 G 1034636 784 1309 891 832319 232 373 211 198394 123
625 G 1028919 809 1034 1285 833437 161 290 318 191477 108
626 G 1025696 839 900 1125 832385 197 292 260 189579 119
627 T 1026017 823 818685 1353 1275 395 194253 438 961 7834
628 G 1023200 843 1262 882 825225 271 337 247 194028 105
629 A 1023785 822738 880 975 1398 196655 315 251 396 177
630 G 1017207 832 838 1050 823778 285 266 284 189755 119
631 A 1014597 821420 840 1301 940 189161 197 301 305 132
632 A 1011630 817923 953 1128 1045 189671 272 258 253 127
633 T 1011440 711 817292 1203 925 185 190413 303 264 144
634 G 1007411 1064 1097 1182 818850 261 450 295 184120 92
635 G 1004909 924 1157 1143 815900 272 299 272 184836 106
636 A 1001699 813567 881 1254 1402 183434 249 360 393 159
637 C 1001561 752 1077 812077 1005 291 367 185539 313 140
638 G 999932 951 1099 1084 805582 339 368 371 189991 147
639 A 999523 803221 910 1252 986 192108 293 303 334 116
640 A 1000078 799026 1077 1330 1349 196122 338 350 375 111
641 A 998061 792679 1039 1291 1432 200451 341 325 397 106
642 A 993574 791460 1121 1235 1351 197242 324 378 328 135
643 A 990848 791709 322 480 444 197287 132 178 135 161
644 C 988553 392 306 792817 375 272 110 194038 128 115
645 A 990097 787222 290 477 548 201027 100 178 148 107
646 A 987220 784057 276 392 614 201348 120 104 206 103
647 G 985391 250 447 361 782550 165 168 133 201193 124
648 A 983116 781230 243 344 509 200285 104 105 171 125
649 A 978589 777090 325 400 406 199851 144 131 154 88
650 T 978043 382 776153 436 401 158 200077 154 145 137
651 T 978140 341 775588 472 443 137 200725 168 151 115
652 G 974353 267 698 359 776385 94 288 162 195989 111
653 C 972958 476 320 775654 367 182 167 195556 137 99
654 T 976329 220 778836 456 340 104 195981 171 113 108
655 T 979889 208 783831 424 263 121 194738 130 79 95
656 A 977336 784431 284 267 389 191561 102 80 104 118
657 T 979396 313 784671 402 279 103 193298 98 89 143
658 G 978663 134 298 92 788750 80 186 41 188975 107
659 A 980886 789608 77 63 208 190670 50 27 67 116
660 A 980712 793314 81 59 182 186831 30 29 79 107
661 A 982356 793089 124 140 243 188437 102 30 79 112
662 G 981252 194 260 149 793812 87 109 63 186338 240
663 A 980714 791091 94 144 210 188893 65 51 62 104
664 A 976847 786451 262 190 305 189314 70 59 86 110
665 T 974041 199 782790 264 277 57 190160 88 84 122
666 G 970613 297 301 186 782789 95 113 66 186664 102
667 T 969887 261 782151 325 233 105 186215 76 70 451
668 G 965294 385 538 175 781088 137 162 56 182629 124
669 C 963955 529 544 781529 199 157 153 180654 67 123
670 A 969291 782653 196 157 371 185551 82 44 109 128
671 A 970166 782162 268 194 305 186843 81 42 101 170
672 C 971264 237 259 784870 192 110 98 185303 62 133
673 A 975537 783892 316 212 364 190318 95 104 123 113
674 T 974626 210 788127 274 347 84 185266 101 94 123
675 T 978859 239 791514 320 361 84 186034 97 84 126
676 C 978974 303 188 793986 250 112 109 183836 67 123
677 T 979975 212 791182 396 228 115 187484 141 76 141
678 C 978702 531 247 790153 169 235 133 187020 62 152
679 A 985372 790902 418 386 580 192514 157 132 159 124
680 A 985905 790940 464 430 543 192949 190 131 146 112
681 A 985039 790076 396 374 705 192822 195 135 210 126
682 G 980035 526 836 502 787142 156 272 165 190347 89
683 G 978677 452 621 645 785985 135 208 171 190338 122
684 G 976100 434 547 614 789165 168 176 165 184702 129
685 A 973077 792573 520 560 667 178164 120 148 190 135
686 A 968696 789773 458 491 644 176800 144 120 153 113
687 A 969736 793830 518 413 607 173823 160 105 150 130
688 T 970458 380 796215 458 512 119 172413 117 124 120
689 T 970837 393 798564 462 466 104 170502 122 106 118
690 T 970692 352 799672 555 483 106 169141 184 93 106
691 C 971109 767 530 800786 480 222 150 167931 126 117
692 A 972299 803418 523 639 1122 165980 135 149 217 116
693 A 973319 806864 599 709 559 164053 123 162 126 124
694 A 972060 808385 500 631 621 161333 120 166 158 146
695 C 972755 538 524 809113 651 161 149 161350 160 109
696 T 977555 539 809346 680 662 132 165718 177 149 152
697 G 975285 679 1155 757 805950 159 351 214 165891 129
698 C 974419 914 704 804580 767 265 222 166679 182 106
699 T 975658 635 805667 860 688 178 167070 217 170 173
700 G 975342 987 750 556 805372 258 202 149 166945 123
701 C 975540 861 643 806571 523 252 154 166279 142 115
702 A 978011 808051 462 502 678 167650 125 190 142 211
703 C 977427 422 575 809809 528 216 124 165369 132 252
704 A 979053 809201 503 569 593 167654 113 177 140 103
705 A 980910 809766 615 510 590 168907 148 126 137 111
706 A 979879 811006 558 636 585 166563 142 144 149 96
707 A 977220 812810 563 453 740 162146 148 103 153 104
708 A 974721 813979 465 685 966 157974 124 169 234 125
709 G 971748 780 903 907 813313 227 261 260 154985 112
710 C 968107 1066 1080 814885 849 302 268 149297 208 152
711 A 966641 816493 798 889 771 146996 182 222 170 120
712 A 962888 814561 806 746 763 145304 200 177 234 97
713 T 960167 749 812531 783 723 208 144676 154 180 163
714 G 958338 615 1147 764 813787 188 394 178 141167 98
715 A 953867 809914 891 813 1005 140510 267 155 183 129
716 T 952695 776 810783 1092 855 165 138467 167 256 134
717 G 949797 999 925 837 807724 301 235 147 138499 130
718 G 945630 1099 1421 1414 806204 363 293 246 134477 113
719 A 942366 802190 1164 1375 1450 135255 236 265 259 172
720 T 938647 1040 802071 1498 1182 253 131832 287 206 278
721 C 936070 1276 1160 799576 1199 334 276 131823 240 186
722 A 935238 801102 1177 1297 1470 129293 245 246 286 122
723 A 930206 796236 1185 1353 1291 129234 254 280 229 144
724 G 925072 1131 1262 1488 793279 253 228 223 127097 111
725 T 924253 1050 792239 1313 1473 286 126613 266 288 725
726 G 919739 1194 1906 1438 791746 247 343 263 122479 123
727 A 914799 790386 1321 1683 1310 119181 297 242 233 146
728 G 908756 1216 1776 1476 790151 225 297 202 113294 119
729 A 906277 787905 1395 1512 1824 112617 318 249 308 149
730 G 900049 1148 1335 1387 782920 233 228 204 112471 123
731 A 895664 779005 1113 1258 1754 111704 192 205 299 134
732 G 887937 1165 1528 1370 771701 239 243 227 111299 165
733 A 885907 766973 970 1438 1550 114085 168 245 278 200
734 G 877902 1141 1664 1410 761967 192 280 246 110805 197
735 C 874346 1274 1699 758443 1448 322 313 110484 261 102
736 C 870472 910 1092 753667 1124 177 290 112447 394 371
737 G 869770 1122 1234 1145 752282 375 345 230 112918 119
738 G 863827 1067 1051 1120 749398 206 185 223 110463 114
739 A 860176 747015 943 1066 1065 109375 167 167 239 139
740 A 854690 741886 1014 1208 961 107548 180 827 177 889
741 C 848730 976 980 736271 836 194 180 109040 137 116
742 C 844135 1140 915 729658 1131 228 169 110611 179 104
743 C 841318 1455 1308 721746 1057 344 233 114882 180 113
744 A 837814 713578 1327 1164 1280 119569 265 240 264 127
745 G 830646 867 1496 1041 706637 172 339 188 119809 97
746 G 825537 788 1045 779 701962 143 215 168 120341 96
747 G 820108 901 903 958 697692 255 179 201 118923 96
748 A 816272 693519 971 594 916 119648 175 119 201 129
749 A 811770 687355 817 788 954 121165 214 144 213 120
750 T 807417 885 683873 731 772 198 120500 129 181 148
751 G 799657 1335 1249 1013 678964 263 235 197 116304 97
752 C 793575 1410 1186 677938 919 261 264 111322 175 100
753 T 791412 1086 674037 1307 1000 201 113221 243 193 124
754 G 787644 513 1422 667 671743 177 268 129 112612 113
755 A 781420 667453 535 539 708 111659 115 115 161 135
756 G 774704 550 586 581 664956 95 152 120 107536 128
757 T 768480 530 662832 908 816 122 102633 164 139 336
758 T 761612 796 657270 787 686 121 101565 149 127 111
759 C 753597 828 769 650384 742 186 223 100224 129 112
760 G 745670 419 616 386 642201 215 136 59 101535 103
761 A 740558 636897 429 315 910 101595 93 70 159 90
762 A 733730 628424 455 390 759 103275 90 72 150 115
763 G 726595 436 583 647 618446 107 154 137 105984 101
764 A 718710 610899 579 642 786 105249 130 149 151 125
765 T 713497 343 606249 751 641 78 105014 173 132 116
766 C 707521 671 971 598199 1034 155 242 105918 240 91
767 T 704884 715 589559 1150 977 253 111632 248 236 114
768 C 698171 1033 777 583052 953 291 211 111556 232 66
769 A 694306 576625 681 803 736 113487 177 295 178 1324
770 C 689021 490 595 570508 591 143 376 114456 156 1706
771 T 684810 555 565566 721 719 131 116714 167 159 78
772 T 682077 697 556845 768 792 175 122323 191 207 79
773 T 675965 663 549861 738 909 160 123156 167 230 81
774 T 670213 643 547778 772 797 167 119603 194 175 84
775 C 662980 632 685 542761 774 143 213 117521 178 73
776 T 656877 605 540135 682 690 197 114160 156 157 95
777 A 648426 535140 608 622 848 110649 117 155 197 90
778 G 637354 431 580 357 530862 96 112 84 104751 81
779 C 631514 585 377 523908 442 163 93 105767 96 83
780 A 626775 518774 313 342 424 105810 71 140 103 798
781 C 619084 299 465 513162 283 127 96 104408 115 129
782 G 610142 298 340 273 507967 92 95 78 100921 78
783 G 603155 248 225 331 501343 63 67 78 100720 80
784 T 596195 289 492891 472 408 105 101604 89 146 191
785 C 588818 376 376 487082 471 121 119 100053 122 98
786 T 581048 301 481246 701 443 109 97917 132 119 80
787 G 571816 746 746 453 473499 196 209 120 95782 65
788 C 562422 704 751 466755 579 180 179 93039 162 73
789 A 557143 449872 482 476 672 97081 134 652 177 7597
790 C 551186 536 759 449603 826 164 234 98753 234 77
791 T 546300 609 441106 757 808 239 102202 237 250 92
792 C 541701 943 652 430911 813 394 239 107367 273 109
793 A 536578 420310 788 738 753 113046 312 267 289 75
794 T 528630 690 413487 720 764 263 112091 236 301 78
795 A 522073 405645 751 660 773 112206 316 231 280 1211
796 T 517285 740 394345 620 785 219 119999 226 284 67
797 T 512811 568 387663 697 935 261 121860 214 485 128
798 G 507478 575 1009 571 384394 275 381 181 120038 54
799 A 499797 380833 626 596 667 116233 251 160 294 137
800 G 493097 742 924 497 376749 285 290 171 113408 31
801 A 488248 367121 659 571 664 113562 256 201 1315 3899
802 G 480267 452 512 387 366920 206 192 119 111433 46
803 G 473346 436 418 258 360450 197 156 111 111255 65
804 G 464507 327 386 347 353525 130 189 115 109422 66
805 T 458121 405 345518 403 467 195 110029 164 341 599
806 C 449978 513 488 334400 474 228 226 109453 910 3286
807 G 443539 512 431 444 332054 260 221 179 109392 46
808 G 433163 660 614 740 325834 278 435 284 103874 444
809 T 427790 624 315995 561 723 262 109007 227 319 72
810 T 422388 679 307025 660 648 251 112491 289 291 54
811 G 413727 1103 1282 972 301548 493 577 409 107231 112
812 C 408018 1158 1089 301470 963 453 452 101993 374 66
813 T 406500 938 289255 1036 1074 463 112008 674 419 633
814 C 404876 1495 1271 281438 1014 881 762 117440 513 62
815 A 403079 278019 1285 1200 1078 119114 724 627 710 322
816 C 398201 1224 1214 276172 1234 2009 683 113578 513 1574
817 A 396888 266699 1441 679 1372 124403 1050 475 713 56
818 A 393618 259539 1328 979 1317 127778 809 948 794 126
819 G 387826 938 1259 935 257243 823 960 538 125052 78
820 T 383441 847 256291 419 543 482 119964 2139 547 2209
821 C 378877 895 814 252680 562 785 534 122264 315 28
822 C 375190 773 927 249286 512 821 547 121982 283 59
823 T 374209 797 243937 907 1014 444 125195 513 1149 253
824 G 367367 782 1302 749 240528 454 1204 642 121474 232
825 C 363746 1060 1001 238593 1061 525 509 120507 447 43
826 C 362922 398 495 237131 502 267 363 123355 276 135
827 T 366054 391 235156 433 570 277 128134 338 502 253
828 G 360560 280 691 499 234510 227 399 585 123191 178
829 C 358219 464 497 234015 446 196 288 122056 238 19
830 C 362139 370 471 231591 329 199 347 128549 169 114
831 T 368744 308 229876 322 247 236 137082 287 265 121
832 G 367149 642 775 668 228724 422 512 609 134724 73
833 C 367652 721 776 228346 796 449 2268 133757 508 31
834 C 370532 639 547 224983 901 423 2202 136894 2118 1825
835 T 376458 572 224011 1165 626 560 148094 704 646 80
836 G 375836 659 867 709 222597 579 770 592 148999 64
837 T 376908 676 224510 749 869 602 147858 834 692 118
838 G 376353 484 784 444 229376 1072 658 611 142846 78
839 T 378016 496 229759 742 629 443 144790 481 586 90
840 G 377989 408 570 662 235515 512 662 388 139108 164
841 T 378785 658 241177 883 1290 434 132818 409 1074 42
842 A 379990 247996 1194 565 1371 126890 619 323 898 134
843 T 381579 971 251287 1039 1186 422 119920 779 3152 2823
844 G 383546 1651 2049 1585 259733 547 638 703 116615 25
845 G 386448 1744 1805 1567 266703 531 912 513 112482 191
846 A 389461 248564 2063 2067 2433 94028 569 13659 827 25251
847 C 392471 1278 1600 282211 1763 337 408 104408 427 39
848 C 398329 1533 1540 288855 1815 413 363 103370 418 22
849 T 406110 1337 297255 1264 1662 320 103517 339 386 30
850 G 409831 1166 1738 908 305437 300 458 242 99521 61
851 C 412486 1167 1219 309246 1235 274 343 98650 316 36
852 C 417881 1291 1411 313513 1344 307 400 99219 335 61
853 G 425726 880 1431 1171 316807 387 401 292 104339 18
854 T 430763 897 322256 995 1371 273 104274 295 354 48
855 A 440288 325947 942 1112 1482 109782 303 321 361 38
856 G 445434 142 576 148 332940 137 253 77 111133 28
857 C 457406 543 299 338303 486 187 165 117217 173 33
858 C 469474 272 490 344823 398 136 175 122977 155 48
859 A 476028 346754 294 286 156 128156 110 111 127 34
860 G 477346 179 230 183 350641 95 144 83 125769 22
861 T 484333 247 356347 164 268 105 126937 88 118 59
862 G 487229 342 570 336 360615 143 348 125 124714 36
863 G 488313 399 512 412 368769 127 258 152 117645 39
864 G 493209 480 565 207 378177 142 247 64 113294 33
865 T 500044 580 383990 749 695 214 113265 232 227 92
866 A 508109 392425 635 505 802 113041 224 180 247 50
867 C 516932 678 915 402039 644 225 306 111860 228 37
868 G 528132 501 707 503 411429 199 271 230 114253 39
869 A 537612 420095 628 425 472 115308 224 173 216 71
870 C 546641 492 561 429284 564 221 236 115049 195 39
871 T 553667 603 433308 547 835 150 117726 197 254 47
872 T 561208 542 441753 675 825 164 116745 240 223 41
873 T 568811 612 451799 712 803 169 114219 208 237 52
874 G 574555 544 725 482 459838 177 300 142 112313 34
875 A 583307 463845 576 601 682 116979 167 181 214 62
876 A 592325 471795 564 541 569 118302 183 154 158 59
877 A 599591 475421 537 352 708 121973 247 84 222 47
878 G 604770 554 718 435 476619 196 295 118 125782 53
879 G 608951 405 648 434 480880 120 249 120 126050 45
880 G 614027 496 767 536 486822 154 248 158 124792 54
881 A 619963 492528 586 482 658 125005 245 129 207 123
882 G 622587 425 715 524 500232 176 306 167 119990 52
883 G 625440 430 559 344 511363 113 229 122 112234 46
884 G 627235 444 532 348 519897 114 155 121 105566 58
885 A 633518 528916 353 399 484 102896 146 109 125 90
886 T 640401 307 537226 276 234 88 102060 84 62 64
887 A 648766 543187 282 246 330 103273 210 151 89 998
888 C 655492 358 277 553707 253 87 121 100583 60 46
889 T 666067 608 559764 610 435 133 104140 127 164 86
890 C 672310 1009 545 568751 487 281 123 100949 111 54
891 T 679809 596 579893 627 477 164 97730 142 93 87
892 C 686612 1059 770 586863 892 181 159 96399 219 70
893 T 694026 863 591006 811 758 172 99988 201 158 69
894 A 703256 595877 824 853 771 104291 189 202 158 91
895 G 707761 495 545 393 602378 116 136 79 103568 51
896 T 713896 503 608217 496 656 95 103568 95 122 144
897 C 722805 737 655 611117 633 172 174 109124 118 75
898 G 732798 582 396 354 616005 135 243 74 114927 82
899 G 737976 488 593 310 617367 112 182 67 118782 75
900 A 745198 623693 482 414 496 119683 114 107 110 99
901 A 751890 631609 445 393 445 118639 113 83 68 95
902 T 760689 434 641782 404 347 92 117389 83 59 99
903 A 768218 648325 363 406 577 118123 170 68 95 91
904 G 775009 379 585 416 659079 104 166 93 114102 85
905 A 784092 667587 381 490 472 114405 105 125 126 401
906 C 791939 433 404 675164 423 123 94 115149 86 63
907 C 803206 398 348 685425 369 102 78 116335 58 93
908 C 811089 643 290 694805 361 101 69 114685 67 68
909 T 818079 165 704262 460 360 41 112508 128 50 105
910 T 822705 606 707883 643 652 98 112488 119 119 97
911 T 829053 807 713600 643 613 151 112933 119 89 98
912 C 836009 1002 829 721864 582 161 189 111197 102 83
913 A 843630 730163 1041 919 1389 109355 282 176 207 98
914 G 848582 999 1345 1043 732610 189 289 188 111826 93
915 A 853847 737830 1172 1006 850 112266 217 195 153 158
916 C 861139 745 713 744244 496 144 128 114486 96 87
917 T 871254 643 752817 870 686 130 115722 149 113 124
918 G 878268 911 1268 714 760737 144 270 121 114005 98
919 C 886688 1217 951 766584 881 158 165 116458 174 100
920 T 895632 914 774977 1098 840 128 117212 204 138 121
921 T 903255 972 781395 967 896 156 118420 182 136 131
922 C 913482 1319 1180 790462 883 200 277 118916 119 126
923 A 923195 797989 1125 820 990 121574 219 229 137 112
924 A 928733 803758 1140 756 976 121537 205 128 133 100
925 A 935055 809260 1153 1128 915 121881 230 192 182 114
926 A 941263 812860 1245 1082 1079 124191 243 226 194 143
927 C 948060 1155 1288 819378 954 249 270 124492 169 105
928 A 954024 826446 932 692 1048 124324 171 120 168 123
929 G 956306 1121 1431 798 828915 211 241 146 123325 118
930 C 962532 1165 991 830453 933 200 194 128323 165 108
931 C 968700 922 1103 833105 858 192 199 132001 169 151
932 A 975729 840801 1171 1063 900 131128 215 181 156 114
933 A 981872 847259 1016 1038 1050 130806 231 192 163 117
934 G 985535 837 1054 919 852697 189 206 136 129389 108
935 T 992136 954 856220 1079 904 194 131854 145 200 586
936 G 993975 1118 961 907 859891 192 196 129 130479 102
937 T 998814 753 864874 867 816 145 130666 164 170 359
938 A 1004267 872591 802 774 999 128438 169 140 164 190
939 C 1009420 855 1408 875470 909 197 274 130036 161 110
940 A 1016558 879063 650 771 1046 134447 140 144 173 124
941 G 1018235 809 1215 664 881348 166 245 141 133522 125
942 C 1021024 1102 820 885030 838 202 154 132595 174 109
943 C 1027852 1135 1068 887792 1024 219 227 136097 174 116
944 T 1034985 979 887304 1173 1073 192 143691 216 209 148
945 A 1036180 887950 1057 833 1126 144461 245 161 226 121
946 A 1035549 892836 830 722 1069 139467 159 142 200 124
947 T 1041762 788 897301 891 962 169 141172 167 178 134
948 C 1047960 1187 878 898127 1052 290 202 145931 189 104
949 A 1051827 895724 947 985 1431 151888 235 201 282 134
950 G 1050824 1077 1358 869 898693 227 284 185 148029 102
951 A 1053241 896949 1005 948 1149 152213 202 226 247 302
952 C 1055151 1031 973 894055 970 258 201 157335 227 101
953 C 1059266 1364 1019 893934 891 354 236 161168 175 125
954 A 1063696 895024 1089 917 976 164867 274 207 208 134
955 A 1064116 896081 1375 1103 1259 163353 302 234 283 126
956 A 1062624 894065 1222 1181 1233 163967 291 273 268 124
957 T 1066947 1327 895316 1044 1337 364 166879 243 306 131
958 G 1064200 978 1530 801 901207 267 364 175 158753 125
959 A 1064576 902318 1076 927 1393 157938 255 196 309 164
960 G 1062120 1106 1158 825 899689 313 236 177 158473 143
961 A 1063241 896453 723 634 854 163900 193 156 190 138
962 A 1062724 892073 677 680 904 167706 181 146 203 154
963 T 1062590 929 891030 713 889 215 168202 200 171 241
964 C 1063457 1228 962 890447 792 291 237 169205 190 105
965 C 1066968 1080 865 889171 917 351 245 174045 182 112
966 A 1064744 883504 946 813 1489 177062 242 224 323 141
967 G 1060546 1118 1366 963 883875 284 362 278 172154 146
968 C 1062065 1654 1258 887903 994 440 299 169158 238 121
969 A 1062808 888619 1024 917 1059 170119 221 214 237 398
970 C 1060528 833 878 885193 748 237 206 172129 186 118
971 A 1060082 881174 771 852 851 175539 192 196 233 274
972 C 1057627 940 784 880353 743 323 222 173953 165 144
973 A 1059727 875760 507 349 776 181775 129 89 209 133
974 A 1057771 873813 616 430 785 181457 265 136 158 111
975 G 1050933 585 1080 348 868197 195 277 81 180011 159
976 A 1047242 866810 418 567 748 178086 134 144 185 150
977 G 1040001 847 550 581 867047 226 148 147 170301 154
978 T 1036218 704 861108 609 473 257 171657 170 151 1089
979 C 1033478 490 395 856810 236 243 96 174994 90 124
980 A 1034914 855261 222 210 543 178262 68 73 125 150
981 A 1030935 851516 375 299 254 178053 108 81 74 175
982 C 1028995 1212 1202 844963 1315 323 377 179185 289 129
983 T 1031228 1284 842529 905 1421 311 183966 241 415 156
984 G 1027586 1322 1052 980 841333 301 313 349 181830 106
985 G 1024167 903 846 886 842795 192 216 203 178018 108
986 T 1022063 795 847150 821 962 191 170412 205 374 1153
987 G 1019155 812 969 784 846721 197 247 322 169000 103
988 T 1016673 878 848835 888 779 312 164291 160 200 330
989 G 1015308 897 1065 846 849294 214 282 163 162429 118
990 G 1011626 786 925 869 846014 358 276 216 162069 113
991 A 1009716 834773 1530 1448 1436 169252 393 320 369 195
992 T 1009890 1342 829043 1637 1506 373 174997 402 369 221
993 G 1003157 1488 1513 1737 830115 364 427 415 166957 141
994 G 998185 1919 1702 1523 835148 459 433 322 156553 126
995 C 996485 1638 1721 838406 1331 465 422 152047 308 147
996 A 997411 841420 1378 1416 1310 150782 321 346 307 131
997 T 994972 1003 842043 1021 891 212 149252 223 189 138
998 G 990121 1062 1444 971 841583 253 341 193 144149 125
999 C 989460 1308 1379 840378 1053 260 318 144441 215 108
1000 C 992097 1330 1217 833581 724 361 283 154319 165 117
1001 A 995240 829418 995 870 1047 162011 327 188 222 162
1002 T 993320 1016 825238 889 940 247 164431 223 212 124
1003 T 993478 955 821582 644 966 246 168426 296 241 122
1004 C 991920 1191 1045 816220 1046 284 334 171470 248 82
1005 T 995930 837 813200 1121 965 368 178751 264 273 151
1006 G 988675 1007 1168 710 808792 284 354 329 175886 145
1007 C 985230 881 871 810582 640 324 238 171378 202 114
1008 C 987850 614 668 805112 646 228 230 180064 177 111
1009 G 994145 809 1110 647 801811 368 362 335 188578 125
1010 C 994712 1128 586 801923 680 402 232 189437 212 112
1011 A 999880 804417 527 597 771 192761 200 215 270 122
1012 T 1001950 538 802093 716 639 158 197297 190 211 108
1013 T 1002069 596 799040 599 701 180 200442 163 202 146
1014 T 1003126 495 797464 985 611 166 202801 273 193 138
1015 G 994865 635 901 603 798496 233 350 164 193345 138
1016 A 993524 799432 721 663 962 190924 196 219 267 140
1017 A 990691 799253 585 763 1002 188279 223 199 273 114
1018 G 985366 613 609 594 797319 230 257 190 185440 114
1019 A 983646 793207 540 698 606 187809 216 228 206 136
1020 T 981917 493 794764 728 461 201 184810 200 150 110
1021 C 980083 777 602 793379 575 260 191 183975 207 117
1022 T 982577 855 793292 848 687 325 186022 265 180 103
1023 A 984124 793762 667 669 840 187432 222 215 204 113
1024 A 982684 798208 567 562 784 181799 258 182 229 95
1025 G 978133 525 1085 698 796862 218 321 212 178102 110
1026 A 977442 801801 690 541 817 172891 205 162 204 131
1027 G 973961 326 307 202 806467 124 117 59 166256 103
1028 T 976370 267 802547 271 224 289 167958 123 240 4451
1029 A 974260 809923 303 169 271 163212 91 61 95 135
1030 T 974854 563 805173 535 541 174 167461 133 158 116
1031 T 978117 479 807686 567 534 172 168268 162 125 124
1032 A 983999 806418 558 611 549 175243 171 185 143 121
1033 A 986448 801805 340 348 538 182970 105 92 138 112
1034 G 983914 349 791 410 797392 140 238 112 184363 119
1035 C 984952 719 440 794795 474 228 147 187895 164 90
1036 T 987112 440 792721 627 492 147 192215 190 158 122
1037 T 987510 494 796527 637 492 150 188694 199 176 141
1038 C 985104 736 567 795486 409 278 233 187189 117 89
1039 A 985366 793458 583 599 484 189586 208 175 149 124
1040 T 983395 645 788940 592 537 242 191962 197 163 117
1041 C 986559 961 588 781603 461 450 217 201995 162 122
1042 A 992066 776246 731 819 819 212563 245 291 249 103
1043 A 989997 778842 688 998 755 207829 244 300 221 120
1044 A 991094 778878 730 958 1126 208283 357 316 333 113
1045 G 987841 498 894 485 784000 176 316 167 201210 95
1046 G 983319 629 682 476 788309 172 223 123 192611 94
1047 G 977157 574 695 435 792050 184 203 128 182804 84
1048 A 976125 791919 620 857 1048 180824 163 232 258 204
1049 C 973882 708 789 791093 651 241 284 179784 200 132
1050 G 980518 901 928 675 791310 319 317 203 185760 105
1051 A 981069 794271 915 803 1057 183176 260 175 285 127
1052 A 983349 793847 897 874 1475 185279 312 179 367 119
1053 G 978534 861 1200 715 794128 219 318 163 180830 100
1054 G 975679 865 798 641 795058 222 221 129 177622 123
1055 T 975771 678 792529 681 870 233 177501 185 371 2723
1056 G 971966 1429 1240 558 791346 393 320 183 176394 103
1057 C 970691 1078 1110 796028 750 262 275 170886 199 103
1058 T 979089 767 801408 919 772 223 174355 277 167 201
1059 C 983360 1192 915 802388 864 325 264 177113 199 100
1060 C 987829 1283 1274 796450 1252 438 338 186369 302 123
1061 C 992672 1608 1282 793430 1151 497 352 193959 279 114
1062 A 1000066 795832 1189 1096 1339 199555 322 293 297 143
1063 A 1001484 799268 924 891 989 198439 346 215 288 124
1064 G 999315 872 1416 906 800376 302 427 253 194662 101
1065 A 998599 814129 888 850 844 180922 336 251 251 128
1066 G 993776 966 1430 692 818300 330 426 142 171395 95
1067 G 990078 854 1229 700 815989 273 419 158 170333 123
1068 G 985392 1026 1149 697 808233 255 374 151 173379 128
1069 A 985519 804350 1012 880 1127 177119 386 197 290 158
1070 A 985551 804544 933 842 1148 177133 352 176 272 151
1071 G 982814 1003 1414 728 806484 260 350 195 172282 98
1072 C 983204 984 690 806031 655 350 186 173958 221 129
1073 T 988934 514 811117 610 594 277 175341 179 161 141
1074 T 989644 564 812323 523 608 161 174960 239 126 140
1075 T 989705 416 814609 488 466 122 173200 143 117 144
1076 C 991491 542 522 818641 402 177 175 170817 97 118
1077 C 993490 531 539 822552 482 203 161 168787 118 117
1078 A 995989 823739 708 614 910 169111 196 168 191 352
1079 C 996887 688 620 823492 732 179 203 170718 155 100
1080 T 1001034 649 824072 731 684 190 174241 200 135 132
1081 A 1001598 815025 723 532 1072 183346 325 185 264 126
1082 G 1000683 756 1260 643 812720 230 442 180 184362 90
1083 A 1001609 814433 653 652 939 184075 290 172 247 148
1084 G 999430 431 601 370 820592 128 250 108 176857 93
1085 G 999563 385 916 359 822022 161 206 91 175323 100
1086 A 998520 826610 346 390 478 170141 108 111 130 206
1087 G 997699 443 599 588 831499 203 179 121 163972 95
1088 T 996340 486 835272 621 705 230 157831 240 198 757
1089 T 996656 557 837216 728 619 225 156821 150 187 153
1090 C 997893 748 398 840129 340 227 132 155631 102 186
1091 A 1003323 841750 348 403 522 159662 165 211 126 136
1092 A 1002232 843380 368 266 522 157156 251 56 117 116
1093 A 999057 842482 492 403 543 154548 210 140 122 117
1094 T 1002459 604 844840 382 437 167 155618 196 89 126
1095 T 1005656 498 849620 437 440 130 154120 116 167 128
1096 G 1005653 494 736 312 851395 120 288 101 152086 121
1097 C 1007223 568 459 850657 341 115 119 154742 104 118
1098 T 1012074 338 850961 384 296 98 159704 118 65 110
1099 T 1015779 649 848318 555 649 176 164932 148 191 161
1100 C 1017667 828 519 847813 583 244 173 167197 187 123
1101 C 1022112 705 605 846103 619 350 163 173269 182 116
1102 A 1023330 845675 522 481 569 175522 168 148 140 105
1103 A 1021151 845270 581 441 443 173877 173 109 125 132
1104 T 1023066 469 849401 514 630 187 171451 115 171 128
1105 G 1026362 340 449 281 852436 130 150 78 172409 89
1106 A 1026082 857687 198 270 413 167151 70 60 115 118
1107 A 1027120 859000 327 207 323 166917 87 54 72 133
1108 A 1026439 854690 471 329 480 170025 122 83 125 114
1109 A 1027531 855313 503 214 486 170515 174 66 131 129
1110 T 1029246 431 857416 468 405 142 170045 100 98 141
1111 A 1029415 859561 406 289 424 168348 92 51 96 148
1112 T 1033261 332 863488 405 363 86 168304 76 71 136
1113 G 1033094 474 428 310 868469 103 240 87 162871 112
1114 G 1030898 347 459 436 868306 113 124 103 160893 117
1115 A 1031971 868477 421 395 743 161340 161 87 152 195
1116 G 1031894 431 440 426 872387 115 103 85 157781 126
1117 A 1031502 870524 392 491 519 158830 106 146 117 377
1118 C 1032013 412 473 870077 415 119 152 160177 86 102
1119 T 1037047 405 872817 540 374 112 162454 138 74 133
1120 A 1036561 872782 367 213 585 162139 114 81 129 151
1121 T 1039370 377 878386 407 381 96 159405 69 74 175
1122 G 1038980 384 495 273 880905 99 252 101 156338 133
1123 G 1036093 249 452 273 880379 131 139 53 154303 114
1124 A 1036682 880716 265 244 267 154825 74 44 110 137
1125 A 1035856 880219 180 228 319 154555 99 57 68 131
1126 T 1037076 477 878515 498 400 121 156702 108 106 149
1127 C 1039213 703 389 879028 498 216 106 158031 128 114
1128 A 1042123 874750 520 323 746 165259 150 90 146 139
1129 A 1037182 869678 609 467 765 165109 155 111 156 132
1130 G 1033882 504 588 467 870407 114 159 124 161423 96
1131 T 1036067 605 869736 477 584 189 163858 111 104 403
1132 A 1034660 869115 569 517 574 163093 181 127 150 334
1133 C 1037480 582 646 868195 540 207 161 166905 124 120
1134 A 1042508 870207 534 544 584 169702 186 164 123 464
1135 C 1042590 564 718 870129 562 171 179 170056 121 90
1136 T 1047590 521 868082 753 588 162 177065 188 120 111
1137 T 1049337 581 865565 701 500 147 181399 151 127 166
1138 G 1047404 602 831 415 861714 170 262 76 183203 131
1139 A 1048213 859092 638 433 670 186807 186 109 167 111
1140 A 1048717 857380 580 461 624 189003 227 137 133 172
1141 C 1048636 677 744 859725 672 203 267 186050 154 144
1142 T 1054397 659 863497 816 704 180 187959 285 165 132
1143 G 1052606 768 1262 661 865422 211 365 243 183581 93
1144 A 1052191 858608 1189 772 1031 189662 331 166 275 157
1145 G 1050153 930 1235 769 852968 291 418 195 193232 115
1146 A 1052519 855476 922 853 960 193429 292 196 263 128
1147 A 1052137 858169 913 529 942 190754 267 133 305 125
1148 G 1048247 778 1414 480 858284 253 397 121 186394 126
1149 C 1048090 1291 1258 862297 884 360 371 181261 229 139
1150 A 1050830 861606 903 732 1398 185301 274 185 311 120
1151 G 1046997 829 928 715 862177 192 247 170 181654 85
1152 G 1045117 980 891 653 861953 215 222 159 179942 102
1153 T 1046482 523 858435 596 506 219 184299 150 184 1570
1154 A 1044335 860657 532 537 581 181324 199 139 150 216
1155 C 1044932 617 790 861637 679 214 187 180544 163 101
1156 T 1050435 528 863635 617 594 109 184484 174 149 145
1157 G 1049377 491 840 403 866260 150 279 125 180696 133
1158 G 1046001 456 589 390 863547 138 154 107 180503 117
1159 G 1041799 818 661 589 862546 183 172 163 176566 101
1160 C 1042292 1031 734 857284 755 259 205 181628 230 166
1161 C 1045921 780 552 857584 820 256 169 185432 193 135
1162 A 1046413 852954 515 306 402 191705 175 118 93 145
1163 T 1045961 538 848476 344 336 210 195720 102 97 138
1164 A 1052372 850537 489 173 768 199826 227 50 188 114
1165 A 1050845 851528 911 580 1509 195355 315 144 388 115
1166 G 1049472 858 1155 641 846109 261 374 181 199793 100
1167 G 1050676 1059 1082 632 845006 307 329 163 201987 111
1168 A 1049665 845347 1038 670 1347 200043 302 230 348 340
1169 C 1049945 975 971 844167 1200 293 267 201621 326 125
1170 C 1054961 1129 953 845159 1148 400 297 205465 282 128
1171 A 1059940 850165 1185 910 1623 204930 340 227 455 105
1172 G 1059190 1185 1243 841 849212 366 326 217 205697 103
1173 A 1060571 850508 919 787 1194 206230 236 227 323 147
1174 A 1061480 852629 1072 1088 1499 204042 332 279 399 140
1175 G 1059717 1347 1052 1045 855272 370 335 272 199912 112
1176 T 1063306 1266 858229 1102 1289 376 198521 324 426 1773
1177 G 1058114 754 802 559 863062 212 429 139 192064 93
1178 G 1055928 644 1277 520 864898 213 367 151 187747 111
1179 A 1054985 865787 547 631 1105 186000 260 184 299 172
1180 G 1051863 681 863 624 865854 207 336 162 183046 90
1181 G 1047624 756 877 732 867220 261 271 182 177205 120
1182 A 1046656 864361 694 658 835 179318 218 201 238 133
1183 A 1047423 862916 1410 1313 1727 178665 420 370 464 138
1184 A 1046063 863187 1358 1430 1844 176762 389 402 517 174
1185 C 1046683 1441 1524 865981 1739 536 448 174472 403 139
1186 A 1045796 866556 932 836 1279 173898 280 301 320 1394
1187 C 1045830 986 924 866719 1062 329 267 175147 270 126
1188 C 1050081 1191 909 865595 1217 420 289 180056 291 113
1189 A 1052338 863884 909 895 1292 184337 296 253 331 141
1190 A 1050435 863104 901 839 1202 183403 338 236 293 119
1191 T 1048246 826 868347 838 1192 298 175950 294 285 216
1192 C 1050851 1648 1484 859186 1065 527 415 186127 263 136
1193 A 1054878 855414 1625 1200 1139 194198 415 369 281 237
1194 A 1055927 854324 1336 1627 1048 195698 370 492 243 789
1195 C 1058634 1802 1876 851157 1554 662 462 200571 430 120
1196 A 1066817 845742 1847 2548 1556 213188 600 716 471 149
1197 G 1064875 1702 2756 2167 845700 593 776 582 210483 116
1198 A 1064066 850585 1534 1262 1542 207708 509 319 463 144
1199 G 1055094 1532 1794 1302 850275 422 537 308 198775 149
1200 G 1050346 1501 1750 1135 852052 364 459 288 192678 119
1201 G 1046417 1802 1803 1676 851958 490 457 450 187655 126
1202 C 1050814 2198 1959 856778 1499 604 522 186715 383 156
1203 A 1060935 859941 1753 1693 1559 194581 454 425 382 147
1204 T 1059748 2052 858615 1840 1398 551 194326 451 358 157
1205 C 1062571 2187 1804 854086 1326 638 509 201519 372 130
1206 T 1069585 2111 854218 2441 1170 573 207952 668 304 148
1207 G 1061135 1509 2743 1322 856467 394 737 396 197424 143
1208 C 1062609 1776 1945 862141 1282 487 792 193624 409 153
1209 G 1061577 1506 1507 1577 864207 415 593 473 191165 134
1210 G 1059480 1613 1992 1467 866786 359 432 339 186371 121
1211 G 1055980 2131 2024 1710 875419 523 448 409 173182 134
1212 C 1058522 1943 2230 876112 1338 425 579 175396 370 129
1213 C 1067225 2133 1941 876035 2009 551 531 183503 391 131
1214 A 1073479 873015 2208 1574 2126 192922 511 417 544 162
1215 A 1076339 872419 2108 1923 1742 196630 529 418 457 113
1216 A 1079138 870769 2124 1708 1667 201185 720 443 401 121
1217 T 1083679 1955 872703 2026 1212 577 204098 567 355 186
1218 C 1086905 2103 2237 883500 1397 637 649 195906 356 120
1219 A 1086815 884158 1437 1294 1573 196985 413 388 398 169
1220 G 1084570 1392 1970 1480 887523 398 567 423 190690 127
1221 C 1085031 1793 1580 889318 1271 533 424 189617 360 135
1222 A 1082501 888826 1452 1121 1375 188457 418 319 405 128
1223 T 1084644 1520 891111 1087 1267 442 188442 281 322 172
1224 A 1088372 895065 1801 1235 1085 187901 465 309 265 246
1225 C 1092031 1540 1558 891799 1345 492 412 194389 368 128
1226 A 1097952 889510 1676 1384 1389 202765 443 325 341 119
1227 A 1099188 890909 1643 1390 1313 202368 477 365 364 359
1228 C 1101816 742 692 899085 1126 198 241 199307 293 132
1229 C 1104298 805 980 904573 1051 217 256 195989 315 112
1230 T 1111258 800 903368 969 1071 307 204091 255 232 165
1231 A 1116184 905203 364 300 461 208919 127 109 211 490
1232 C 1119677 391 534 905629 474 235 170 211969 142 133
1233 G 1129554 530 180 208 910906 176 171 86 217133 164
1234 T 1134004 590 910128 753 722 198 220976 185 212 240
1235 T 1137918 620 908849 794 723 159 226214 204 205 150
1236 C 1138125 845 692 911084 645 220 223 224127 164 125
1237 T 1143844 1007 911910 1191 1347 399 227118 319 382 171
1238 C 1147249 1445 972 915347 1302 452 342 226898 369 122
1239 A 1148396 916985 739 1158 1436 226983 295 317 358 125
1240 G 1140397 798 857 643 920771 256 256 189 216488 139
1241 T 1141366 797 928612 889 887 291 209026 227 214 423
1242 A 1143535 934861 892 749 936 205117 308 223 225 224
1243 C 1145211 646 798 936830 698 214 242 205477 159 147
1244 A 1148072 935201 802 704 770 209825 275 183 172 140
1245 G 1145676 547 972 666 938137 217 293 189 204520 135
1246 A 1146775 933990 848 736 901 209384 285 190 296 145
1247 G 1144756 755 965 669 932414 228 334 189 209056 146
1248 A 1144495 938804 903 632 919 202417 247 185 270 118
1249 A 1144228 944443 845 641 872 196636 266 152 229 144
1250 A 1142554 945271 872 534 809 194283 229 190 218 148
1251 T 1143222 841 946463 637 843 257 193553 199 236 193
1252 C 1146090 764 699 949476 552 231 286 193856 123 103
1253 T 1150227 671 952570 749 684 223 194674 261 150 245
1254 C 1151709 921 583 954013 674 187 227 194779 215 110
1255 C 1153635 908 627 947903 787 258 190 202588 238 136
1256 C 1157274 1184 698 950989 818 368 254 202630 221 112
1257 T 1159609 703 953989 1042 734 276 202229 335 168 133
1258 T 1158943 522 959030 619 584 206 197542 143 148 149
1259 T 1156067 529 961751 608 743 145 191864 130 141 156
1260 T 1157875 533 961788 688 709 147 193439 169 236 166
1261 G 1150123 688 989 856 963217 208 374 209 183428 154
1262 A 1148486 963826 827 869 1104 180920 236 229 268 207
1263 C 1150636 703 1060 964932 868 274 265 182216 182 136
1264 A 1154418 962813 1100 1235 1390 186766 384 272 315 143
1265 G 1149832 1038 1398 1335 962847 315 327 266 182157 149
1266 A 1149643 965470 1113 1231 1100 179837 289 260 216 127
1267 A 1147526 962517 950 912 954 181299 236 241 220 197
1268 C 1145638 925 1054 964139 786 298 275 177851 188 122
1269 A 1147366 964757 1101 791 781 179135 273 193 180 155
1270 A 1143284 965487 937 822 744 174408 188 226 172 300
1271 C 1141529 836 916 968083 721 193 182 170349 140 109
1272 C 1141885 953 925 968819 673 280 208 169777 133 117
1273 A 1139716 970086 954 655 798 166539 245 134 161 144
1274 T 1136255 1003 967201 803 687 231 165878 148 134 170
1275 T 1132710 837 969628 803 509 188 160351 177 91 126
1276 A 1127584 966121 1141 776 640 158259 250 125 119 153
1277 T 1123879 965 963710 1034 720 196 156756 164 142 192
1278 G 1119695 1005 1106 826 964492 193 240 161 151525 147
1279 G 1116200 1101 1275 917 965162 184 271 175 146991 124
1280 C 1111675 1204 1311 957010 883 250 258 150435 173 151
1281 A 1106630 954081 903 838 918 149254 157 168 159 152
1282 G 1097452 1040 1235 823 948120 204 221 154 145510 145
1283 C 1090767 1240 752 944085 681 281 153 143296 129 150
1284 A 1087309 945794 713 777 642 138845 133 143 100 162
1285 T 1081563 1168 937644 753 873 215 140416 144 198 152
1286 T 1077332 1025 934043 953 855 242 139684 198 179 153
1287 C 1074281 1423 1092 929878 941 359 205 140014 200 169
1288 A 1070788 924550 1418 950 1320 141748 258 159 239 146
1289 A 1063887 918290 1329 1121 1255 141068 278 174 227 145
1290 T 1058485 1452 912584 1123 1163 285 141295 185 213 185
1291 G 1051332 953 1540 782 906174 172 278 145 141164 124
1292 G 1045854 974 1320 843 900516 201 249 134 141491 126
1293 G 1038421 1027 1379 1037 892726 225 310 165 141416 136
1294 A 1032256 884954 1349 1468 1462 142043 285 230 295 170
1295 A 1024303 880057 1350 1327 1358 139294 297 169 307 144
1296 T 1018429 1513 874297 1539 940 290 139239 235 166 210
1297 A 1011958 870304 1180 838 958 137816 316 165 201 180
1298 C 1004667 910 1394 865040 990 248 252 135448 188 197
1299 A 999164 863114 893 1022 1537 131760 232 173 278 155
1300 G 992402 865 1385 724 856708 204 233 128 132039 116
1301 A 986555 849235 865 657 964 134048 206 123 208 249
1302 G 977670 761 1179 551 843276 160 219 154 131250 120
1303 G 969421 550 1082 646 840380 141 179 89 126251 103
1304 G 960176 672 737 613 832647 131 137 89 125030 120
1305 G 950305 538 968 617 823650 158 201 88 123988 97
1306 A 943477 812448 1237 1255 1259 126296 203 204 293 282
1307 G 935198 1251 1543 1113 803694 284 248 166 126775 124
1308 A 928919 796259 1221 1155 1056 128450 197 222 199 160
1309 A 920305 786302 1304 1110 1004 129828 247 184 189 137
1310 C 911761 1360 1385 776924 1011 274 285 130158 183 181
1311 A 905078 771091 1331 920 970 130033 263 175 185 110
1312 T 897642 929 764740 1071 847 206 129316 239 157 137
1313 C 889467 1226 1082 757988 765 297 228 127605 187 89
1314 T 884652 975 752950 1188 814 263 127971 212 164 115
1315 G 875672 1045 1447 995 746083 213 276 191 125338 84
1316 A 866587 739814 1074 1188 1084 122622 253 195 228 129
1317 C 858728 1002 1191 732715 852 266 224 122207 149 122
1318 A 852271 722374 1443 1213 1241 125073 358 213 240 116
1319 T 841990 1296 712799 1477 1136 257 124444 273 210 98
1320 G 830557 1275 2018 1358 704632 300 360 270 120246 98
1321 A 821521 700858 486 482 926 118308 73 109 161 118
1322 G 811417 535 718 437 690872 106 152 107 118409 81
1323 G 803808 494 695 457 683929 201 121 63 117744 104
1324 A 794839 674089 514 502 494 117408 114 112 145 1461
1325 C 785629 412 523 667565 505 110 149 116184 102 79
1326 C 779398 510 673 659039 380 174 201 118222 129 70
1327 G 772896 585 636 370 651140 195 218 70 119587 95
1328 A 765501 644387 426 338 555 119448 85 63 114 85
1329 A 758402 639361 467 148 569 117499 122 40 123 73
1330 A 751575 632171 539 547 505 117299 184 109 140 81
1331 T 743833 541 624414 520 566 128 117246 132 148 138
1332 C 736050 672 520 616410 441 219 139 117411 133 105
1333 A 727397 607339 911 591 859 117046 227 127 199 98
1334 T 717794 648 597213 829 629 209 117853 175 143 95
1335 A 711441 588176 830 686 854 120284 174 133 238 66
1336 A 703411 576074 614 493 884 124785 175 110 219 57
1337 G 693334 530 760 530 565587 155 178 126 125396 72
1338 G 684778 441 806 529 558361 168 186 130 124103 54
1339 A 675430 549672 746 728 780 122778 190 158 262 116
1340 T 667134 594 538560 693 939 156 125652 203 240 97
1341 G 656465 608 769 731 529960 195 221 174 123747 60
1342 A 645982 520520 467 418 670 123383 138 97 187 102
1343 T 637735 346 515601 431 574 101 120334 107 172 69
1344 G 629837 497 569 323 508458 147 156 104 119533 50
1345 G 619842 368 442 312 496235 137 171 72 122051 54
1346 A 611387 487094 378 321 488 122671 83 118 161 73
1347 A 603209 478571 317 325 338 123274 97 94 117 76
1348 A 596316 468745 331 330 422 126013 105 146 160 64
1349 G 587600 311 317 321 459983 110 159 120 126224 55
1350 T 578808 237 451182 339 497 147 125566 114 249 477
1351 G 565711 547 665 384 439003 190 186 179 124515 42
1352 C 550881 538 709 427924 437 239 245 120563 171 55
1353 A 543224 419357 501 373 637 121837 152 114 196 57
1354 A 533023 408354 302 283 475 123214 86 74 182 53
1355 G 520311 293 343 257 400844 135 101 67 118209 62
1356 A 512321 396057 301 279 396 114862 73 118 125 110
1357 C 501467 165 218 386100 202 91 70 114479 105 37
1358 C 494436 281 197 371924 189 233 124 121357 103 28
1359 A 487516 358077 188 167 329 128380 102 56 163 54
1360 G 476755 134 229 120 351769 89 92 37 124242 43
1361 A 466567 344986 176 121 154 120921 53 49 71 36
1362 A 454959 330189 136 150 139 124112 54 60 78 41
1363 G 442902 370 648 429 318258 200 262 147 122561 27
1364 A 433965 306401 506 394 454 125549 243 189 190 39
1365 T 426596 375 290513 426 397 183 134232 212 227 31
1366 G 417524 509 468 656 277698 261 290 353 137271 18
1367 T 409709 506 265313 666 411 366 141717 353 310 67
1368 G 403809 434 522 619 257432 304 349 348 143781 20
1369 T 396235 426 251682 441 535 280 142126 323 377 45
1370 C 392108 484 490 246031 538 388 392 143388 365 32
1371 T 392313 352 243220 471 549 453 146595 306 351 16
1372 T 520938 979 315485 648 779 734 201347 457 479 30
1373 T 512959 965 316643 786 635 622 192159 599 495 55
1374 C 510863 1020 610 316466 890 653 567 190084 538 35
1375 C 518205 807 667 315055 667 913 388 199333 339 36
1376 A 511745 314062 828 695 1073 193059 587 751 650 40
1377 G 502652 654 965 609 313925 677 797 424 184582 19
1378 G 500881 523 650 527 312192 416 562 324 185672 15
1379 G 493831 708 766 634 307313 483 569 430 182862 66
1380 G 484035 703 1066 730 302372 511 645 606 177371 31
1381 C 485178 920 853 297845 895 462 1121 182178 813 91
1382 G 487086 881 1025 817 296111 553 917 698 186057 27
1383 G 480357 738 1059 754 294506 444 792 416 181613 35
1384 G 479805 914 974 1020 293726 506 898 529 181190 48
1385 G 475973 833 833 961 295343 640 610 536 176122 95
1386 A 478921 291064 947 899 833 168987 507 517 7724 7443
1387 G 479082 488 401 543 301255 512 483 476 174887 37
1388 T 484049 264 275467 638 193 777 164498 618 15445 26149
1389 C 492871 627 354 309296 166 558 619 180857 337 57
1390 T 499665 1111 317992 722 1013 643 177187 452 459 86
1391 T 502060 1046 315171 881 759 612 182659 560 343 29
1392 C 507228 1016 1006 316125 869 655 1069 185697 549 242
1393 G 514856 740 841 421 322218 778 1118 590 187764 386
1394 A 517645 325432 500 472 666 188673 530 482 683 207
1395 G 522511 562 859 437 327368 579 832 506 191308 60
1396 C 530356 1040 876 335909 915 661 638 189579 622 116
1397 T 543075 919 347815 780 933 563 190603 576 612 274
1398 C 549987 1114 932 346950 880 675 763 198103 534 36
1399 T 559189 492 350112 418 93 385 206979 482 97 131
1400 C 565950 682 520 348941 422 547 826 213599 366 47
1401 G 571368 421 432 274 354632 541 559 512 213898 99
1402 G 574191 375 515 174 359611 294 379 164 212644 35
1403 A 578604 364575 284 257 412 210725 211 245 866 1029
1404 C 585568 329 430 376525 375 507 427 206584 322 69
1405 G 592099 352 208 185 385471 368 219 292 204981 23
1406 A 597790 392706 180 148 179 203844 109 146 404 74
1407 A 603238 400339 172 171 158 201899 148 129 181 41
1408 A 607840 410385 341 333 254 195897 253 191 139 47
1409 A 609641 416145 417 348 573 191203 346 218 330 61
1410 G 608935 584 497 279 421274 2039 324 175 178695 5068
1411 G 607308 756 805 595 434735 373 398 354 169254 38
1412 C 609620 920 847 448900 580 459 431 156999 320 164
1413 A 613589 456835 794 343 964 153592 374 187 376 124
1414 G 611492 534 769 311 468630 232 317 147 140500 52
1415 C 612448 655 833 477476 188 263 382 132490 112 49
1416 G 619481 607 868 549 486320 203 307 221 130361 45
1417 A 620304 493523 405 598 314 124737 125 150 149 303
1418 G 619307 574 732 487 500060 176 198 112 116910 58
1419 C 620161 629 814 509663 410 146 200 108061 145 93
1420 C 622152 409 305 520818 257 121 93 100019 74 56
1421 C 624121 611 379 527898 261 206 191 94436 73 66
1422 G 621654 401 434 299 532563 168 108 153 86303 1225
1423 A 619836 539014 579 384 446 78958 142 75 102 136
1424 T 618368 583 542659 412 355 178 73765 63 58 295
1425 C 616660 687 770 542859 350 142 139 71588 69 56
1426 G 613512 1256 1189 802 542865 227 181 127 66784 81
1427 T 611729 1137 547233 880 789 154 60241 120 147 1028
1428 G 609386 1289 1379 756 554222 155 173 84 51276 52
1429 C 607336 1036 864 555802 604 120 102 48666 67 75
1430 C 606030 931 971 558742 540 113 94 44401 50 188
1431 T 605486 810 568207 875 606 85 34548 91 43 221
1432 T 603757 818 570756 823 650 61 30464 56 44 85
1433 C 601596 1134 1029 571364 532 78 80 27282 23 74
1434 C 600422 1088 1116 572738 593 76 77 24553 26 155
1435 T 599381 805 576926 944 642 50 19852 50 25 87
1436 T 597637 750 578898 770 591 33 16477 26 32 60
1437 T 595588 731 577650 636 570 31 15824 15 28 103
1438 G 593779 431 495 361 573757 15 548 14 14557 3601
1439 A 592116 576358 433 346 437 14395 9 16 18 104
1440 C 590953 490 436 575497 222 29 11 14111 16 141
1441 A 590313 574726 486 333 373 14284 23 9 15 64
1442 T 589101 370 573865 471 312 12 13801 14 21 235
1443 G 588073 379 1079 344 573108 26 28 9 13063 37
1444 A 586752 573064 368 225 445 12454 6 5 11 174
1445 G 585321 358 337 186 572607 8 9 8 11758 50
1446 T 584092 259 567753 315 273 16 11078 6 152 4240
1447 A 582771 571604 238 134 261 10465 4 2 7 56
1448 A 581136 571067 255 163 217 9368 5 2 3 56
1449 T 580035 271 570216 207 151 7 9005 2 2 174
1450 G 579550 338 614 385 569155 14 17 12 8969 46
1451 A 578598 568704 423 355 377 8638 9 5 14 73
1452 A 577615 567998 378 308 413 8388 9 9 6 106
1453 G 576777 323 609 320 567536 34 8 3 7865 79
1454 G 576024 383 441 297 567163 11 7 4 7677 41
1455 A 575204 566602 380 287 291 7272 11 30 10 321
1456 T 574583 300 566458 373 255 41 7061 9 8 78
1457 C 573886 448 422 565726 319 19 11 6764 13 164
1458 T 573549 378 565584 414 288 18 6759 10 41 57
1459 T 572942 501 565030 465 417 35 6423 12 11 48
1460 A 572255 564726 483 284 498 6061 37 4 6 156
1461 T 571646 490 564580 435 375 8 5662 26 5 65
1462 T 571151 484 564399 421 362 11 5386 6 28 54
1463 T 570668 463 564103 385 413 15 5202 4 18 65
1464 C 570005 513 522 563029 382 9 56 4713 14 767
1465 T 569529 486 563407 458 412 8 4508 16 6 228
1466 T 568937 500 563242 444 418 4 4129 6 7 187
1467 C 568255 701 529 562769 420 14 7 3641 5 169
1468 G 567874 536 738 434 562576 18 6 4 3462 100
1469 G 567386 577 785 376 562410 3 10 2 3197 26
1470 A 566926 562062 552 469 617 2983 6 3 8 226
1471 G 566557 476 663 298 562269 13 7 1 2788 42
1472 A 565828 561865 416 453 427 2563 4 10 4 86
1473 C 564990 495 559 561127 336 12 8 2381 4 68
1474 A 564179 560645 396 315 485 2277 2 8 4 47
1475 A 562816 559442 428 308 475 2097 6 1 3 56
1476 T 561101 414 557782 324 425 7 1938 1 4 206
1477 G 559726 486 568 397 556390 4 0 1 1825 55
1478 C 558802 677 600 555412 361 5 4 1670 1 72
1479 A 557889 554673 430 356 615 1561 0 2 1 251
1480 G 556209 431 801 376 553120 4 2 1 1433 41
1481 A 554103 551204 559 347 586 1344 2 3 3 55
1482 G 552071 475 612 358 549308 3 0 2 1263 50
1483 G 549889 442 794 406 546975 2 3 0 1218 49
1484 A 546494 543780 471 401 575 1109 1 1 3 153
1485 G 544299 532 478 368 541831 5 2 2 1041 40
1486 T 542804 386 527473 347 383 2 951 0 52 13210
1487 A 541861 539451 423 351 573 984 1 1 6 71
1488 C 538975 424 499 536570 440 3 0 954 1 84
1489 G 535218 432 531 273 533018 6 0 0 921 37
1490 A 533410 531115 417 313 503 953 1 3 1 104
1491 C 530451 319 464 528279 303 16 1 936 14 119
1492 A 526594 523279 745 560 795 1018 3 3 16 175
1493 A 523578 520353 812 500 763 1090 4 2 14 40
1494 T 520859 689 517539 580 649 18 1200 12 0 172