# amino-acid counts among definitively called codons
# POSITION TOTAL_COUNTS WT N_A N_C N_D N_E N_F N_G N_H N_I N_K N_L N_M N_N N_P N_Q N_R N_S N_T N_V N_W N_Y N_STOP
1 1084536 M 0 0 0 0 0 0 0 540 99 90 1083430 0 0 0 5 0 168 204 0 0 0
2 1089074 A 1082200 98 110 828 180 424 245 219 160 397 21 172 627 225 514 1144 407 786 70 107 140
3 1090558 S 262 164 209 112 268 3 175 340 229 586 43 138 578 192 441 1085599 488 24 66 361 280
4 1091909 Q 274 138 195 183 117 305 362 270 953 584 93 186 486 1085173 1042 461 338 302 28 105 314
5 1093851 G 310 593 488 87 164 1088509 98 218 115 367 73 125 346 163 380 529 288 596 62 153 187
6 1094380 T 383 137 194 100 128 362 180 371 163 358 42 248 466 141 456 588 1089286 258 50 210 259
7 1097069 K 372 204 179 260 205 461 268 342 1090628 740 52 287 423 187 517 521 445 335 80 249 314
8 1100455 R 276 72 179 148 204 382 165 334 193 614 30 182 412 365 1095026 493 442 238 26 95 579
9 1103702 S 313 216 244 167 324 292 224 298 168 616 68 257 782 263 370 1097397 534 362 74 406 327
10 1106462 Y 394 503 206 250 335 355 366 304 206 522 112 198 425 211 539 657 579 416 119 1099264 501
11 1110717 E 299 107 99 1105195 116 422 50 225 454 471 66 192 375 107 403 507 461 346 57 101 664
12 1116013 Q 216 57 102 140 128 185 499 115 281 311 34 128 180 1112075 342 286 217 240 37 112 328
13 1122030 M 233 139 88 116 143 222 135 743 187 426 1117277 96 300 87 382 283 442 401 69 151 110
14 1118932 E 186 66 446 1113663 159 1076 77 139 238 351 26 155 312 174 224 369 165 346 70 126 564
15 1111162 T 383 76 140 141 75 278 220 240 167 347 59 232 401 100 330 435 1107043 167 127 75 126
16 1099008 D 304 111 1093062 294 108 596 215 229 107 432 74 381 398 137 404 413 338 418 75 745 167
17 1074474 G 495 209 134 288 272 1066963 257 377 135 600 67 181 552 154 687 737 482 869 62 257 696
18 1063835 E 386 217 210 1057257 209 523 249 171 464 519 60 165 691 166 349 556 601 323 83 198 438
19 1034938 R 340 406 68 61 56 401 566 165 104 976 52 130 383 134 1029883 384 299 187 29 181 133
20 1002564 Q 269 90 101 108 120 296 550 161 339 482 37 211 539 996850 970 362 333 259 49 135 303
21 962888 N 210 123 286 102 109 271 196 243 148 521 38 958557 332 94 293 548 215 241 45 192 124
22 907577 A 902188 159 545 74 111 315 92 141 108 349 25 93 442 136 214 918 612 753 74 109 119
23 882567 T 430 130 121 93 176 205 138 322 142 447 71 293 588 175 468 609 877567 210 61 155 166
24 845221 E 234 200 174 839560 294 387 223 306 264 497 84 187 420 209 260 468 294 395 31 260 474
25 796143 I 196 123 123 91 182 224 102 792242 103 385 103 124 350 78 348 334 389 379 47 113 107
26 765157 R 114 129 94 91 112 529 112 537 201 250 13 110 161 60 761796 281 217 59 21 99 171
27 733269 A 729985 63 36 533 34 198 63 89 86 125 28 59 190 59 193 560 273 487 19 65 124
28 713511 S 194 114 80 79 148 147 78 131 71 239 52 106 284 82 181 710666 257 124 16 338 124
29 691504 V 330 94 153 108 164 232 60 323 91 289 27 46 162 75 190 207 76 688628 25 60 164
30 663445 G 153 66 71 177 62 660708 40 112 92 155 7 68 121 62 563 172 119 312 30 94 261
31 642505 K 60 44 39 155 86 109 91 184 640228 174 47 133 118 95 242 137 169 176 10 83 125
32 606236 M 181 96 87 102 61 228 99 447 130 295 602868 82 141 109 307 249 251 255 36 85 127
33 582260 I 109 54 32 84 97 162 80 579900 104 219 45 127 152 60 220 183 224 182 31 85 110
34 581919 G 152 213 130 57 54 579749 45 71 59 169 26 74 98 84 168 217 106 219 29 69 130
35 409565 G 79 45 35 77 26 408250 23 43 46 76 7 25 53 27 222 83 75 191 9 29 144
36 429413 I 52 3 21 15 32 16 29 428523 28 90 27 50 87 29 97 71 92 100 2 24 25
37 441218 G 75 37 19 62 19 440179 19 28 15 49 2 33 71 20 145 70 37 150 3 25 160
38 456762 R 39 3 19 14 11 48 53 37 14 269 2 34 180 170 455488 67 96 35 0 21 162
39 472330 F 120 72 39 47 469994 246 80 98 47 378 22 67 146 62 194 181 202 96 27 111 101
40 492117 Y 77 179 51 37 92 179 215 105 91 194 25 103 75 26 165 104 105 129 35 489924 206
41 511392 I 67 74 37 36 98 133 94 509330 74 158 44 88 171 83 147 163 219 159 21 87 109
42 534012 Q 102 53 37 92 85 153 94 119 225 247 19 83 175 531542 317 196 139 93 22 44 175
43 554352 M 78 66 41 34 48 131 86 284 98 269 552057 89 202 49 177 131 184 161 22 58 87
44 581207 C 75 578447 64 43 422 144 53 56 64 171 12 40 118 78 285 293 75 50 44 350 323
45 601357 T 184 42 33 19 14 107 35 179 29 163 17 103 121 46 117 188 599784 42 24 68 42
46 622059 E 100 57 129 619270 47 231 97 80 398 218 11 75 219 100 118 220 135 166 13 66 309
47 643054 L 99 31 57 29 138 68 121 139 48 641223 10 66 336 52 165 108 112 118 10 49 75
48 661370 K 68 70 103 206 60 129 60 90 658920 188 22 192 124 116 258 254 123 109 32 113 133
49 671511 L 210 122 78 58 117 187 202 194 97 668115 31 186 426 179 289 221 291 221 58 83 146
50 686493 S 205 223 151 94 139 617 141 262 137 397 44 187 357 137 581 681805 331 251 96 133 205
51 703409 D 180 87 700418 126 75 276 96 160 86 236 43 190 145 73 151 176 120 219 29 400 123
52 720458 Y 125 155 86 49 97 224 157 203 108 305 61 136 219 75 216 265 217 134 39 717409 178
53 745709 E 144 53 434 741616 29 576 68 132 183 176 43 98 123 102 215 246 178 202 39 95 957
54 759688 G 153 56 77 284 45 756637 107 137 56 204 41 68 271 86 390 198 116 330 0 81 351
55 767291 R 105 55 42 55 86 172 105 98 46 541 46 70 297 320 764281 156 182 116 343 80 95
56 775243 L 152 93 68 71 238 218 113 138 53 772326 115 85 240 98 221 373 129 199 51 75 187
57 786916 I 138 44 83 42 155 122 114 784123 90 278 65 162 174 98 201 267 345 185 37 86 107
58 796296 Q 236 88 68 125 126 201 125 130 300 404 19 98 478 792378 408 376 152 194 42 110 238
59 794054 N 186 81 175 78 145 154 137 287 239 345 41 790254 149 113 285 363 313 231 49 184 245
60 798709 S 118 107 21 31 79 282 64 688 42 188 41 159 92 55 689 795609 144 93 27 72 108
61 801486 L 116 80 56 68 180 148 79 116 60 799141 22 64 146 81 193 302 126 196 35 85 192
62 812634 T 286 87 79 31 76 146 88 224 125 204 25 65 332 102 248 281 809907 118 26 56 128
63 826233 I 84 43 64 59 65 80 61 823724 98 291 353 53 200 38 176 177 269 186 39 57 116
64 838201 E 215 53 421 834554 106 309 92 98 162 242 52 95 233 120 199 227 185 161 23 74 580
65 839127 R 133 41 94 69 128 286 89 365 224 266 45 53 183 50 836118 244 183 164 23 126 243
66 841541 M 9 30 7 19 41 53 16 453 95 169 839865 58 49 29 84 112 170 127 46 31 78
67 832824 V 168 17 5 117 15 121 1 23 17 202 127 5 7 5 53 32 29 831830 36 1 13
68 834522 L 136 43 54 32 248 52 149 478 39 832041 21 56 387 88 185 131 113 114 24 66 65
69 828437 S 184 143 71 90 154 167 113 110 98 244 44 87 482 105 200 825146 230 106 28 545 90
70 819502 A 816888 72 353 34 46 150 37 66 40 84 27 24 82 37 101 705 427 162 24 56 87
71 812555 F 123 62 45 58 810208 127 113 185 78 312 51 72 115 75 177 242 127 143 37 97 108
72 805261 D 77 44 802673 149 53 385 114 127 42 187 32 147 168 42 127 118 147 225 24 316 64
73 806219 E 131 35 123 803844 50 241 43 71 232 161 28 76 115 60 128 182 63 192 26 48 370
74 822710 R 95 36 34 26 35 271 30 46 132 112 300 20 94 38 820651 416 125 76 68 27 78
75 822075 R 92 35 32 39 41 278 32 273 197 203 7 34 215 27 819974 216 129 69 25 19 138
76 822253 N 56 64 170 29 42 56 83 106 108 85 24 820639 111 24 104 193 163 63 8 77 48
77 819514 K 71 53 35 221 57 97 57 167 817461 152 48 76 138 74 167 146 163 118 11 67 135
78 828675 Y 175 348 62 71 124 205 217 90 63 179 16 163 256 101 177 224 181 92 70 825614 247
79 835478 L 147 101 109 101 171 141 162 392 61 832369 28 104 436 104 242 221 162 186 4 79 158
80 824455 E 247 157 215 819639 124 425 161 211 218 380 34 137 253 165 351 341 260 418 31 143 545
81 824121 E 206 80 159 820280 107 326 160 92 214 291 48 103 268 145 229 349 214 291 39 163 357
82 824473 H 107 93 88 53 32 216 821615 71 73 289 37 175 207 229 357 206 149 132 66 215 63
83 824538 P 237 135 75 54 99 221 367 130 97 465 66 122 820741 88 309 357 530 164 30 123 128
84 838797 S 155 146 115 64 98 422 105 252 61 195 2 244 233 61 393 835632 186 156 76 109 92
85 840323 A 836424 44 51 497 47 115 73 64 36 160 31 52 166 50 202 1155 270 655 45 93 93
86 840229 G 154 75 67 368 89 836829 57 118 61 207 24 61 182 61 446 174 109 451 534 41 121
87 844166 K 172 67 54 256 103 336 75 181 840629 275 14 332 237 145 479 257 251 121 23 42 117
88 851318 D 267 125 846658 182 180 323 221 246 132 478 91 243 258 98 408 342 328 280 46 278 134
89 854297 P 394 134 166 156 163 411 331 267 192 657 53 135 848544 168 645 537 504 295 103 159 283
90 856930 K 405 175 135 337 209 383 120 335 851284 495 143 394 156 189 439 541 316 326 95 194 259
91 854159 K 197 112 83 220 213 242 173 230 850026 452 29 156 302 134 401 328 257 208 77 122 197
92 846638 T 163 45 50 22 50 89 50 124 52 129 16 132 191 56 105 258 844903 82 14 71 36
93 848918 G 179 60 57 135 86 846296 59 67 83 113 43 68 124 54 415 207 102 378 33 76 283
94 846812 G 133 83 44 190 41 844565 58 85 59 156 14 28 95 48 349 138 85 234 56 33 318
95 840947 P 108 18 22 27 42 57 394 33 25 185 19 37 839232 78 136 210 137 77 18 61 31
96 836616 I 109 72 87 58 80 143 57 834085 162 306 110 88 108 59 220 177 237 182 51 76 149
97 832315 Y 110 162 69 55 116 89 182 53 64 210 42 192 173 53 160 240 174 90 22 829861 198
98 830796 R 109 57 47 33 92 466 80 72 131 225 297 58 270 63 827762 609 143 63 117 52 50
99 822439 R 128 64 34 52 91 375 85 720 144 202 22 97 352 48 819198 199 190 97 67 74 200
100 813491 V 187 31 36 151 68 120 50 337 36 301 13 41 343 53 122 177 158 811112 36 52 67
101 816887 N 74 64 126 15 23 42 58 118 144 103 18 815362 159 39 70 144 164 69 7 60 28
102 812984 G 99 37 31 111 25 810854 50 81 50 117 13 56 223 41 383 100 116 248 29 73 247
103 817316 K 93 40 35 139 51 73 108 126 815051 186 51 160 229 98 339 143 125 64 33 48 124
104 810304 W 77 343 30 40 64 93 97 70 63 365 25 63 214 53 277 227 99 117 807571 75 341
105 804697 M 89 32 32 39 39 51 65 844 118 255 801995 59 201 33 105 134 255 234 12 54 51
106 796856 R 60 20 24 20 46 306 68 342 95 122 7 51 288 45 794818 163 160 42 19 27 133
107 791791 E 17 2 73 790838 17 164 5 10 151 46 5 10 22 52 34 14 17 82 11 6 215
108 791026 L 47 22 11 11 84 46 89 56 12 790013 3 15 338 17 78 47 43 39 11 15 29
109 780521 I 42 14 10 20 58 33 36 779503 28 71 34 99 50 7 40 73 176 145 12 41 29
110 766928 L 31 18 7 7 61 44 37 248 13 766152 8 22 118 0 20 29 35 35 14 15 14
111 758309 Y 29 109 10 25 61 34 157 14 39 49 3 45 138 21 64 67 61 28 9 757229 117
112 742810 D 155 44 740676 136 18 250 131 67 48 113 20 155 82 69 111 150 102 167 14 256 46
113 728767 K 68 62 33 141 44 52 62 112 727015 147 6 123 155 44 210 137 106 105 19 51 75
114 728867 E 62 12 78 727283 35 120 64 55 93 103 13 32 162 90 98 131 76 111 6 41 202
115 725268 E 60 35 74 723389 58 222 47 64 180 128 24 36 135 70 150 112 95 129 16 34 210
116 716811 I 127 104 99 65 93 151 130 713590 129 353 262 112 243 84 229 280 315 221 33 71 120
117 718082 R 120 82 77 86 68 320 81 129 169 217 276 112 135 66 715002 580 157 124 96 70 115
118 717952 R 81 40 17 62 26 161 73 89 29 438 30 43 218 228 715854 116 110 73 6 36 222
119 713843 I 59 43 45 20 73 79 29 712343 45 88 42 114 124 31 86 190 204 145 7 33 43
120 716495 W 100 675 37 52 53 235 48 58 23 325 27 31 125 55 508 140 95 69 713481 45 313
121 714687 R 168 324 55 41 49 163 426 64 43 638 22 72 232 98 711245 635 145 116 18 52 81
122 713316 Q 234 136 131 146 93 304 187 235 281 323 91 156 446 708735 526 337 313 208 84 88 262
123 713149 A 708162 148 649 148 104 568 118 97 142 286 54 135 385 108 314 673 377 344 93 100 144
124 721700 N 156 72 199 110 137 266 116 252 228 322 46 717984 246 115 244 411 245 209 32 126 184
125 726343 N 187 133 248 200 169 284 159 289 326 440 83 721246 337 198 349 524 419 223 92 217 220
126 719236 G 346 351 248 176 106 713783 152 192 215 317 85 240 318 182 573 579 385 469 96 170 253
127 721500 D 239 103 716350 265 136 498 175 172 157 451 67 294 330 101 365 426 287 324 45 422 293
128 721553 D 185 98 717673 216 75 277 117 185 182 280 66 326 306 74 179 245 256 239 54 389 131
129 734537 A 729501 94 115 531 110 209 112 121 104 236 43 133 456 81 297 605 632 940 23 83 111
130 739968 T 341 52 92 91 46 184 191 170 252 248 285 163 364 157 304 390 736120 131 74 112 201
131 739391 A 733964 119 753 161 90 315 69 238 111 307 50 195 339 110 427 782 503 463 64 151 180
132 732378 G 199 290 150 134 68 728863 85 102 100 214 45 99 321 111 341 443 199 352 42 92 128
133 734901 L 147 57 88 97 60 270 157 139 104 731105 246 130 702 189 342 281 244 224 46 101 172
134 733851 T 366 77 110 138 134 254 140 299 219 289 47 289 356 111 360 479 729475 252 57 142 257
135 743885 H 172 100 166 158 141 314 738282 200 214 554 83 1059 276 242 462 377 294 249 84 252 206
136 753321 M 249 175 115 176 142 295 126 673 215 541 747892 195 262 104 357 408 409 472 62 210 243
137 764291 M 141 69 82 83 84 87 76 384 205 315 760936 150 179 118 236 207 348 304 50 100 137
138 763426 I 129 69 47 56 89 198 61 760995 101 218 58 130 190 86 205 168 232 195 30 81 88
139 772008 W 56 477 42 47 25 128 21 43 69 312 37 64 78 55 654 147 90 76 769065 53 469
140 776008 H 116 61 116 73 57 123 772901 118 109 236 25 503 270 98 322 150 169 93 39 334 95
141 781915 S 183 123 89 88 184 202 37 73 79 179 13 98 289 34 144 779272 247 107 29 334 111
142 780408 N 97 54 176 50 92 132 104 176 134 172 51 778062 131 55 167 233 156 74 47 122 123
143 782397 L 56 71 55 84 421 116 28 103 73 780115 74 68 92 43 124 334 126 148 23 66 177
144 784223 N 98 43 219 39 68 84 89 113 157 175 34 782100 84 36 87 286 179 90 21 132 89
145 778200 D 98 67 775204 165 83 258 140 130 63 251 25 174 167 60 214 196 161 232 36 338 138
146 777283 A 774686 26 23 522 22 131 49 44 38 77 5 49 198 37 104 382 336 503 10 21 20
147 778033 T 233 49 59 57 42 105 84 126 65 144 43 138 214 71 275 228 775805 136 28 56 75
148 775605 Y 134 116 71 59 93 126 203 60 84 177 36 101 173 78 204 243 149 116 12 773188 182
149 779895 Q 122 53 74 93 41 129 697 58 371 232 29 37 203 776423 663 169 122 101 27 56 195
150 768551 R 165 54 49 74 52 352 64 63 289 113 240 95 185 62 765791 417 162 132 86 43 63
151 761843 T 382 105 103 128 81 220 144 272 168 361 81 84 401 129 329 407 757993 130 48 101 176
152 767101 R 259 117 99 140 105 451 163 426 180 423 36 127 341 108 762836 314 359 168 80 135 234
153 775886 A 772523 125 502 94 45 171 47 117 80 221 24 77 254 39 147 681 290 251 65 70 63
154 776333 L 161 63 100 95 177 127 145 487 114 772771 62 165 288 137 342 273 251 247 33 140 155
155 774355 V 279 79 148 194 189 306 150 246 132 421 52 141 283 169 467 314 258 770069 83 120 255
156 773020 R 453 503 142 101 99 341 571 211 84 792 20 112 429 137 767281 785 367 268 46 117 161
157 775246 T 367 128 117 130 158 201 121 348 117 213 50 188 233 79 362 465 771403 213 46 154 153
158 768545 G 276 99 138 231 79 763536 86 189 205 411 80 153 340 177 726 332 282 495 23 181 506
159 769977 M 120 148 114 155 162 150 179 784 304 440 764747 163 463 70 402 322 338 349 65 179 323
160 783286 D 383 126 777455 239 156 423 173 257 271 458 80 294 380 171 425 509 379 345 47 345 370
161 784937 P 233 134 125 180 111 254 336 176 201 486 44 227 780299 95 360 503 455 264 60 111 283
162 791421 R 306 129 243 232 160 815 187 394 438 618 376 249 319 211 784551 727 361 364 137 265 339
163 800734 M 169 149 165 156 123 396 54 502 313 416 795900 167 185 152 332 282 346 365 98 190 274
164 797390 C 170 792802 63 101 511 208 92 181 112 274 52 141 201 100 404 366 194 174 117 596 531
165 796277 S 250 150 95 139 204 235 77 155 194 278 41 139 286 138 226 792260 250 214 66 660 220
166 799334 L 117 65 86 89 144 134 125 207 255 795321 464 197 494 175 303 329 183 234 37 152 223
167 808060 M 194 143 66 112 135 216 125 1196 241 514 802593 124 255 152 357 350 454 335 114 114 270
168 812586 Q 195 99 98 180 117 173 158 216 745 382 73 123 245 808024 499 313 290 196 40 126 294
169 808576 G 208 337 193 104 61 805418 54 180 79 245 50 100 115 111 324 268 202 272 31 73 151
170 815988 S 250 93 84 103 120 215 155 108 103 441 63 107 481 98 286 812179 254 209 16 95 528
171 817789 T 157 64 11 22 63 23 63 229 30 253 28 121 299 88 211 258 815723 12 32 54 48
172 819629 L 141 98 102 39 180 252 186 769 122 815688 49 119 400 106 327 255 268 224 76 99 129
173 819205 P 321 135 159 168 186 396 549 288 240 665 69 249 813081 158 486 620 622 285 61 147 320
174 824456 R 67 91 123 135 173 466 158 215 192 501 300 128 307 154 819668 717 389 254 94 122 202
175 824064 R 102 96 91 71 68 370 62 138 239 236 316 78 355 127 820695 333 231 181 113 65 97
176 827593 S 165 85 70 96 152 217 113 151 132 253 54 105 486 111 283 824222 275 100 34 273 216
177 841656 G 160 148 122 152 143 837136 169 187 210 404 70 134 225 158 598 330 116 598 62 136 398
178 853059 A 847067 169 565 185 94 388 137 278 159 368 56 153 255 122 393 1234 453 530 71 161 221
179 866278 A 861420 58 76 1082 74 159 86 102 106 319 41 110 267 47 179 755 762 340 54 78 163
180 862264 G 326 387 242 111 151 858038 102 170 108 271 87 96 267 98 395 336 252 436 89 118 184
181 860928 A 855060 156 483 168 171 396 97 225 126 460 58 160 310 146 419 930 671 527 83 131 151
182 868347 A 862492 99 113 568 130 331 154 110 103 265 36 95 255 178 317 874 894 1007 52 82 192
183 869111 V 271 86 155 92 202 335 75 277 74 338 54 117 278 64 242 219 218 865797 38 90 89
184 886381 K 251 90 81 234 154 288 195 298 881968 328 55 340 233 110 408 360 243 255 71 117 302
185 891935 G 256 130 101 215 139 887328 133 147 126 248 44 107 252 140 564 305 168 847 64 116 505
186 898816 V 313 63 135 53 277 197 118 330 67 310 33 58 386 80 236 252 189 895437 43 115 124
187 904240 G 249 115 83 205 77 900770 105 80 88 203 35 81 148 98 423 192 232 519 39 83 415
188 906641 T 294 56 44 47 91 156 101 249 171 224 32 76 351 101 299 372 903584 136 53 70 134
189 918230 M 140 85 63 92 85 183 116 596 161 319 914589 56 229 65 331 189 266 354 68 78 165
190 917754 V 243 76 60 163 79 181 107 94 69 344 137 49 260 71 166 230 118 915109 66 57 75
191 919925 M 192 83 47 49 77 108 76 589 146 340 916573 77 249 52 267 226 329 245 32 71 97
192 921725 E 143 44 107 919309 71 295 54 60 162 145 11 77 132 124 188 149 91 160 28 28 347
193 922544 L 160 88 45 73 421 129 81 50 32 919900 79 86 327 46 150 326 162 126 44 70 149
194 923764 V 333 69 187 58 154 247 165 182 51 403 20 35 481 57 296 221 133 920488 38 86 60
195 917426 R 219 161 161 92 110 504 136 488 140 470 36 123 395 107 912697 408 320 327 69 155 308
196 914510 M 144 134 39 28 66 219 110 423 119 298 911502 27 174 97 203 181 242 290 77 61 76
197 911389 I 159 121 57 81 160 174 66 908520 67 245 82 153 188 58 279 252 246 251 36 93 101
198 906091 K 110 95 54 205 77 161 31 94 903796 212 13 135 106 38 290 158 132 125 57 73 129
199 900905 R 242 282 56 47 114 303 324 156 47 431 52 90 248 117 897367 384 150 169 75 123 128
200 904151 G 177 60 41 120 100 901517 44 77 59 115 4 32 115 53 370 118 62 379 574 56 78
201 892627 I 170 77 90 38 152 157 107 889872 48 267 118 137 167 63 244 235 205 289 27 69 95
202 885512 N 225 76 386 74 73 210 108 179 180 266 35 882206 175 64 221 369 205 146 60 130 124
203 883472 D 482 217 877146 313 206 555 173 186 121 502 92 260 440 132 517 492 361 615 74 357 231
204 879075 R 427 227 170 226 204 636 114 222 150 868 110 138 351 478 872596 479 303 501 474 146 255
205 868355 N 370 233 273 149 159 267 239 163 215 458 56 862883 526 128 347 610 364 366 129 207 213
206 851800 F 316 128 108 80 847337 357 117 156 80 688 54 90 332 105 354 492 244 313 95 167 187
207 833325 W 367 948 93 131 122 617 139 175 101 643 54 100 535 124 873 499 258 311 826852 63 320
208 822026 R 291 114 62 81 56 668 105 93 188 384 535 84 309 97 817225 816 234 263 199 100 122
209 809398 G 344 400 265 84 80 805296 121 92 43 325 31 48 396 110 442 514 175 353 84 64 131
210 809018 E 278 116 299 804472 100 707 86 103 222 265 41 45 286 117 313 309 190 349 75 55 590
211 804556 N 212 122 192 69 82 215 126 207 138 366 44 800689 453 85 364 391 242 227 97 147 88
212 804714 G 319 109 124 181 89 800291 133 117 94 328 72 97 372 104 662 316 216 529 67 100 394
213 795794 R 213 140 63 77 68 397 138 98 36 655 27 114 499 380 791657 249 179 235 63 72 434
214 781667 K 242 136 106 201 112 440 156 134 777045 428 21 172 457 109 526 394 292 317 109 84 186
215 774549 T 221 26 40 37 23 101 48 111 114 123 9 37 191 45 156 157 772967 34 34 40 35
216 767219 R 104 40 19 23 33 361 27 171 89 117 19 8 98 54 765591 118 112 94 63 9 69
217 761276 I 90 38 34 43 81 98 63 759760 47 99 18 82 99 45 183 114 158 130 28 24 42
218 759868 A 757947 43 256 31 11 153 46 37 25 84 3 16 127 54 78 568 129 182 21 21 36
219 767464 Y 62 157 28 23 67 80 161 39 37 105 6 46 84 26 95 99 38 63 18 766105 125
220 771575 E 17 3 50 770793 3 153 9 2 102 19 2 7 14 37 25 21 9 50 12 8 239
221 775878 R 14 16 11 10 7 180 5 190 131 17 12 7 49 6 775004 59 62 25 7 8 58
222 766382 M 42 19 18 12 25 66 13 260 69 123 765084 23 64 16 95 59 128 161 36 17 52
223 762503 C 43 760567 33 11 391 82 19 36 25 41 2 31 22 33 231 181 31 55 51 214 404
224 765568 N 41 19 152 13 23 58 9 89 87 49 0 764463 53 25 71 174 55 97 8 64 18
225 770509 I 29 49 15 13 59 142 31 769313 14 141 35 60 37 32 70 80 153 157 25 23 31
226 777240 L 56 30 16 14 74 94 100 181 10 776088 11 30 287 5 52 45 29 63 16 15 24
227 777087 K 129 36 30 167 61 137 50 100 775169 164 24 105 71 55 236 130 137 103 44 30 109
228 773146 G 206 41 44 180 34 770564 35 52 35 165 30 47 144 28 299 157 174 329 497 42 43
229 779548 K 113 28 53 222 41 161 73 84 777336 202 23 112 176 43 284 157 88 103 52 50 147
230 784749 F 112 64 32 52 782890 186 60 147 41 265 18 48 111 28 126 233 47 122 30 72 65
231 788665 Q 138 69 38 62 55 168 155 112 335 261 16 56 207 785596 773 202 141 67 11 33 170
232 794201 T 233 60 40 38 52 194 59 159 65 157 41 126 205 83 230 226 791945 100 41 66 81
233 795704 A 792033 74 460 71 54 286 90 98 61 202 23 41 265 65 263 810 315 314 35 63 81
234 795170 A 791795 40 54 533 20 189 29 69 45 173 13 59 174 61 204 595 679 350 15 23 50
235 797123 Q 113 57 67 70 85 144 116 63 100 211 10 66 238 794843 307 144 93 126 21 59 190
236 798779 K 56 50 55 157 96 189 76 108 796392 178 57 96 148 126 329 202 114 116 47 68 119
237 801650 A 797720 78 108 516 91 255 122 158 39 261 32 55 278 81 341 556 275 510 28 70 76
238 801871 M 94 122 79 74 80 137 79 584 126 352 798268 125 183 86 287 282 308 364 43 79 119
239 798260 M 231 50 71 121 79 274 81 579 167 411 794220 92 310 39 307 307 327 293 71 76 154
240 792261 D 335 146 787039 203 172 465 265 186 72 344 70 262 404 111 520 560 204 373 80 273 177
241 791442 Q 316 121 118 169 122 284 217 224 249 480 41 148 315 786267 821 443 328 293 58 176 252
242 784131 V 410 154 122 182 164 490 139 201 104 709 170 124 404 117 502 376 226 779120 112 129 176
243 785347 R 267 145 130 104 160 475 189 660 211 528 84 132 519 138 779770 606 378 314 54 202 281
244 769736 E 350 121 600 763759 143 852 164 149 253 336 68 142 429 172 502 302 257 395 72 113 557
245 756214 S 349 146 122 131 118 677 178 885 122 324 71 263 503 107 962 750376 294 233 100 91 162
246 743964 R 232 82 79 107 114 414 159 138 83 663 23 67 427 466 739601 300 225 277 307 61 139
247 731917 N 282 111 203 84 126 209 83 191 171 362 58 727915 378 98 319 444 296 259 51 150 127
248 713374 P 292 177 109 158 143 207 202 194 155 556 55 122 708792 466 470 296 342 331 59 155 93
249 694539 G 75 121 47 122 119 690615 114 140 71 332 84 74 320 81 534 309 160 348 554 142 177
250 681417 N 214 118 189 77 99 238 77 182 104 283 67 678075 144 75 264 405 230 174 45 187 170
251 673283 A 668364 61 491 103 105 293 148 181 109 354 52 112 228 156 339 674 654 479 81 142 157
252 661496 E 136 88 145 658268 67 231 69 63 163 202 27 42 172 85 262 194 89 165 32 63 933
253 647342 F 179 71 104 87 644223 246 88 112 59 578 17 83 256 93 242 251 138 176 59 171 109
254 627352 E 101 73 91 625026 26 518 45 35 152 122 15 29 68 77 168 120 76 227 58 34 291
255 604127 D 158 61 601687 87 62 374 90 64 27 187 26 72 206 37 187 200 127 226 53 123 73
256 581012 L 267 143 65 91 195 336 158 163 56 577600 42 88 477 76 282 279 167 235 90 93 109
257 561597 T 245 60 59 52 68 216 83 121 40 226 28 84 300 57 184 320 559121 141 39 58 95
258 545696 F 183 93 65 65 542708 316 71 165 73 359 37 93 189 72 262 322 144 147 70 128 134
259 533130 L 164 82 64 71 80 253 61 258 77 530611 26 61 263 122 204 176 111 207 71 54 114
260 516930 A 514863 30 39 359 22 158 46 28 26 137 5 19 97 31 149 415 235 178 22 25 46
261 498740 R 65 46 30 21 18 104 31 36 14 233 9 11 62 146 497423 76 94 41 227 24 29
262 479206 S 127 82 26 23 114 143 43 41 45 125 9 28 201 27 128 477585 112 81 64 151 51
263 448403 A 445550 67 66 327 52 206 61 71 57 183 31 41 128 30 162 402 414 393 37 46 79
264 430127 L 171 72 64 79 180 238 137 135 55 427434 31 62 289 62 318 214 130 235 49 75 97
265 403810 I 154 79 57 61 82 162 88 400937 116 317 92 85 198 80 268 238 215 276 61 122 122
266 382870 L 131 83 77 67 383 304 62 96 54 380003 82 75 122 84 258 342 194 171 113 67 102
267 365242 R 99 14 80 82 118 212 74 293 137 296 30 102 110 64 362771 236 130 160 9 115 110
268 350270 G 10 36 52 110 41 348620 37 46 48 108 26 29 83 51 290 103 86 184 201 61 48
269 325692 S 95 70 39 50 51 155 39 71 50 222 22 38 143 50 133 323925 134 108 55 42 200
270 304247 V 163 49 82 80 104 211 92 173 61 261 23 50 134 69 292 180 128 301850 27 84 134
271 287165 A 283076 148 223 121 118 260 105 136 109 346 75 124 270 119 279 473 431 346 63 154 189
272 276092 H 244 140 116 134 144 176 271188 221 179 520 72 439 410 188 466 401 263 305 85 178 223
273 256217 K 237 197 144 237 186 343 47 243 251785 418 100 149 155 78 326 424 282 327 148 124 267
274 242156 S 86 125 91 71 187 102 49 173 102 225 20 138 156 35 143 239651 190 162 31 259 160
275 234374 C 172 230574 80 115 343 308 61 167 98 398 66 72 214 104 349 320 101 274 98 134 326
276 227043 L 100 64 39 24 51 139 46 59 38 225419 110 40 134 92 206 126 45 148 56 36 71
277 222734 P 81 54 56 26 67 135 122 74 21 158 29 49 221086 5 98 225 230 123 17 50 28
278 220141 A 217130 47 256 80 76 312 63 75 71 175 25 56 223 65 265 441 246 369 44 48 74
279 216034 C 104 212906 65 53 165 198 70 109 60 356 48 69 264 73 507 317 89 156 95 129 201
280 225364 V 235 95 63 76 85 215 53 64 34 208 69 36 122 49 139 263 163 223124 68 86 117
281 239777 Y 131 198 119 170 243 553 160 132 92 435 50 89 170 82 346 245 72 295 82 235895 218
282 237979 G 491 347 238 282 257 231334 154 226 244 598 112 207 328 155 760 656 282 518 201 208 381
283 282107 P 366 202 217 139 143 556 349 233 163 604 72 145 276236 139 614 583 312 441 125 169 299
284 305577 A 300287 135 420 142 73 390 70 143 119 320 66 73 346 113 362 896 557 592 145 96 232
285 317421 V 348 246 64 175 174 370 69 345 92 597 73 73 343 103 405 288 74 313036 154 146 246
286 330708 A 329222 99 240 29 34 180 20 19 17 56 5 17 18 6 90 154 43 176 52 77 154
287 343622 S 19 65 4 7 30 90 11 39 10 122 0 46 67 48 170 342740 33 35 26 23 37
288 358272 G 128 30 38 89 56 356567 38 53 26 152 18 44 77 45 156 119 92 213 205 49 77
289 382756 Y 118 170 100 72 117 247 258 116 70 202 34 112 143 81 217 196 91 151 45 380049 167
290 409018 D 98 57 406841 112 90 110 46 130 45 206 23 145 128 71 162 161 68 159 56 198 112
291 432101 F 158 61 57 64 429464 349 53 152 74 280 31 61 126 45 269 275 137 202 46 89 108
292 459351 E 137 58 82 456830 88 360 51 80 140 178 25 71 183 62 124 195 135 198 34 79 241
293 473575 R 81 80 33 47 98 425 49 90 162 95 313 70 109 56 471084 277 167 118 69 62 90
294 484488 E 108 61 279 481745 63 367 92 90 121 173 43 53 153 81 138 143 107 202 27 39 403
295 508687 G 95 51 29 137 40 506859 48 62 25 133 42 56 69 52 215 113 89 241 31 45 255
296 534541 Y 62 138 39 22 73 52 107 50 50 75 17 72 60 28 70 73 66 59 19 533282 127
297 559278 S 97 76 49 59 133 121 63 90 82 177 23 81 263 67 156 556788 198 108 34 498 115
298 588152 L 201 93 114 84 81 250 99 467 76 584892 53 118 247 146 247 255 194 242 26 125 142
299 601414 V 211 67 121 74 143 275 37 119 55 178 40 45 88 58 181 164 91 599307 29 48 83
300 613779 G 109 18 86 127 48 611790 68 74 19 119 12 71 62 33 393 113 68 339 2 58 170
301 629492 I 61 48 74 33 32 82 46 627692 51 188 236 33 117 48 140 100 137 190 22 64 98
302 658442 D 121 54 656457 132 43 209 66 35 39 137 17 125 148 36 125 153 86 144 23 205 87
303 683655 P 40 52 33 49 47 179 447 35 18 133 7 37 681940 6 74 156 260 65 32 21 24
304 706646 F 148 98 86 85 703631 155 89 133 88 623 56 94 135 78 199 330 97 171 39 165 146
305 728748 R 225 127 124 62 147 693 111 404 170 451 57 147 237 132 724255 414 348 275 2 103 264
306 742888 L 100 89 61 74 108 120 110 114 84 740209 152 63 466 116 284 216 166 139 73 61 83
307 764991 L 192 69 106 99 238 228 180 585 87 761065 50 103 450 119 317 309 212 253 80 87 162
308 788384 Q 198 123 110 178 159 149 136 230 491 446 42 119 246 784105 422 284 191 238 102 130 285
309 803295 N 205 106 174 50 195 220 155 284 264 434 57 798862 315 111 393 499 301 250 46 160 214
310 821757 S 179 233 62 91 99 443 107 724 88 270 56 473 172 88 774 817052 277 260 67 100 142
311 829993 Q 200 62 124 121 104 203 212 181 271 599 55 107 429 825722 415 295 181 205 79 106 322
312 843045 V 367 143 102 212 116 257 101 116 107 445 153 84 282 107 280 294 202 839333 66 114 164
313 858528 Y 121 272 114 99 207 286 265 144 84 221 22 165 239 86 220 331 149 185 67 854910 341
314 871998 S 205 163 77 70 81 546 100 718 98 218 45 196 170 102 832 867832 178 141 53 42 131
315 877182 L 212 96 101 133 137 276 114 441 105 873068 77 67 564 203 438 299 189 289 85 137 151
316 882525 I 194 58 72 117 180 302 77 879034 123 279 78 129 193 83 357 278 303 367 76 79 146
317 889029 R 216 122 91 110 108 760 144 490 272 446 63 101 182 109 884491 393 289 233 72 89 248
318 883212 P 289 130 104 105 80 210 140 144 179 484 44 121 879065 478 350 411 324 247 42 115 150
319 885236 N 270 130 184 143 207 329 162 238 257 354 96 880308 282 167 407 504 309 311 85 195 298
320 886905 E 268 102 372 881930 138 691 82 167 209 295 63 74 189 133 321 329 220 393 84 102 743
321 877058 N 148 51 139 108 58 286 79 180 237 211 62 873931 179 100 245 323 204 152 46 143 176
322 874028 P 232 91 74 70 92 250 141 132 111 429 45 126 870155 288 373 370 552 148 54 117 178
323 872916 A 867758 120 88 770 135 333 154 147 145 320 50 100 298 122 294 741 413 579 51 97 201
324 870161 H 172 100 131 109 93 185 866676 126 86 333 75 159 272 245 378 274 211 133 33 208 162
325 857332 K 102 82 68 256 69 141 41 95 854419 136 106 596 80 29 485 138 117 196 18 59 99
326 848343 S 150 84 63 119 66 281 73 209 101 126 21 258 152 90 338 845793 171 116 1 66 65
327 838378 Q 40 52 33 52 25 74 168 30 279 131 4 35 81 836670 321 93 41 28 5 59 157
328 828136 L 189 126 106 179 90 474 114 174 175 823868 157 139 276 215 474 330 209 332 124 132 253
329 833822 V 220 88 93 127 114 300 84 170 156 401 123 86 227 78 381 273 175 830479 52 70 125
330 837861 W 186 423 58 107 125 266 98 161 127 550 60 75 221 72 444 309 191 150 833797 79 362
331 824437 M 257 228 143 131 201 439 162 649 264 567 818169 150 503 146 463 507 513 432 123 129 261
332 825713 A 818989 134 130 549 160 381 159 277 190 497 101 107 576 163 421 871 874 639 83 185 227
333 827773 C 284 822634 58 46 602 272 65 179 91 367 54 103 190 68 602 477 204 210 133 501 633
334 815979 H 152 98 116 102 111 144 811733 161 180 460 54 393 288 164 463 378 201 185 76 292 228
335 805662 S 174 153 79 152 289 284 54 147 125 299 44 94 140 95 309 802034 247 241 66 418 218
336 798724 A 794608 53 414 86 54 220 80 57 72 158 24 52 232 68 250 895 687 564 33 60 57
337 788954 A 785231 77 43 709 71 264 53 55 59 228 21 35 181 87 204 714 541 196 28 54 103
338 786061 F 132 90 43 76 783533 205 88 106 56 373 23 71 138 54 248 339 89 166 10 119 102
339 787045 E 192 52 201 783773 82 547 44 121 114 239 34 57 166 109 237 160 170 228 47 73 399
340 779168 D 220 91 776680 103 68 217 94 91 56 166 21 154 196 51 170 167 161 186 20 168 88
341 777444 L 92 54 84 93 71 157 157 220 97 774620 43 72 439 166 320 192 180 139 53 89 106
342 783390 R 177 44 70 35 79 332 51 577 135 223 29 71 161 69 780505 283 200 153 28 37 131
343 786497 V 132 17 21 105 54 65 19 140 41 187 10 19 33 21 89 67 56 785356 14 18 33
344 788828 L 94 62 69 36 143 171 39 219 64 786768 13 63 150 34 141 262 101 157 41 63 138
345 780173 S 119 106 22 40 23 277 55 548 45 105 23 92 94 37 615 777686 125 57 41 23 40
346 778147 F 137 91 33 54 775719 132 59 88 41 606 39 54 143 55 136 271 121 120 27 141 80
347 773577 I 106 72 48 29 115 127 106 771265 72 245 87 153 141 47 191 152 248 149 22 74 128
348 769227 K 246 132 92 236 71 99 103 189 765827 237 51 238 280 87 358 238 315 126 39 84 179
349 776010 G 110 64 66 248 27 773335 44 80 45 143 22 49 145 52 332 156 98 398 461 52 83
350 777008 T 437 54 117 96 58 232 66 70 154 261 232 57 322 80 269 239 773926 149 49 67 73
351 777178 K 196 132 74 192 91 369 65 117 773013 319 148 317 185 100 722 309 275 199 67 106 182
352 771258 V 253 94 75 130 125 305 71 123 80 327 263 67 146 77 275 199 138 768258 45 67 140
353 784118 L 173 88 57 76 502 187 178 488 100 780455 47 84 444 71 288 234 149 241 54 89 113
354 787755 P 307 133 132 136 217 365 130 187 155 502 67 156 782666 564 443 420 461 293 37 162 222
355 790278 R 246 125 118 98 78 364 113 762 146 352 50 104 202 88 786355 290 254 151 40 97 245
356 802756 G 190 144 116 202 137 798770 55 161 118 401 49 85 129 72 453 265 198 451 530 83 147
357 790552 K 231 121 67 303 113 297 76 124 786218 385 87 617 226 134 476 270 185 206 69 106 241
358 793396 L 126 72 67 72 174 166 58 600 41 790695 37 57 278 32 208 136 117 205 53 97 105
359 801236 S 128 58 40 40 137 119 54 59 49 151 27 21 218 39 126 799402 132 134 13 245 44
360 811994 T 323 66 84 70 93 258 58 149 90 176 34 137 205 84 249 279 809233 159 54 75 118
361 804928 R 210 83 111 129 98 401 61 709 134 177 56 82 136 76 801522 222 176 206 58 73 208
362 811574 G 92 36 45 97 55 809297 35 44 54 114 34 27 108 38 268 77 97 655 44 39 318
363 817155 V 250 97 100 54 131 340 69 194 29 241 22 60 180 54 135 114 92 814807 53 73 60
364 824312 Q 64 32 23 99 12 75 123 79 396 164 13 52 168 822194 283 125 86 72 28 35 189
365 830218 I 68 54 64 72 129 175 69 828333 58 166 41 108 66 89 106 101 177 152 23 75 92
366 838284 A 836004 34 333 19 10 132 56 59 41 94 16 12 95 20 96 550 308 274 36 38 57
367 834612 S 187 88 69 68 120 186 49 90 98 142 26 68 269 41 150 832114 230 126 44 346 101
368 835055 N 64 31 167 66 58 140 70 134 133 227 28 832934 129 66 118 217 126 125 36 97 89
369 842515 E 96 39 84 840974 20 234 42 51 156 40 5 33 67 67 97 64 47 77 9 53 260
370 840172 N 27 77 137 64 41 125 56 180 121 129 19 838375 74 74 122 152 65 120 25 86 103
371 847014 M 88 42 25 33 42 115 40 370 91 198 845172 29 72 40 114 97 166 159 20 37 64
372 856784 E 158 17 269 854402 26 523 85 37 123 132 10 39 80 84 128 103 75 212 21 28 232
373 857910 T 187 21 48 52 54 110 42 167 35 112 19 100 187 42 152 258 856102 105 22 22 73
374 863580 M 126 45 44 48 44 155 39 394 128 193 861595 28 49 13 117 44 203 206 35 31 43
375 865228 E 70 15 83 863823 23 192 40 38 120 85 7 26 75 71 35 48 48 106 11 24 288
376 863804 S 111 49 46 42 48 107 37 54 54 173 20 36 193 89 158 861850 170 87 36 21 423
377 857009 S 97 150 50 35 63 449 48 167 35 190 34 154 104 42 341 854599 133 123 52 60 83
378 851390 T 182 49 56 64 81 121 61 284 129 103 23 71 202 49 203 205 849128 138 43 50 148
379 852708 L 108 49 27 32 211 207 104 172 33 850287 31 80 330 88 202 246 122 177 23 69 110
380 845828 E 98 51 99 843265 87 344 65 129 147 155 25 63 78 68 136 193 120 229 34 33 409
381 847140 L 87 76 59 95 113 177 92 102 50 844448 109 73 384 108 289 203 189 240 39 79 128
382 846276 R 50 157 123 99 160 473 70 304 204 437 65 101 199 66 842446 354 279 258 33 110 288
383 845660 S 148 216 75 75 159 416 94 671 66 269 84 195 103 64 877 841493 137 208 58 117 135
384 845616 R 149 123 74 101 59 839 62 119 179 256 261 110 115 115 841821 416 215 209 160 77 156
385 844605 Y 95 185 44 89 90 122 165 111 66 143 33 96 165 69 127 212 112 148 35 842272 226
386 845457 W 123 278 31 45 41 251 38 81 65 529 47 40 68 72 452 171 95 121 842578 32 299
387 843209 A 839650 19 565 113 32 392 47 88 79 113 33 53 239 69 234 496 410 459 9 37 72
388 835453 I 31 35 74 50 59 45 48 833330 114 198 460 49 60 54 152 103 195 196 34 55 111
389 835822 R 194 138 102 97 96 795 88 156 184 265 337 95 100 70 831783 454 188 289 133 86 172
390 830381 T 346 98 136 150 92 387 71 213 118 297 62 138 112 90 393 439 826560 287 104 125 163
391 840784 R 232 96 160 158 128 759 73 375 251 377 56 130 196 93 836370 252 210 293 95 135 345
392 839957 S 285 171 166 183 103 546 119 266 124 312 65 224 201 171 616 835352 298 282 93 168 212
393 846972 G 199 59 79 134 59 843629 59 102 75 194 25 60 97 66 476 217 84 868 48 49 393
394 851134 G 345 89 69 269 63 847887 44 110 33 203 30 72 175 65 454 176 82 441 61 82 384
395 848102 N 334 171 250 164 138 546 181 273 313 455 74 842135 398 118 582 552 421 382 146 215 254
396 849642 T 383 114 112 170 76 348 84 242 104 258 94 173 283 93 334 395 845809 232 51 48 239
397 853408 N 215 125 269 133 110 403 124 180 174 296 55 849484 257 87 375 329 197 248 63 158 126
398 844474 Q 176 168 169 171 230 203 250 341 524 621 87 141 410 838901 519 356 299 316 82 181 329
399 837999 Q 479 147 171 182 267 347 929 361 288 760 93 290 1032 829681 786 686 446 340 48 243 423
400 837628 R 216 193 103 192 230 694 191 269 299 457 478 177 278 167 831685 684 431 313 133 172 266
401 845701 A 838352 154 207 628 184 458 205 246 209 546 96 257 509 196 530 933 585 841 73 189 303
402 844311 S 469 199 201 134 328 292 236 422 321 698 58 298 667 165 436 837668 508 260 66 543 342
403 847854 A 840317 198 137 589 172 378 177 204 207 480 72 166 405 155 366 1912 523 967 71 132 226
404 858422 G 398 397 818 138 368 851304 241 255 189 524 46 184 446 98 528 675 437 776 83 231 286
405 871350 Q 397 172 207 251 383 677 365 428 460 788 145 257 452 863379 838 594 362 445 107 209 434
406 858460 I 309 218 224 239 413 369 286 851539 182 818 100 289 537 189 210 747 614 493 70 300 314
407 870779 S 317 238 136 121 219 634 140 796 111 502 83 385 385 114 984 864419 413 333 48 176 225
408 877487 I 264 168 173 137 236 345 183 872149 256 610 261 196 129 153 406 424 433 438 70 191 265
409 877980 Q 307 146 125 197 202 289 306 340 266 624 78 183 399 872059 589 497 325 402 77 137 432
410 883066 P 241 48 83 82 130 396 323 129 59 335 62 55 879673 80 383 215 249 293 68 46 116
411 888799 T 155 32 8 64 19 139 20 32 167 108 283 20 79 53 222 120 887081 84 46 10 57
412 895460 F 190 82 60 76 892454 228 81 170 40 550 33 52 184 83 227 364 125 153 45 117 146
413 901503 S 296 110 122 164 108 477 64 141 114 413 40 148 615 96 407 896752 290 263 50 41 792
414 914554 V 415 112 70 203 133 375 67 234 78 383 62 114 146 76 242 204 157 911220 40 65 158
415 917689 Q 204 83 87 101 94 112 501 86 176 366 55 43 217 914297 401 214 138 176 50 57 231
416 915752 R 156 118 60 71 79 387 64 317 171 307 40 89 152 91 912570 292 199 205 53 117 214
417 929551 N 110 62 178 135 147 189 68 180 182 226 59 926443 188 106 278 292 82 242 60 135 189
418 936620 L 95 100 81 64 176 165 182 322 79 933888 33 68 459 51 245 162 92 136 53 77 92
419 936561 P 198 74 83 89 66 204 612 102 88 266 48 74 933140 79 335 267 392 196 69 61 118
420 945631 F 151 79 35 72 943277 259 81 97 68 331 28 28 107 67 237 289 127 57 65 88 88
421 951657 D 254 112 947682 242 74 554 173 76 36 204 31 222 297 60 232 230 171 430 51 416 110
422 952290 R 279 165 87 75 172 662 121 501 289 379 68 132 428 98 947373 399 383 263 72 111 233
423 948190 T 301 111 131 68 171 204 112 271 178 335 19 127 302 112 301 349 944619 231 26 112 110
424 956072 T 264 118 59 85 113 121 127 262 80 282 39 167 259 81 260 405 952839 206 47 134 124
425 954213 I 139 120 101 85 186 170 144 951046 96 226 27 202 176 81 211 292 282 282 39 163 145
426 950997 M 164 112 49 36 132 107 101 646 231 391 946875 146 211 92 289 306 414 272 86 127 210
427 949071 A 944320 163 52 577 114 234 140 206 83 294 26 107 312 70 276 713 474 655 50 88 117
428 934012 A 929710 107 67 688 80 198 54 112 71 203 21 75 315 115 234 790 623 319 35 87 108
429 922355 F 159 149 121 122 918027 171 57 315 144 827 115 137 114 99 281 555 209 279 64 192 218
430 908023 N 238 117 303 160 175 313 135 365 316 454 39 902878 226 125 358 623 342 273 65 241 277
431 889807 G 250 138 122 218 235 885434 99 147 91 288 54 119 198 74 432 370 154 577 519 139 149
432 871674 N 255 147 329 135 138 384 244 350 194 469 38 866148 421 163 480 514 355 335 55 290 230
433 858280 T 358 138 66 85 171 217 109 541 221 400 53 85 217 81 411 305 854210 212 96 124 180
434 838809 E 142 53 491 834583 125 443 84 151 200 272 59 60 191 111 264 257 154 245 70 108 746
435 820395 G 161 96 61 228 49 817328 98 72 55 190 13 50 167 40 358 203 125 406 531 90 74
436 796188 R 235 122 74 105 224 542 127 472 386 481 80 117 409 107 791285 402 259 263 51 161 286
437 770454 T 304 167 63 156 163 231 165 432 254 469 75 219 310 162 364 373 765865 224 51 175 232
438 749381 S 225 136 122 108 254 188 144 196 95 385 50 114 394 77 260 745549 283 181 41 339 240
439 732905 D 335 147 728215 191 147 381 188 199 94 313 30 212 262 102 286 463 262 369 65 460 184
440 707252 M 246 186 153 109 176 287 125 1037 162 476 701303 183 366 171 354 468 522 408 64 192 264
441 683517 R 113 46 28 39 46 623 52 66 210 169 331 41 109 43 680715 386 145 98 112 60 85
442 656050 T 191 63 44 32 64 135 73 189 19 151 26 119 192 29 151 266 654094 81 10 48 73
443 637599 E 93 36 69 635468 55 266 21 10 356 197 9 27 78 82 121 134 75 148 44 41 269
444 615346 I 98 83 80 43 76 116 68 613310 44 183 42 107 136 50 206 195 162 146 28 67 106
445 589001 I 246 136 89 49 165 159 71 585898 96 310 267 78 168 83 205 208 229 291 45 95 113
446 558781 R 140 91 60 75 71 400 51 103 92 193 193 75 128 47 556100 361 162 190 95 63 91
447 529709 M 167 123 76 65 88 254 66 391 122 282 526578 67 201 72 313 204 185 190 95 47 123
448 508349 M 90 70 26 57 75 200 43 334 90 214 506118 28 107 36 180 123 156 275 43 26 58
449 477970 E 86 44 42 476396 47 229 16 53 95 126 16 46 82 44 135 132 52 133 15 43 138
450 450714 S 79 64 20 35 47 188 14 61 32 92 26 84 87 69 171 449367 86 85 22 17 68
451 420304 A 417886 55 45 208 59 184 58 69 27 99 16 43 127 46 98 378 315 450 37 33 71
452 396128 R 73 45 29 47 21 242 20 119 81 105 24 22 82 19 394798 112 67 68 41 46 67
453 357877 P 49 14 21 23 16 58 18 23 17 113 5 16 357064 126 78 89 53 32 1 34 27
454 329658 E 35 16 38 328983 28 69 18 11 50 52 4 15 30 14 34 51 19 76 6 16 93
455 289852 D 104 59 288064 69 80 173 91 80 31 156 14 69 82 26 118 139 76 136 33 158 94
456 255268 V 222 43 66 110 71 109 76 83 57 268 62 51 201 51 158 164 104 253258 9 43 62
457 238316 S 112 85 77 54 90 147 33 66 30 180 18 39 117 43 168 236558 144 107 34 113 101
458 305767 F 172 57 110 91 302585 152 94 150 157 418 100 159 172 87 242 291 172 232 41 126 159
459 306003 Q 176 55 68 73 88 165 368 113 211 371 49 91 211 302443 722 212 155 168 11 104 149
460 298847 G 159 83 95 192 85 296427 51 121 61 169 26 72 183 66 166 225 117 342 18 75 114
461 290739 R 243 98 45 66 96 309 120 99 62 526 78 71 312 347 287373 209 104 201 205 56 119
462 280738 G 274 105 94 133 91 277170 79 139 72 255 74 110 310 95 541 265 156 247 69 123 336
463 268725 V 115 28 31 43 74 34 36 212 17 231 15 29 249 19 78 116 153 267142 6 34 63
464 314247 F 204 148 131 96 310481 236 136 296 128 433 71 133 191 91 205 347 231 326 34 169 160
465 317077 E 124 75 246 314443 77 244 93 109 157 188 24 109 72 56 152 204 139 75 51 94 345
466 330355 L 182 108 76 119 179 266 136 390 109 327123 57 103 271 131 252 237 136 177 67 89 147
467 342306 S 13 62 6 34 53 13 32 96 85 298 41 63 143 37 183 340561 59 23 60 77 367
468 353060 D 35 38 351631 85 60 174 40 39 48 67 15 93 36 37 86 133 79 93 33 181 57
469 382401 E 47 15 33 381457 11 77 21 31 181 65 12 33 47 42 61 19 46 56 4 12 131
470 402567 K 20 32 11 88 43 55 54 100 400730 127 58 197 122 56 438 97 121 77 1 47 93
471 431244 A 428291 83 55 269 72 154 88 95 87 247 35 110 168 101 155 307 323 357 46 53 148
472 468243 A 465640 31 51 302 40 66 28 97 40 85 15 76 196 29 33 555 251 576 13 59 60
473 491367 S 71 75 28 32 56 136 132 443 53 169 12 151 201 74 394 489058 122 34 18 46 62
474 516624 P 51 36 47 42 24 52 53 60 34 185 41 45 515064 312 108 154 170 60 13 25 48
475 536602 I 68 45 69 48 150 81 59 534718 65 198 50 114 71 63 136 132 170 162 18 65 120
476 542547 V 281 113 109 148 146 164 133 197 127 464 355 165 178 116 277 287 206 538632 67 169 213
477 555044 P 180 65 64 56 118 118 257 173 118 447 41 141 551769 81 218 319 436 174 34 101 134
478 569625 S 150 113 114 73 268 112 127 155 105 350 54 131 342 102 127 566327 220 195 35 290 235
479 576439 F 145 94 62 45 573419 153 83 154 147 480 54 119 235 90 175 309 167 236 30 98 144
480 573026 D 107 27 571101 141 31 221 90 88 46 119 12 119 91 41 90 139 71 177 7 243 65
481 574611 M 61 57 20 38 52 52 47 779 77 230 572201 51 67 34 99 151 239 197 28 64 67
482 568376 S 58 112 17 14 48 259 46 115 32 72 22 144 43 12 191 566924 49 80 38 55 45
483 570733 N 50 31 66 36 31 44 25 81 64 59 22 569825 24 14 54 116 35 62 10 44 40
484 568979 E 74 39 77 567178 57 158 66 61 111 130 17 39 92 75 102 132 73 158 30 35 275
485 567439 G 62 45 23 81 59 565848 41 40 44 154 7 46 79 41 161 115 70 179 23 72 249
486 566422 S 58 104 33 22 131 61 54 38 41 171 10 51 116 34 94 564970 113 72 25 134 90
487 565676 Y 76 99 63 38 86 138 223 90 89 181 24 98 44 49 98 119 98 102 36 563746 179
488 564328 F 76 80 45 36 562477 101 55 129 69 329 28 70 75 50 129 191 95 104 20 74 95
489 564004 F 93 64 45 40 561911 119 58 129 69 461 28 57 93 57 128 225 94 114 15 102 102
490 563570 G 120 53 66 111 98 561162 58 79 54 179 20 72 85 51 343 124 75 407 33 91 289
491 562389 D 94 54 560328 160 67 201 66 75 40 81 19 133 114 53 76 150 135 174 21 247 101
492 558842 N 82 36 144 56 52 125 77 132 136 134 34 557066 51 32 149 189 106 74 30 90 47
493 555947 A 553617 39 44 372 48 123 62 70 36 118 17 42 106 38 132 391 244 346 7 25 70
494 550660 E 113 81 281 548161 59 295 35 55 127 187 40 42 68 79 115 119 84 218 29 41 431
495 543008 E 86 51 144 540742 43 251 25 54 109 179 33 60 83 62 188 152 94 162 36 62 392
496 524922 Y 82 227 22 48 87 109 122 62 41 143 24 80 57 21 106 163 85 103 35 523097 208
497 529222 D 123 66 527299 118 62 288 71 62 28 104 15 216 75 20 64 99 52 174 28 206 52
498 519244 N 105 117 150 99 106 227 79 206 118 238 48 516462 129 91 174 263 139 206 60 133 94
