# nucleotide counts
# upper case indicates nucleotide called by both reads
# lower case indicates nucleotide called by one read with other ambiguous
# N indicates disagreement between reads, or both ambiguous
# POSITION WT COUNTS A T C G a t c g N
1 A 1152024 1147135 78 17 195 4451 10 2 4 132
2 T 1154142 82 1148707 133 8 4 5059 0 0 149
3 G 1156179 186 195 69 1150159 7 13 2 5418 130
4 G 1157563 84 154 43 1151553 3 4 3 5618 101
5 C 1159096 337 410 1151725 69 12 24 6351 2 166
6 G 1160040 524 105 85 1152407 1 3 1 6779 135
7 T 1161234 161 1152297 688 287 1 7506 6 6 282
8 C 1162455 334 1539 1152080 54 4 12 8235 3 194
9 T 1163657 310 1153056 578 596 2 8925 11 8 171
10 C 1165025 862 6915 1146852 243 13 32 9701 1 406
11 A 1166492 1147198 1126 6539 492 10628 13 40 1 455
12 A 1167654 1147899 890 389 6989 11322 19 7 38 101
13 G 1168104 474 345 470 1155340 5 13 9 11318 130
14 G 1169326 275 194 137 1156668 9 8 6 11894 135
15 C 1171084 258 229 1157468 69 2 24 12929 2 103
16 A 1172325 1156956 94 30 215 13692 0 22 3 1313
17 C 1174131 94 120 1159070 64 19 9 14664 1 90
18 C 1175999 254 105 1159719 52 6 6 15760 19 78
19 A 1178461 1160353 66 17 115 17747 28 5 2 128
20 A 1180466 1161658 42 9 126 18491 2 26 3 109
21 A 1182264 1161948 49 58 141 19421 28 1 4 614
22 C 1184536 172 192 1163455 60 8 28 20535 0 86
23 G 1186180 157 158 57 1164597 4 22 34 21013 138
24 A 1188486 1165840 40 22 154 22147 2 2 4 275
25 T 1190873 269 1163133 4044 120 11 22995 95 3 203
26 C 1192665 2928 992 1165246 93 68 31 23235 2 70
27 T 1195242 897 1166962 1948 257 24 24722 57 8 367
28 T 1197829 80 1169298 986 237 3 27077 29 5 114
29 A 1200374 1170713 328 367 254 28368 17 15 19 293
30 C 1204223 312 1125 1172086 277 29 81 30047 7 259
31 G 1206310 400 265 71 1174407 16 45 10 30965 131
32 A 1209638 1176880 69 31 208 32306 14 3 11 116
33 A 1212251 1178762 82 40 262 32894 15 5 2 189
34 C 1216055 304 215 1180577 95 17 20 34251 5 571
35 A 1220446 1183085 126 190 268 36566 26 8 18 159
36 G 1222659 355 454 117 1184618 21 36 10 36743 305
37 A 1224689 1187778 85 108 202 36322 11 14 17 152
38 T 1228390 148 1189693 147 45 16 37947 11 10 373
39 G 1230196 266 200 50 1192547 14 86 9 36804 220
40 G 1232798 135 205 49 1195295 7 49 7 36909 142
41 A 1236607 1190981 109 34 444 44660 62 8 25 284
42 G 1239399 204 182 58 1189448 15 25 18 49039 410
43 A 1242957 1188934 459 200 269 52746 43 10 17 279
44 C 1247575 297 286 1187812 417 16 19 58529 21 178
45 T 1254387 126 1183236 297 137 14 70242 37 23 275
46 G 1257770 207 271 115 1178815 23 51 17 77836 435
47 A 1261568 1174573 115 28 351 86259 11 14 27 190
48 T 1266045 208 1170508 205 92 29 94804 25 10 164
49 G 1268043 270 359 195 1157986 35 139 36 108900 123
50 G 1271075 210 406 237 1151091 35 105 34 118819 138
51 A 1274688 1144006 577 252 651 128783 143 36 82 158
52 G 1277554 273 349 498 1144123 68 77 77 131599 490
53 A 1283185 1136396 153 589 199 145539 43 87 34 145
54 A 1286917 1131010 144 310 630 154444 41 56 102 180
55 C 1292062 180 401 1122822 166 58 111 168190 44 90
56 G 1291694 495 326 219 1109432 211 87 59 180662 203
57 C 1293573 193 209 1098520 87 57 134 194262 36 75
58 C 1297459 199 238 1085455 146 123 73 211047 64 114
59 A 1301902 1076423 232 824 347 223397 210 198 90 181
60 G 1297095 199 178 64 1070284 75 149 29 226001 116
61 A 1295156 1049722 6576 354 217 236604 1394 85 117 87
62 A 1290400 1030611 297 6085 862 250713 117 1399 213 103
63 T 1290060 260 1018084 232 6509 120 263035 100 1506 214
64 G 1278793 590 316 203 1001773 196 237 95 275231 152
65 C 1276357 302 646 984864 175 192 245 289724 126 83
66 C 1276855 350 849 964758 412 272 382 309596 155 81
67 A 1281082 946860 989 1151 583 329586 428 409 329 747
68 C 1275542 664 497 939338 450 354 230 333711 249 49
69 T 1278193 979 940118 562 703 464 334811 192 241 123
70 G 1273317 413 738 34321 895896 283 343 11487 329751 85
71 A 1265000 881857 34193 107 451 336030 11931 94 249 88
72 A 1257721 869863 921 33594 299 340541 463 11792 168 80
73 A 1246818 884400 92 37 156 361794 125 46 92 76
74 T 1240777 76 867991 367 77 89 371742 226 87 122
75 C 1235160 180 141 852277 89 318 142 381823 116 74
76 A 1227369 840547 78 53 223 385856 248 67 188 109
77 G 1208615 658 140 31 828769 338 250 53 378263 113
78 A 1197457 819629 55 26 272 373589 158 66 3562 100
79 G 1179978 449 243 149 807769 387 217 169 370448 147
80 C 1168122 351 401 803415 65 337 398 360233 2834 88
81 A 1155169 794647 114 132 178 359528 106 206 148 110
82 T 1143909 1495 782875 541 255 841 355284 451 2047 120
83 C 1136848 465 388 775989 1872 2093 478 354331 1050 182
84 C 1144710 636 1876 772253 244 2234 1174 365990 221 82
85 G 1136311 343 189 31 771209 609 409 1105 362329 87
86 T 1121568 70 763008 129 100 889 356733 152 314 173
87 C 1111195 327 196 751633 64 274 611 357646 362 82
88 G 1090438 306 224 44 748971 376 197 537 339693 90
89 G 1074960 169 118 51 736376 235 313 53 337572 73
90 A 1065786 727843 65 51 404 336677 161 58 402 125
91 A 1058612 720537 46 787 233 336059 127 444 200 179
92 A 1052242 709082 291 68 460 341621 278 94 268 80
93 A 1042045 700543 758 226 208 339355 511 157 207 80
94 A 1034546 691097 105 39 113 342489 464 48 131 60
95 T 1032302 82 682141 108 49 258 348994 138 415 117
96 G 1021079 171 166 55 676566 451 377 110 343091 92
97 A 1011808 669618 88 15 216 340936 339 68 336 192
98 T 1005581 43 656117 237 65 193 348513 163 169 81
99 T 1000778 183 650182 127 71 217 349407 99 402 90
100 G 993879 363 267 101 650264 471 498 84 341746 85
101 G 983134 210 235 182 644187 221 385 283 337367 64
102 T 977085 138 648563 284 194 323 325961 234 482 906
103 G 978888 119 125 47 655996 257 192 63 321981 108
104 G 968456 105 125 35 648072 237 291 90 319411 90
105 A 591972 464605 26 17 349 126724 38 17 123 73
106 A 588929 470680 29 19 104 117924 65 6 46 56
107 T 591236 22 476129 62 8 24 114891 33 9 58
108 T 597619 23 478998 75 36 24 118331 26 21 85
109 G 597973 95 104 40 483750 40 155 30 113689 70
110 G 597853 83 73 24 490692 28 52 16 106817 68
111 A 601059 494403 65 15 249 106106 23 14 48 136
112 C 607795 106 104 499073 71 34 89 108195 29 94
113 G 612785 181 116 41 502785 54 93 28 109426 61
114 A 620042 509986 51 129 130 109557 27 34 46 82
115 T 627050 39 511724 97 193 23 114806 30 58 80
116 T 634760 58 516469 100 79 21 117898 32 31 72
117 C 637923 121 391 523969 59 49 104 113135 20 75
118 T 645957 61 531350 380 41 21 113881 126 17 80
119 A 653178 538554 52 52 103 114179 47 28 30 133
120 C 662020 119 101 547304 22 60 53 114272 16 73
121 A 670949 549852 1734 531 194 117941 434 121 43 99
122 T 677943 133 558769 276 185 54 118326 56 55 89
123 C 686601 1882 133 566606 713 432 52 116546 152 85
124 C 695844 137 66 575176 42 73 32 120210 15 93
125 A 705241 581095 40 29 102 123781 32 35 43 84
126 A 712220 587745 26 14 91 124178 48 8 24 86
127 A 718313 596954 57 24 87 121001 36 30 24 100
128 T 725395 45 606339 83 16 22 118768 35 6 81
129 G 729441 150 70 59 615216 41 68 39 113713 85
130 T 736243 664 622334 167 92 143 112420 69 31 323
131 G 741775 288 352 65 630809 94 101 15 109965 86
132 C 750439 235 1103 633533 61 63 259 115064 30 91
133 A 760036 644053 63 14 128 115266 38 63 31 380
134 C 767012 68 112 650288 19 37 69 116324 11 84
135 C 775033 214 131 657435 193 75 135 116702 54 94
136 G 781644 200 129 40 664586 81 125 42 116326 115
137 A 788044 670109 26 4 102 117606 26 34 46 91
138 A 795701 676980 61 13 102 118293 39 36 34 143
139 C 801443 491 99 684523 65 115 34 116022 15 79
140 T 810236 51 692951 177 46 25 116800 62 16 108
141 C 817375 181 207 698475 87 50 82 118163 23 107
142 A 826550 703018 158 126 254 122740 70 37 54 93
143 A 831394 706946 48 333 269 123532 29 79 56 102
144 A 837880 708865 81 48 208 128427 42 19 52 138
145 C 844158 77 135 714392 31 42 34 129324 16 107
146 T 851402 31 717065 121 40 21 133907 43 15 159
147 C 857772 186 181 723179 60 56 67 133914 38 91
148 A 862258 729467 459 161 411 131400 104 39 76 141
149 G 866296 396 529 462 734720 87 118 95 129797 92
150 T 872761 326 740142 409 267 70 130718 96 83 650
151 G 877896 444 255 136 747020 86 95 32 129735 93
152 A 881737 752298 537 57 182 128365 106 19 42 131
153 T 888021 286 755247 348 169 59 131664 83 49 116
154 T 894336 146 758825 147 445 59 134483 44 90 97
155 A 902007 766636 224 465 266 134025 79 93 53 166
156 T 908803 620 773231 288 126 128 134177 69 36 128
157 G 912939 172 169 27 783586 44 80 32 128705 124
158 A 918521 790516 67 14 226 127297 199 8 49 145
159 G 919304 264 280 41 793873 57 183 17 124497 92
160 G 922724 318 639 262 798601 64 205 55 122455 125
161 G 925265 377 148 687 803969 60 84 127 119707 106
162 A 929719 808125 246 745 225 119794 124 155 64 241
163 C 934461 182 193 810059 78 83 101 123580 74 111
164 G 940799 262 216 74 808054 130 158 46 131745 114
165 G 939630 194 190 163 811255 60 55 44 127565 104
166 T 943744 77 814506 510 21 38 128186 103 40 263
167 T 949839 78 816383 199 19 28 132894 53 53 132
168 G 951308 196 166 227 818450 67 97 106 131874 125
169 A 955354 821663 156 145 395 132633 42 74 110 136
170 T 959803 70 826018 185 11 61 133228 67 21 142
171 C 965040 348 213 832622 162 127 95 131315 45 113
172 C 972776 317 105 833257 26 190 73 138631 29 148
173 A 979434 836559 57 90 115 142261 78 95 42 137
174 A 981553 834459 38 122 147 146510 73 33 52 119
175 A 985388 833311 24 13 112 151704 36 25 53 110
176 A 987573 832995 68 47 99 154009 53 79 62 161
177 C 991443 96 86 834269 36 101 99 156602 28 126
178 A 993649 836479 130 14 201 156495 75 38 95 122
179 G 991392 136 142 44 839333 53 90 96 151378 120
180 C 992716 196 73 836790 44 62 90 155293 55 113
181 T 996951 647 836708 195 43 160 158995 52 37 114
182 T 1001042 86 843550 423 28 100 156532 150 22 151
183 A 1004672 845818 676 63 177 157580 170 37 41 110
184 A 1007545 849420 73 66 251 157425 50 44 72 144
185 C 1012634 138 150 851994 146 179 49 159791 51 136
186 A 1018993 855742 96 199 135 162545 49 52 44 131
187 A 1018695 858557 144 20 115 159557 46 22 102 132
188 T 1021863 96 862966 121 25 63 158336 101 7 148
189 A 1027288 867394 71 40 173 159258 153 14 63 122
190 G 1025563 85 226 99 871026 35 105 41 153822 124
191 A 1028237 872989 61 9 155 154703 101 15 45 159
192 G 1028786 73 220 32 878514 29 74 27 149736 81
193 A 1031652 876116 81 9 218 154885 101 15 42 185
194 G 1030633 183 135 32 874344 64 62 21 155669 123
195 A 1033614 878078 57 73 170 154984 24 29 46 153
196 A 1035397 882424 65 29 282 152335 17 19 86 140
197 T 1038705 97 881432 129 5 54 156680 23 14 271
198 G 1038020 143 157 142 880712 65 129 40 156288 344
199 G 1038306 197 98 36 875637 64 52 18 161994 210
200 T 1040046 117 872571 164 27 44 165273 51 49 1750
201 G 1044232 1562 168 43 872130 333 72 31 169756 137
202 C 1046644 5119 388 867907 280 961 88 171701 81 119
203 T 1055000 218 871625 215 484 97 182034 65 99 163
204 C 1060705 348 158 876421 221 150 72 183139 71 125
205 T 1066441 51 871130 191 19 114 194686 92 14 144
206 C 1068692 265 113 868321 44 111 72 199624 32 110
207 T 1073778 99 864673 194 40 160 208382 77 20 133
208 G 1072536 411 202 34 861825 255 143 30 209523 113
209 C 1072494 188 105 855535 150 86 196 216035 83 116
210 T 1078615 42 854012 246 195 53 223775 121 54 117
211 T 1082489 44 852792 175 54 64 229024 72 148 116
212 T 1080143 83 850523 201 10 45 229045 65 29 142
213 T 1083128 92 844393 193 10 53 238098 82 66 141
214 G 1076337 144 110 42 842389 248 112 35 233147 110
215 A 1071539 839854 133 54 237 230842 61 94 96 168
216 C 1072086 182 389 839750 33 180 307 230939 174 132
217 G 1072893 337 225 70 841383 209 142 147 230254 126
218 A 1072280 846868 115 159 212 224503 137 47 120 119
219 A 1075851 848179 75 102 287 226755 102 47 166 138
220 A 1072682 852043 190 471 252 219170 184 114 129 129
221 G 1067653 322 191 98 856936 131 181 56 209643 95
222 G 1066370 615 273 68 863364 263 105 30 201541 111
223 A 1063928 863588 79 13 192 199720 65 22 99 150
224 G 1058095 147 116 46 862958 109 66 38 194486 129
225 A 1055312 862742 52 5 188 192041 40 22 65 157
226 A 1054221 862330 67 63 150 191348 35 22 76 130
227 A 1051813 859238 79 76 140 192038 67 28 38 109
228 T 1051329 77 861097 450 23 104 189277 99 38 164
229 A 1051722 857944 50 177 645 192488 65 79 159 115
230 A 1048261 858719 216 580 122 188214 84 144 41 141
231 A 1048107 863124 48 179 253 184193 46 79 77 108
232 T 1050807 78 863114 167 19 70 187099 78 18 164
233 A 1049302 866802 57 15 153 180091 79 46 54 2005
234 C 1051619 133 74 874179 37 74 83 176876 48 115
235 C 1053086 212 93 876206 38 118 89 176205 28 97
236 T 1056973 71 869102 174 30 46 187268 100 22 160
237 T 1060691 112 866956 182 22 85 193099 64 29 142
238 G 1055732 3809 594 190 860620 991 251 82 189060 135
239 A 1056576 856771 538 608 3810 193411 174 148 997 119
240 A 1057209 855383 3521 461 662 195712 989 142 221 118
241 G 1052331 154 1599 453 857415 120 524 131 191805 130
242 A 1056139 860201 290 166 169 194901 168 48 69 127
243 A 1055291 857896 1479 698 340 193947 442 237 88 164
244 C 1054723 222 243 859178 63 122 156 194599 26 114
245 A 1062395 858376 92 173 198 203202 63 67 71 153
246 T 1064067 70 857419 250 211 66 205716 89 60 186
247 C 1066163 299 362 857184 173 125 173 207653 79 115
248 C 1069670 366 244 857577 151 252 94 210821 54 111
249 C 1075352 403 237 860630 303 252 81 213232 102 112
250 A 1080489 864833 175 92 607 214331 77 66 170 138
251 G 1076763 266 116 411 869309 124 57 123 206249 108
252 T 1074653 111 875238 482 94 59 197837 106 283 443
253 G 1068099 325 357 195 872847 251 147 52 193813 112
254 C 1065432 350 256 875143 590 102 352 188342 164 133
255 G 1060663 258 478 353 877813 112 212 106 181222 109
256 G 1057288 155 375 249 872761 63 272 64 183241 108
257 G 1051911 472 266 91 872521 119 148 38 178149 107
258 G 1048352 290 279 234 871741 147 104 103 175338 116
259 A 1047059 874026 59 30 178 172460 66 15 83 142
260 A 1047047 880876 68 17 216 165242 390 39 67 132
261 A 1044475 881280 81 34 373 161985 96 23 486 117
262 G 1039682 242 304 47 881493 138 420 41 156855 142
263 A 1038633 884378 90 16 143 153344 426 10 62 164
264 T 1037718 92 887340 208 162 39 149230 420 23 204
265 C 1036733 204 138 884770 599 81 375 150326 118 122
266 C 1037769 297 134 882376 298 171 344 153964 52 133
267 T 1039637 152 879022 2375 317 141 156790 656 56 128
268 A 1040423 879291 342 232 1044 159051 89 51 184 139
269 A 1039020 878528 756 4181 345 154041 188 748 122 111
270 G 1035531 1178 1499 3357 877943 309 281 596 150226 142
271 A 1036123 882080 48 80 137 153449 19 23 156 131
272 A 1035451 878023 36 12 246 156869 88 14 50 113
273 A 1034496 877060 38 20 265 156900 24 9 52 128
274 A 1031265 875185 76 50 128 155552 30 34 40 170
275 C 1030852 126 41 875306 23 52 51 155116 20 117
276 T 1034187 71 875411 183 24 28 158267 44 20 139
277 G 1030129 152 169 41 876297 48 168 21 153099 134
278 G 1028169 123 127 25 876298 65 75 14 151343 99
279 A 1028208 876193 146 15 477 150963 98 22 143 151
280 G 1026616 144 113 48 876725 55 84 14 149293 140
281 G 1024408 119 133 25 875558 42 70 46 148310 105
282 A 1021723 872848 304 8 342 147457 106 14 108 536
283 C 1021376 8380 170 862480 164 1579 65 148337 71 130
284 C 1022365 233 7620 860911 811 112 1470 150926 186 96
285 T 1024934 193 829424 633 36407 97 151345 156 6562 117
286 A 1025425 865640 162 190 178 159001 51 46 43 114
287 T 1022501 102 864418 115 68 38 157542 30 31 157
288 A 1022627 864690 296 797 138 156319 62 162 26 137
289 T 1019897 80 861686 201 20 47 157644 47 14 158
290 A 1019296 860996 108 14 136 157726 52 17 28 219
291 C 1017968 127 178 862772 51 70 76 154528 34 132
292 A 1018421 859226 91 93 219 158480 99 22 61 130
293 G 1015581 122 217 66 856791 44 135 28 158076 102
294 G 1013654 145 143 60 855133 52 64 25 157941 91
295 A 1012402 851521 104 44 198 160187 103 22 58 165
296 G 1008929 157 172 52 849560 44 77 31 158719 117
297 A 1004825 847400 55 38 177 156904 41 25 65 120
298 G 1003083 596 113 1193 845852 135 62 224 154824 84
299 T 1002148 257 841625 1575 83 277 152465 378 177 5311
300 A 1002927 845171 121 1119 222 155817 56 239 55 127
301 A 1003716 845686 124 142 216 157265 33 51 75 124
302 A 1002431 844112 80 180 236 157543 27 59 54 140
303 C 1003307 220 715 843101 108 108 202 158670 55 128
304 G 1003107 318 659 209 841217 87 230 68 160168 151
305 G 1000745 345 319 398 840831 97 94 102 158460 99
306 A 1001827 840021 204 528 201 160475 78 127 67 126
307 A 1001469 839520 59 180 245 161205 38 41 50 131
308 A 1003654 839335 84 178 383 163393 32 40 91 118
309 G 1001327 190 174 214 837432 58 58 45 163071 85
310 T 1001487 74 836487 122 10 106 163542 59 80 1007
311 G 998618 117 163 29 832367 52 160 33 165586 111
312 G 992941 72 129 41 828655 52 87 22 163774 109
313 A 988389 827074 128 117 631 160125 30 24 128 132
314 T 991766 242 831212 121 440 53 159355 25 99 219
315 G 987250 202 2200 40 831427 68 496 25 152668 124
316 A 984218 830001 98 12 201 153562 134 10 59 141
317 G 980491 97 174 45 824663 30 87 26 155261 108
318 A 979386 822150 102 33 231 156545 91 14 56 164
319 G 976147 168 133 30 822759 87 71 21 152775 103
320 A 974420 818575 41 8 142 155391 47 20 52 144
321 A 970334 817367 72 13 149 152383 41 20 63 226
322 C 968178 122 207 818632 29 51 51 148964 13 109
323 T 968154 69 813863 176 24 49 153785 38 14 136
324 C 968795 259 104 811784 121 97 47 156241 33 109
325 A 969950 810127 389 33 524 158503 87 25 119 143
326 T 968529 570 806487 473 13 131 160587 109 14 145
327 C 968200 158 69 801191 29 81 45 166501 24 102
328 C 972381 239 59 797864 87 194 33 173705 44 156
329 T 973842 32 796931 93 19 176 176402 43 12 134
330 T 972028 134 792023 80 8 82 179437 136 8 120
331 T 968402 27 789271 146 11 47 178727 55 9 109
332 A 961655 784148 112 3 135 176928 158 16 35 120
333 T 959359 136 783185 145 14 56 175632 42 28 121
334 G 952589 233 92 50 778612 90 104 112 173192 104
335 A 948913 775662 120 56 162 172510 56 108 59 180
336 C 949522 199 112 770662 55 148 55 178046 114 131
337 A 952346 765963 52 14 102 185918 109 25 39 124
338 A 950584 762802 39 14 105 187357 78 23 44 122
339 A 951883 759474 45 22 277 191697 121 13 118 116
340 G 950231 141 175 129 760514 129 86 50 188917 90
341 A 950679 761328 84 100 117 188805 26 39 70 110
342 A 950349 761000 71 169 129 188667 68 59 75 111
343 G 948920 82 130 36 766430 98 57 20 181963 104
344 A 946522 759822 43 5 146 186254 51 7 88 106
345 A 942519 753730 142 21 152 188251 54 10 59 100
346 A 938634 751450 36 110 101 186715 40 35 53 94
347 T 940277 53 745428 117 5 72 194386 47 20 149
348 A 942010 744976 20 110 157 196470 53 32 70 122
349 A 942851 744540 417 975 262 196030 198 249 89 91
350 G 938431 366 245 375 748315 215 132 150 188522 111
351 G 932014 256 1034 298 746907 108 276 131 182896 108
352 C 928247 622 176 747377 496 212 169 178830 229 136
353 G 931280 667 606 99 746245 295 207 46 183007 108
354 A 929555 747034 184 362 347 181139 138 97 136 118
355 A 929497 743349 63 56 102 185656 32 23 114 102
356 T 926973 73 741877 276 10 92 184407 87 17 134
357 C 925454 370 77 743276 32 151 41 181317 75 115
358 T 932147 68 744658 165 19 143 186897 51 28 118
359 G 925033 213 149 23 744835 65 86 24 179543 95
360 G 919548 130 107 24 744079 71 50 45 174944 98
361 C 919233 451 221 744061 62 167 132 173995 33 111
362 G 915627 342 246 87 745031 146 103 48 169507 117
363 C 916604 182 153 748644 225 64 68 167088 72 108
364 C 921301 993 527 747100 292 265 170 171771 85 98
365 A 925083 740333 1268 114 908 181748 321 45 229 117
366 A 923069 735646 1111 515 619 184456 284 162 159 117
367 G 920265 252 204 65 742161 108 83 31 177266 95
368 C 918316 273 193 748026 126 95 65 169390 58 90
369 T 920568 58 752892 278 143 52 166886 86 48 125
370 A 919393 751081 72 34 148 167812 60 19 51 116
371 A 919248 750316 124 79 111 168388 45 30 40 115
372 T 920806 85 753258 197 49 42 166941 63 34 137
373 A 923991 753757 430 201 2741 165790 137 58 763 114
374 A 923300 751961 2636 361 294 167004 739 114 85 106
375 T 922754 284 748552 772 2573 116 169439 236 664 118
376 G 922978 503 393 397 749635 123 185 114 171531 97
377 G 919151 459 278 1506 748831 145 111 381 167352 88
378 T 919612 304 751649 1516 321 111 164237 399 113 962
379 G 919851 1047 656 1573 753035 265 208 412 162544 111
380 A 917848 754591 1774 559 619 159429 432 157 147 140
381 C 917375 657 2777 753947 963 231 784 157678 232 106
382 G 919461 986 318 184 757046 307 136 91 160290 103
383 A 917917 759904 1569 632 194 154860 388 176 73 121
384 T 920307 1597 759355 448 90 406 158129 126 28 128
385 G 916322 745 548 280 759114 220 186 63 155054 112
386 C 916560 422 1159 760061 269 142 313 154035 62 97
387 A 923395 765352 354 478 378 156396 101 125 92 119
388 A 918439 766794 156 576 180 150388 44 126 53 122
389 C 919712 279 349 768407 399 150 209 149719 93 107
390 G 925632 690 573 2891 766403 188 140 594 154032 121
391 G 920985 228 301 149 769448 56 91 34 150564 114
392 C 924086 294 257 767335 107 87 64 155792 46 104
393 T 928373 140 767910 341 207 78 159454 93 48 102
394 G 922414 193 169 58 765739 89 101 35 155910 120
395 G 918684 117 129 121 764877 53 49 45 153196 97
396 T 918429 149 762351 373 154 67 152504 98 276 2457
397 C 917771 335 223 763887 40 89 48 153016 25 108
398 T 922584 141 763223 262 58 97 158559 59 18 167
399 G 919232 292 146 146 764944 87 89 38 153361 129
400 A 920330 765559 2053 170 661 150883 449 47 162 346
401 C 922373 174 432 768130 332 70 116 152866 87 166
402 T 929554 393 769927 1977 190 107 156236 424 54 246
403 C 931212 386 120 770637 195 123 68 159510 50 123
404 A 934624 773925 142 273 136 159623 63 92 48 322
405 C 937236 174 198 778653 271 74 108 157551 58 149
406 A 940766 779269 764 31 209 160079 184 38 51 141
407 T 944569 108 783112 136 217 50 160665 47 60 174
408 G 941748 367 359 516 790331 113 163 138 149607 154
409 A 940617 793801 89 94 140 146165 35 24 40 229
410 T 942522 152 792089 147 21 88 149737 34 11 243
411 G 943633 177 136 190 794369 77 94 41 148410 139
412 A 944218 796529 91 25 160 147116 49 11 48 189
413 T 945126 62 801158 116 27 32 143406 54 18 253
414 C 946771 342 87 798623 54 132 53 147320 44 116
415 T 951210 78 799632 220 26 90 150916 72 25 151
416 G 947082 196 127 35 801402 87 124 42 144932 137
417 G 943602 136 131 54 804045 51 61 23 139003 98
418 C 943864 264 259 803030 907 71 78 138846 229 180
419 A 947302 804354 979 35 199 141144 238 24 87 242
420 T 947416 340 805491 245 124 90 140879 72 36 139
421 T 947895 138 807410 163 106 61 139766 73 47 131
422 C 949400 216 173 809524 143 135 57 138984 42 126
423 C 952680 354 150 807605 52 177 61 144107 54 120
424 A 954186 806172 59 15 288 147342 24 57 91 138
425 A 952355 806706 42 13 336 144965 37 11 137 108
426 T 954362 55 810354 168 29 27 143493 101 17 118
427 T 958162 153 811665 157 6 54 145849 122 20 136
428 T 958595 43 810544 223 6 120 147437 50 33 139
429 G 956919 320 136 57 810781 93 142 47 145172 171
430 A 956544 811907 162 96 227 143819 67 41 69 156
431 A 956374 810529 165 111 227 145069 47 50 49 127
432 T 957391 87 807332 190 32 40 149493 54 17 146
433 G 953150 97 144 31 808187 61 130 25 144336 139
434 A 952324 809644 83 12 171 142181 25 16 50 142
435 T 952515 68 808766 205 15 42 143174 50 22 173
436 G 953306 268 177 59 806912 136 85 26 145504 139
437 C 954748 153 284 805824 73 124 73 148000 68 149
438 A 958606 806265 159 36 205 151593 40 105 48 155
439 A 958318 806588 66 35 170 151125 105 17 50 162
440 C 958710 141 107 805635 45 65 125 152406 36 150
441 T 962593 93 804465 166 7 74 157599 30 39 120
442 T 963218 11 802392 128 6 51 160349 155 17 109
443 A 961916 802621 35 5 111 158762 28 120 45 189
444 T 962249 71 801071 121 3 40 160621 39 133 150
445 C 965560 175 101 801133 47 105 63 163648 165 123
446 A 971280 801053 78 41 314 169309 249 17 63 156
447 G 970397 147 196 30 804031 55 127 27 165614 170
448 A 969801 795981 55 14 186 173064 83 194 55 169
449 G 965736 161 134 60 792972 55 168 32 172033 121
450 G 961034 240 145 21 791202 241 68 15 168995 107
451 A 959599 788037 174 26 219 170492 62 18 97 474
452 C 958265 99 112 789081 47 86 73 168554 50 163
453 A 960423 789879 112 27 260 169858 98 21 42 126
454 A 959247 791111 77 61 141 167552 101 21 50 133
455 G 956552 154 101 16 788776 146 75 25 165391 1868
456 A 956774 794235 31 33 263 161953 26 20 69 144
457 G 954535 641 155 53 798876 166 94 18 154378 154
458 C 954183 203 169 795188 438 67 51 157841 114 112
459 T 958110 70 795267 763 43 39 161510 190 23 205
460 C 958927 188 59 797899 22 97 35 160347 54 226
461 T 963041 59 802356 103 7 109 160192 61 11 143
462 T 963585 71 797067 142 21 80 165841 206 56 101
463 G 961384 140 113 45 793757 107 105 34 166876 207
464 T 960935 90 789330 212 104 43 170576 55 318 207
465 T 960764 156 785570 132 61 358 174100 215 39 133
466 C 960880 271 223 786192 44 184 127 173653 40 146
467 G 961438 281 112 76 787775 270 236 45 172492 151
468 C 963313 214 246 796046 342 307 102 165884 75 97
469 A 966487 795119 447 45 611 168334 329 135 178 1289
470 C 965591 99 197 793150 421 247 170 170786 411 110
471 C 969137 422 625 790817 79 482 422 176147 47 96
472 G 975522 293 276 94 789587 186 353 94 184525 114
473 G 972347 148 190 149 791878 419 112 64 179286 101
474 A 971114 790807 94 112 351 179240 61 182 108 159
475 A 968801 790133 96 271 177 177476 47 83 405 113
476 T 970381 68 789741 120 24 353 179700 77 143 155
477 G 967681 487 305 763 788483 527 241 293 176481 101
478 G 964714 112 178 26 794404 76 67 513 169234 104
479 A 965452 796621 65 165 236 167944 36 86 128 171
480 T 967003 154 799292 262 163 84 166565 148 116 219
481 C 971195 680 155 800447 470 179 94 168869 191 110
482 C 973168 319 250 804917 117 209 88 167083 77 108
483 C 979023 437 514 805872 149 294 183 171367 100 107
484 A 982817 807845 68 390 276 173801 80 101 118 138
485 G 981795 142 205 70 809986 127 145 33 170988 99
486 G 979701 202 239 109 812624 90 78 56 166207 96
487 A 980519 815757 230 238 228 163639 100 61 83 183
488 T 982158 150 816127 144 139 63 165285 46 68 136
489 G 981296 305 249 45 817087 137 118 30 163207 118
490 T 983146 679 815427 139 196 178 165996 47 77 407
491 G 982651 522 153 315 815606 166 94 72 165604 119
492 C 985037 330 197 813989 51 106 74 170131 35 124
493 T 992664 101 812426 247 40 63 179491 74 39 183
494 C 998714 298 84 812577 52 148 53 185288 39 175
495 T 1003653 74 816382 177 137 144 186478 67 41 153
496 C 1004141 781 121 814478 81 244 61 188241 41 93
497 T 1009513 129 816300 300 273 170 192039 96 80 126
498 G 1005712 304 652 100 820908 140 245 60 183202 101
499 A 1007515 825148 152 24 160 181766 34 29 66 136
500 T 1011101 100 827601 158 44 51 182897 82 26 142
501 G 1010908 336 181 75 823585 146 106 41 186325 113
502 C 1008574 1375 203 823554 180 422 80 182552 84 124
503 A 1013708 825932 54 261 1380 185406 67 104 374 130
504 A 1015081 829642 89 1319 246 183117 107 339 95 127
505 G 1013513 142 365 48 831509 80 152 38 181080 99
506 G 1011426 126 94 160 830895 68 60 95 179808 120
507 T 1009950 77 831716 309 54 57 177074 117 153 393
508 T 1011480 89 837615 175 24 68 173226 112 24 147
509 C 1013114 218 146 839946 95 103 124 172322 42 118
510 A 1016526 839025 84 86 277 176699 42 65 106 142
511 A 1016504 838730 870 14 128 175929 251 63 81 438
512 C 1016062 159 59 843665 65 137 28 171786 50 113
513 T 1019977 83 840512 225 23 51 178706 114 45 218
514 C 1020650 343 154 840369 35 103 87 179447 11 101
515 T 1026561 86 840105 255 21 109 185616 99 27 243
516 C 1028525 329 293 840596 164 79 133 186757 69 105
517 C 1032815 338 163 839216 255 239 77 192320 74 133
518 C 1036296 425 179 842593 347 304 86 192134 108 120
519 T 1044829 172 844452 164 315 188 199228 67 98 145
520 A 1048149 841814 51 21 116 205838 88 31 80 110
521 G 1042922 139 194 40 840423 76 115 39 201804 92
522 G 1042882 215 139 40 844546 100 70 28 197643 101
523 A 1044285 844414 67 129 207 199068 46 46 81 227
524 G 1044120 133 158 65 844784 67 89 28 198692 104
525 G 1044074 247 88 65 849889 75 51 38 193525 96
526 T 1044992 577 845190 194 80 269 195887 92 405 2298
527 C 1046613 249 85 849342 458 123 53 196057 131 115
528 T 1051262 273 855497 882 73 188 193929 230 38 152
529 G 1051655 270 125 73 861154 230 151 40 189498 114
530 G 1048858 157 84 30 865302 80 47 16 183028 114
531 A 1051957 869932 119 27 1500 179724 32 17 355 251
532 G 1049450 543 543 132 873055 126 149 54 174729 119
533 C 1051171 237 437 877413 231 86 126 172424 65 152
534 C 1058209 632 436 885033 402 132 126 171209 119 120
535 G 1062185 613 297 133 889897 263 135 73 170657 117
536 C 1065265 336 110 885492 77 102 163 178824 31 130
537 A 1073764 886541 231 164 765 185402 180 107 192 182
538 G 1070228 132 189 30 889310 40 204 20 180203 100
539 G 1068792 163 73 45 888315 53 156 23 179830 134
540 T 1072513 91 884826 299 206 69 184335 104 266 2317
541 G 1070837 335 501 206 884525 115 357 51 184628 119
542 C 1072554 281 300 886122 111 85 363 185139 35 118
543 T 1078644 133 892870 612 694 57 183454 541 139 144
544 G 1082714 592 334 94 892047 227 134 41 189118 127
545 C 1086201 242 454 891051 150 104 142 193851 56 151
546 A 1090761 894296 135 342 308 195268 68 99 76 169
547 G 1085580 405 110 186 892788 111 76 59 191724 121
548 T 1090304 156 896492 386 46 152 192740 96 33 203
549 C 1095298 351 364 903685 89 113 122 190380 33 161
550 A 1098288 908340 112 147 174 189125 55 158 55 122
551 A 1098684 915083 111 43 221 182818 167 22 69 150
552 A 1102295 923422 96 87 510 177713 76 123 130 138
553 G 1103503 140 143 45 919321 52 212 126 183370 94
554 G 1103806 113 177 40 920030 71 242 27 182996 110
555 A 1105130 922437 100 24 226 181888 53 16 171 215
556 G 1101933 362 90 33 922891 96 72 22 178263 104
557 T 1102997 84 926070 129 13 111 176033 60 97 400
558 T 1105746 222 932381 222 33 129 172421 61 101 176
559 G 1103030 212 153 45 932352 130 212 35 169762 129
560 G 1100894 176 129 112 935666 112 71 38 164483 107
561 A 1103424 937260 95 58 887 164735 34 28 154 173
562 A 1105252 935853 187 129 294 168374 78 77 82 178
563 C 1108257 180 147 939941 93 111 91 167521 39 134
564 A 1110567 943034 311 104 183 166593 100 49 50 143
565 A 1110969 945925 146 43 189 164306 128 21 49 162
566 T 1113702 95 949245 174 57 62 163774 57 94 144
567 G 1111495 384 284 59 951741 158 119 60 158565 125
568 G 1108602 231 152 25 951292 117 86 20 156574 105
569 T 1109650 192 945760 440 40 67 159538 108 93 3412
570 G 1107935 186 469 111 951044 81 159 70 155686 129
571 A 1106796 950093 330 45 170 155779 55 63 89 172
572 T 1107198 96 950618 151 31 34 155992 88 29 159
573 G 1108842 234 193 149 951702 107 84 38 156205 130
574 G 1108776 121 143 36 949111 85 71 53 159015 141
575 A 1109639 946079 74 18 225 162921 31 13 76 202
576 A 1106120 949644 71 17 212 155926 45 13 58 134
577 T 1105254 83 954044 201 22 27 150680 44 9 144
578 T 1107170 126 955849 128 21 53 150789 33 18 153
579 G 1106870 260 255 40 956934 77 102 40 149022 140
580 G 1103638 738 146 131 956386 131 117 41 145833 115
581 T 1103245 126 954271 706 30 39 147597 152 30 294
582 C 1107789 271 728 949612 186 136 194 156475 57 130
583 A 1111363 949033 146 134 203 161399 109 119 63 157
584 G 1107485 174 148 36 950200 142 86 30 156576 93
585 A 1107621 948423 54 16 575 158264 34 10 103 142
586 A 1107609 947672 156 379 210 158777 71 158 40 146
587 T 1107322 122 947264 141 22 45 159538 27 14 149
588 G 1102953 606 220 54 945878 139 136 77 155721 122
589 A 1100773 946813 99 40 235 153267 27 61 54 177
590 T 1099774 116 944149 157 12 45 155100 32 10 153
591 C 1102177 201 120 941335 72 160 76 160050 39 124
592 A 1108274 942400 42 212 154 165203 40 45 43 135
593 A 1108505 940768 25 14 531 166880 11 8 119 149
594 A 1105098 937515 47 192 133 166938 41 35 31 166
595 C 1103228 264 176 932026 98 103 88 170308 46 119
596 G 1103370 254 135 78 935377 59 87 52 167213 115
597 T 1103028 91 935000 154 173 28 166968 69 58 487
598 G 1102707 208 307 30 938368 90 156 37 163396 115
599 G 1100400 152 218 43 935209 41 152 59 164403 123
600 G 1096709 218 137 51 931323 64 69 59 164660 128
601 A 1094253 929214 903 727 292 162500 207 160 89 161
602 T 1091107 673 927874 278 50 166 161765 84 54 163
603 C 1091681 1505 568 923081 197 451 178 165506 54 141
604 A 1088860 924258 96 121 236 163779 58 88 56 168
605 A 1085773 920920 99 41 149 164221 119 30 42 152
606 T 1086701 178 919195 189 49 37 166724 45 117 167
607 G 1087797 187 166 39 921659 76 136 76 165314 144
608 A 1082942 921041 110 73 183 161233 55 46 41 160
609 T 1081533 138 918908 220 54 51 161835 140 39 148
610 C 1081894 1371 221 916106 44 326 164 163470 47 145
611 G 1084644 284 199 64 915149 214 145 58 168420 111
612 G 1080270 293 169 211 913818 93 86 80 165411 109
613 A 1080843 909415 82 18 276 170756 39 20 75 162
614 A 1079671 901425 82 93 193 177492 37 65 66 218
615 C 1079606 257 125 893082 25 96 56 185799 57 109
616 T 1078808 59 890422 175 31 62 187817 64 38 140
617 T 1074655 61 886505 268 19 41 187532 87 18 124
618 C 1070528 186 125 885126 161 85 71 184600 62 112
619 T 1073938 129 877446 187 50 91 195795 74 40 126
620 G 1068255 164 250 45 873067 73 186 32 194333 105
621 G 1063038 129 219 45 868878 72 121 25 193449 100
622 A 1062217 864765 101 147 217 196374 163 49 100 301
623 G 1057605 147 299 22 859594 71 140 62 197171 99
624 G 1055620 156 376 145 854804 79 156 36 199749 119
625 G 1049987 159 186 32 856938 63 88 80 192340 101
626 G 1046884 138 96 61 856240 123 57 18 190038 113
627 T 1047525 450 841983 194 76 279 194672 240 554 9077
628 G 1044729 172 174 41 850174 83 70 113 193790 112
629 A 1045367 848291 130 40 260 196133 140 26 171 176
630 G 1038807 180 117 57 848779 71 92 25 189362 124
631 A 1036162 845867 539 230 194 188884 166 78 74 130
632 A 1033176 842728 223 287 559 188923 103 87 156 110
633 T 1033403 246 841735 628 94 86 190214 177 69 154
634 G 1030354 201 210 94 844826 81 203 39 184597 103
635 G 1028126 142 152 56 842175 84 80 17 185313 107
636 A 1025055 839925 125 176 252 184177 52 66 95 187
637 C 1024985 218 334 838036 50 159 155 185828 53 152
638 G 1023655 312 132 114 831916 145 93 85 190733 125
639 A 1023166 829501 74 28 397 192831 62 24 125 124
640 A 1024096 824996 253 337 522 197498 110 87 159 134
641 A 1021955 818757 684 169 268 201603 213 82 75 104
642 A 1017559 817668 202 478 571 198171 77 139 140 113
643 A 1015241 815444 96 185 595 198439 45 87 206 144
644 C 1013731 71 101 817060 108 160 60 195969 82 120
645 A 1015550 811195 127 241 356 203251 47 109 112 112
646 A 1012916 808619 56 12 161 203787 62 12 88 119
647 G 1011549 121 95 43 807146 96 91 41 203805 111
648 A 1009350 805750 51 7 173 203123 40 25 54 127
649 A 1005015 801080 84 62 886 202415 49 23 307 109
650 T 1004439 88 800242 251 626 104 202718 79 217 114
651 T 1004332 210 799503 796 135 87 203119 262 80 140
652 G 1000904 170 157 23 800863 76 179 50 199287 99
653 C 999569 146 82 800316 31 76 128 198644 56 90
654 T 1002843 60 802927 157 272 71 199017 126 85 128
655 T 1006302 29 808794 113 14 106 197014 110 24 98
656 A 1004077 809206 66 11 136 194297 80 96 60 125
657 T 1006465 91 809674 129 66 86 196171 53 62 133
658 G 1006115 129 102 34 813352 143 191 39 191997 128
659 A 1008635 814653 46 6 162 193461 107 16 72 112
660 A 1008493 818697 33 10 122 189314 29 12 138 138
661 A 1010428 818804 34 290 192 190690 65 84 140 129
662 G 1010145 141 115 21 820320 76 75 23 189197 177
663 A 1009489 817174 48 269 240 191321 32 79 230 96
664 A 1005593 812084 87 969 187 191693 42 259 151 121
665 T 1002863 1062 808282 96 23 365 192860 36 21 118
666 G 999396 221 94 71 809142 141 77 32 189509 109
667 T 998850 178 809002 154 36 105 188831 47 53 444
668 G 994198 141 130 35 807739 59 130 26 185803 135
669 C 992366 124 193 807480 68 97 118 184083 61 142
670 A 997282 807681 56 52 156 189042 52 46 74 123
671 A 997189 806328 113 18 476 189848 78 26 131 171
672 C 997536 113 607 808525 36 117 185 187745 87 121
673 A 1001088 807971 75 19 123 192654 48 50 38 110
674 T 999516 46 811619 138 69 39 187373 91 22 119
675 T 1003234 97 814701 142 10 56 188030 82 5 111
676 C 1002702 115 108 816134 36 132 64 185966 20 127
677 T 1002602 84 813064 156 23 82 188908 83 50 152
678 C 1001152 194 99 811916 36 135 97 188419 127 129
679 A 1006953 813089 196 58 131 193166 85 52 45 131
680 A 1006114 812729 66 126 173 192697 78 56 73 116
681 A 1005003 811814 79 29 291 192448 116 14 98 114
682 G 999937 577 429 46 808491 192 203 44 189858 97
683 G 997412 171 457 545 806622 70 174 171 189109 93
684 G 993922 188 477 105 809914 107 155 49 182821 106
685 A 989964 813004 79 13 236 176314 29 21 101 167
686 A 984785 809275 54 21 143 175076 36 30 42 108
687 A 985098 813026 75 33 136 171590 58 16 46 118
688 T 985062 60 814665 160 18 62 169904 55 21 117
689 T 984608 44 816514 124 45 30 167650 55 19 127
690 T 983648 124 816880 176 16 46 166180 86 23 117
691 C 983086 184 137 817467 674 91 84 164140 187 122
692 A 983376 820014 57 489 612 161726 65 131 144 138
693 A 983221 823201 43 444 210 159008 22 101 64 128
694 A 981459 823954 116 509 345 156128 71 121 77 138
695 C 981366 278 184 823832 662 97 76 155993 149 95
696 T 985203 342 824225 224 457 96 159493 85 112 169
697 G 982131 384 176 504 821244 105 124 135 159339 120
698 C 980405 146 128 819842 75 48 80 159927 55 104
699 T 981205 108 819944 624 24 39 160111 172 35 148
700 G 980416 310 539 61 819080 126 209 43 159931 117
701 C 979903 178 149 820213 78 72 56 158970 71 116
702 A 982291 820505 114 482 141 160474 50 177 68 280
703 C 981388 73 136 822277 29 139 53 158460 33 188
704 A 982404 821246 25 21 103 160747 29 81 40 112
705 A 983960 821156 52 18 144 162354 37 33 40 126
706 A 982157 821972 55 109 125 159642 30 44 46 134
707 A 979437 823227 53 47 284 155550 35 19 86 136
708 A 976881 823412 62 35 469 152597 46 27 127 106
709 G 973637 253 148 53 822927 108 54 45 149917 132
710 C 969334 186 126 823893 236 114 53 144467 92 167
711 A 967169 823983 184 43 473 142183 54 35 99 115
712 A 962889 821451 76 114 136 140690 32 41 249 100
713 T 959319 91 818650 103 33 61 140180 15 59 127
714 G 957075 171 209 63 819338 126 278 23 136762 105
715 A 952242 815100 135 10 257 136280 242 24 70 124
716 T 950750 79 814942 663 36 38 134579 91 198 124
717 G 947501 226 635 259 810806 239 182 46 134990 118
718 G 942836 126 154 58 810208 259 58 21 131829 123
719 A 939130 804733 265 42 200 133570 77 31 50 162
720 T 934577 116 803097 433 60 64 130379 87 32 309
721 C 931377 185 107 799954 57 140 133 130620 18 163
722 A 929818 801266 83 31 225 127921 103 8 76 105
723 A 924331 795553 38 24 578 127817 79 25 90 127
724 G 919065 220 352 62 792069 96 83 24 126046 113
725 T 917836 130 790973 157 94 115 125568 37 39 723
726 G 913002 405 658 135 789583 89 147 28 121842 115
727 A 907796 788225 169 262 220 118580 116 40 45 139
728 G 901404 195 233 89 787534 50 49 21 113102 131
729 A 898570 784728 363 139 503 112451 143 19 86 138
730 G 891960 137 141 30 779222 42 30 13 112209 136
731 A 887063 774880 79 57 288 111501 42 8 64 144
732 G 878738 1491 169 59 765726 266 40 16 110785 186
733 A 876230 761316 172 119 786 113385 62 42 123 225
734 G 867710 137 179 985 756065 26 43 192 109823 260
735 C 863721 435 602 752163 362 182 130 109648 67 132
736 C 859535 204 188 746619 70 80 186 111887 115 186
737 G 858704 310 162 94 744961 222 164 82 112582 127
738 G 852710 202 641 71 741450 64 105 41 110025 111
739 A 848810 737685 729 142 869 108930 131 50 164 110
740 A 843347 732349 747 577 337 107477 141 780 88 851
741 C 837293 374 350 726775 313 86 70 109180 48 97
742 C 832363 134 70 721086 34 67 32 110823 17 100
743 C 829467 232 115 713631 61 87 45 115167 22 107
744 A 825960 705189 208 84 207 119976 81 37 64 114
745 G 818644 97 260 48 697527 39 127 19 120415 112
746 G 813220 178 135 37 691461 50 79 27 121172 81
747 G 807570 374 313 41 686711 101 80 32 119828 90
748 A 803697 682249 187 28 247 120747 50 14 50 125
749 A 799053 675996 132 197 160 122310 49 36 61 112
750 T 794523 177 672046 213 124 54 121686 49 38 136
751 G 786739 235 189 34 668410 64 54 19 117627 107
752 C 780290 190 362 666775 87 55 83 112606 29 103
753 T 778319 123 662729 351 111 32 114783 63 22 105
754 G 774139 147 107 52 659574 60 48 14 114049 88
755 A 767585 653990 33 40 117 113225 30 13 23 114
756 G 760681 126 79 52 651107 25 41 16 109093 142
757 T 754188 53 649096 166 114 37 104357 36 36 293
758 T 747152 40 643082 230 26 19 103587 51 15 102
759 C 738813 401 200 635480 89 144 107 102277 27 88
760 G 730433 147 105 43 626387 201 38 19 103390 103
761 A 724752 621092 69 13 117 103265 43 11 38 104
762 A 717781 612226 37 14 166 105132 56 16 49 85
763 G 710225 74 90 16 601984 31 61 25 107845 99
764 A 701932 594563 62 5 85 106999 30 20 24 144
765 T 696346 41 589439 180 8 11 106511 53 6 97
766 C 690054 140 496 581683 58 49 113 107394 9 112
767 T 687119 45 573041 286 85 71 113409 47 19 116
768 C 679783 440 181 565464 252 159 55 113115 57 60
769 A 675660 558312 204 27 438 115055 76 114 121 1313
770 C 669810 131 462 550650 122 53 548 115472 49 2323
771 T 665204 163 546201 310 279 70 117950 88 79 64
772 T 662272 51 537705 64 24 48 124245 37 14 84
773 T 655870 32 530329 90 10 17 125252 37 23 80
774 T 649865 28 528015 123 12 37 121537 31 4 78
775 C 642281 113 167 522222 23 49 84 119522 21 80
776 T 635691 41 519351 106 5 93 115959 49 8 79
777 A 627180 514175 47 28 112 112631 28 36 49 74
778 G 615812 232 376 25 508715 76 89 12 106211 76
779 C 609955 171 750 500754 294 71 161 107596 79 79
780 A 605267 494252 83 18 1870 107659 33 57 379 916
781 C 597529 118 88 489966 22 71 47 107035 50 132
782 G 588056 100 96 12 484347 40 42 10 103335 74
783 G 580676 147 48 24 477486 67 18 10 102793 83
784 T 573389 94 469268 63 42 38 103653 29 24 178
785 C 565693 143 61 463277 66 57 20 101944 43 82
786 T 557412 32 456693 487 14 59 99932 112 10 73
787 G 547597 199 97 34 449385 128 19 15 97656 64
788 C 537641 131 103 442104 81 36 26 95080 26 54
789 A 532165 426231 89 44 86 99372 37 392 27 5887
790 C 525689 138 817 423539 51 45 216 100778 31 74
791 T 520643 39 415466 112 21 70 104831 40 5 59
792 C 515753 339 151 403786 726 193 56 110073 246 183
793 A 510558 393491 42 16 225 116550 31 10 115 78
794 T 502236 35 386593 96 10 24 115351 51 16 60
795 A 495315 378265 167 99 84 115270 114 53 39 1224
796 T 490072 120 366622 152 70 69 122860 62 57 60
797 T 485524 70 360146 65 109 66 124652 39 188 189
798 G 480173 228 88 65 356867 114 86 36 122646 43
799 A 472585 353349 42 228 87 118552 60 68 72 127
800 G 466013 57 118 21 350312 50 57 9 115363 26
801 A 461004 338069 38 7 320 114650 58 15 1294 6553
802 G 453030 247 71 226 340474 79 62 77 111759 35
803 G 446122 110 166 194 335087 81 76 91 110276 41
804 G 437389 273 88 164 328976 106 91 54 107585 52
805 T 431026 46 323104 131 43 83 107005 91 132 391
806 C 422503 182 125 314743 71 114 94 104219 834 2121
807 G 415544 338 985 83 311171 225 410 61 102223 48
808 G 404860 250 77 141 307384 141 247 83 96223 314
809 T 399776 86 298417 230 32 92 100710 113 33 63
810 T 394561 84 291166 93 97 42 102900 52 57 70
811 G 385806 193 378 49 287879 111 180 111 96735 170
812 C 380626 97 85 288322 185 66 49 91681 103 38
813 T 379434 76 277155 438 164 108 100538 399 97 459
814 C 378040 108 45 272515 24 152 79 105040 33 44
815 A 376659 270227 44 29 54 106054 46 39 83 83
816 C 372561 83 42 268491 19 1528 74 100597 25 1702
817 A 371637 260486 25 13 50 110869 116 18 28 32
818 A 369135 255230 20 13 54 113397 47 97 130 147
819 G 364216 57 29 12 253350 118 111 25 110446 68
820 T 360654 232 252029 49 30 138 105140 1645 60 1331
821 C 357339 79 38 249398 71 140 52 107485 54 22
822 C 354575 181 182 246633 32 240 135 107047 46 79
823 T 354089 561 242035 69 354 349 109893 59 485 284
824 G 347787 52 114 112 240193 85 184 264 106613 170
825 C 344951 147 609 238533 321 95 268 104797 151 30
826 C 344829 365 221 236350 217 173 170 107108 130 95
827 T 347379 171 235079 81 284 134 110993 84 327 226
828 G 342330 151 212 229 234470 111 129 307 106556 165
829 C 340883 137 88 234586 27 51 62 105880 21 31
830 C 344550 79 47 232087 47 62 123 111961 45 99
831 T 350149 31 230221 52 12 67 119489 57 106 114
832 G 348717 140 348 42 229520 127 201 98 118183 58
833 C 349323 117 303 228862 127 40 576 119183 97 18
834 C 351827 279 147 224989 137 149 1686 122118 532 1790
835 T 356553 587 223305 283 106 433 131461 153 153 72
836 G 356157 55 224 94 221724 76 176 90 133677 41
837 T 356968 154 222696 664 49 91 132674 406 114 120
838 G 356544 582 997 22 225586 593 595 34 128055 80
839 T 357915 39 225568 600 769 66 129869 433 498 73
840 G 357939 379 830 271 230366 346 636 148 124782 181
841 T 358327 17 237777 88 18 91 120057 50 176 53
842 A 359347 243711 53 8 123 115097 86 14 120 135
843 T 360852 90 246093 154 17 53 108921 144 2445 2935
844 G 362768 174 396 32 255334 99 182 93 106419 39
845 G 365606 103 358 459 260655 109 214 189 103345 174
846 A 368434 242557 592 410 401 87955 192 11480 199 24648
847 C 371380 1401 543 269446 2234 335 185 96761 445 30
848 C 377570 863 774 275155 2427 282 180 97313 551 25
849 T 385688 1555 281832 1345 759 362 99308 308 189 30
850 G 389804 697 437 309 290228 193 127 74 97704 35
851 C 392456 421 609 292749 253 101 188 98028 70 37
852 C 398740 646 475 295875 548 163 188 100656 134 55
853 G 406778 245 607 162 298560 209 193 73 106696 33
854 T 411786 470 302555 565 97 112 107670 216 49 52
855 A 422214 305624 339 824 360 114623 112 217 87 28
856 G 428143 27 56 17 310924 62 119 21 116890 27
857 C 440124 96 53 315410 229 62 79 124070 106 19
858 C 452729 104 230 321493 35 56 150 130574 41 46
859 A 459902 322658 53 579 68 136179 41 177 115 32
860 G 461654 78 72 45 326896 66 85 27 134357 28
861 T 468892 664 331727 106 529 275 135297 84 160 50
862 G 471859 73 104 14 338193 65 199 16 133162 33
863 G 473345 92 71 113 347371 73 88 49 125451 37
864 G 478596 198 137 12 357460 65 88 12 120591 33
865 T 485974 255 364131 482 96 125 120587 179 39 80
866 A 494878 372933 578 57 238 120620 243 58 96 55
867 C 504636 312 552 383959 115 135 245 119208 70 40
868 G 517036 206 86 304 393894 87 70 166 122183 40
869 A 527196 403043 119 318 131 123259 65 124 68 69
870 C 537257 142 348 413238 141 97 136 123027 87 41
871 T 545125 64 418696 208 105 25 125823 107 48 49
872 T 553074 64 427757 272 112 45 124640 104 34 46
873 T 561489 180 438969 229 41 57 121868 75 23 47
874 G 567934 398 94 170 447431 110 77 77 119534 43
875 A 577793 451921 139 217 380 124825 67 68 127 49
876 A 587914 459997 223 207 292 126868 121 63 87 56
877 A 596420 464193 73 161 240 131425 170 48 72 38
878 G 602505 233 229 48 465972 113 156 35 135686 33
879 G 607430 133 153 203 470791 51 147 79 135824 49
880 G 613272 570 808 247 476848 169 297 82 134201 50
881 A 620605 483429 949 100 521 134885 403 34 181 103
882 G 623764 337 1650 802 490767 132 509 242 129278 47
883 G 627254 92 122 26 505462 40 175 20 121266 51
884 G 629520 166 70 33 514916 42 50 10 114171 62
885 A 636314 524813 79 14 155 111023 65 14 49 102
886 T 644038 81 533715 135 8 46 109950 28 9 66
887 A 653326 540180 59 12 161 111459 174 128 80 1073
888 C 661270 79 45 551976 34 32 77 108964 11 52
889 T 673143 114 559642 97 44 29 113040 25 75 77
890 C 680495 169 56 570275 63 93 27 109727 25 60
891 T 688965 64 581951 185 532 76 105903 35 120 99
892 C 697117 189 77 591817 38 51 27 104794 63 61
893 T 705404 65 596428 121 51 20 108532 88 13 86
894 A 716033 601783 153 41 108 113758 68 16 32 74
895 G 721347 132 56 28 608049 35 46 12 112902 87
896 T 728441 72 615566 105 30 23 112446 34 12 153
897 C 738661 406 132 619236 45 74 104 118583 11 70
898 G 749862 307 183 311 624221 71 195 95 124402 77
899 G 756033 366 76 178 626491 101 87 54 128601 79
900 A 763735 633572 166 278 153 129276 64 82 42 102
901 A 771732 642524 111 303 160 128391 31 76 46 90
902 T 781447 342 653669 236 42 74 126926 54 13 91
903 A 790049 661630 524 45 193 127320 193 17 45 82
904 G 797719 153 133 1113 673007 52 100 248 122824 89
905 A 807836 682851 71 1129 150 122857 48 303 54 373
906 C 816595 152 102 691033 1216 53 34 123653 273 79
907 C 828787 665 103 702970 64 106 32 124745 14 88
908 C 837783 278 63 713926 113 49 25 123229 24 76
909 T 845433 51 724426 335 58 10 120365 81 19 88
910 T 851177 99 729921 208 27 28 120739 35 6 114
911 T 858437 126 736618 139 302 33 121020 31 52 116
912 C 866380 154 232 746317 334 28 86 119085 57 87
913 A 875218 756867 354 79 318 117224 195 23 53 105
914 G 881020 1126 427 286 759314 215 123 55 119387 87
915 A 886845 765634 400 199 211 120032 111 40 51 167
916 C 894996 276 259 771085 798 70 60 122208 143 97
917 T 905953 178 781361 286 274 39 123571 64 53 127
918 G 913760 553 277 867 790520 94 114 155 121108 72
919 C 923169 143 301 798767 58 33 71 123662 38 96
920 T 932830 47 808197 230 23 19 124124 64 16 110
921 T 941203 253 815047 707 30 39 124869 131 12 115
922 C 952733 1296 349 825040 409 244 94 125127 66 108
923 A 963713 834166 441 666 175 127837 123 146 37 122
924 A 970184 840404 263 179 1195 127688 74 43 208 130
925 A 977420 846712 470 734 765 128294 97 112 134 102
926 A 984421 850704 888 898 1041 130228 164 168 185 145
927 C 992283 754 791 859191 408 151 178 130627 83 100
928 A 998937 862909 5107 491 316 129053 780 98 64 119
929 G 1002116 493 770 113 871248 87 136 31 129121 117
930 C 1009279 544 3843 870206 258 111 632 133521 55 109
931 C 1015943 394 311 877677 94 80 77 137156 24 130
932 A 1023827 886789 111 313 529 135776 33 54 85 137
933 A 1030656 893898 212 321 207 135696 67 72 42 141
934 G 1034891 1026 424 148 899396 193 83 19 133495 107
935 T 1042116 105 904383 1152 61 22 135534 238 20 601
936 G 1045026 434 173 1005 908826 80 53 226 134112 117
937 T 1050963 81 915445 532 18 30 134338 93 15 411
938 A 1057155 924556 445 46 290 131449 88 12 67 202
939 C 1063230 213 558 928897 113 63 117 133114 27 128
940 A 1071150 931114 216 49 2256 136975 68 15 321 136
941 G 1073716 218 173 188 936557 43 72 46 136299 120
942 C 1077494 1909 538 939568 127 260 92 134819 51 130
943 C 1085435 501 128 945984 63 98 39 138482 17 123
944 T 1093536 91 946735 253 26 34 146157 59 21 160
945 A 1095511 948715 38 50 198 146291 52 10 37 120
946 A 1095673 953204 519 347 251 141043 80 50 61 118
947 T 1102862 129 959009 591 218 30 142565 89 50 181
948 C 1109963 218 462 961139 354 129 107 147369 56 129
949 A 1114916 960579 66 35 233 153731 73 17 50 132
950 G 1114811 170 128 40 964119 42 63 26 150095 128
951 A 1117989 962901 82 18 221 154309 41 12 49 356
952 C 1120624 927 381 959648 589 247 111 158461 120 140
953 C 1125745 645 850 959931 801 169 220 162807 177 145
954 A 1131172 962928 546 315 436 166463 142 77 121 144
955 A 1131949 964973 354 1187 414 164399 102 243 133 144
956 A 1131075 963068 375 265 1393 165329 111 100 311 123
957 T 1136204 432 966297 605 412 118 167927 144 117 152
958 G 1134000 157 181 38 973692 50 119 25 159596 142
959 A 1135334 975938 93 29 245 158665 73 34 89 168
960 G 1133576 166 187 36 973939 60 52 55 158943 138
961 A 1135388 969272 338 623 516 164121 118 159 102 139
962 A 1135906 964915 1019 335 994 167967 208 76 227 165
963 T 1136501 1001 964782 989 623 210 168229 240 120 307
964 C 1138794 252 155 968129 70 86 40 169885 32 145
965 C 1143325 213 171 967468 102 154 84 174966 32 135
966 A 1141744 962463 200 34 286 178420 81 26 75 159
967 G 1138522 348 255 239 963502 88 87 96 173779 128
968 C 1141169 322 297 968640 608 134 98 170837 106 127
969 A 1142898 968753 463 222 707 172021 106 47 133 446
970 C 1141390 128 140 966112 92 36 49 174661 41 131
971 A 1141899 962831 132 72 133 178275 67 23 38 328
972 C 1140526 123 126 962107 62 83 62 177757 29 177
973 A 1143946 957132 41 11 167 186340 38 13 68 136
974 A 1143267 955770 78 17 181 186853 150 20 54 144
975 G 1137683 131 194 33 950408 49 102 26 186581 159
976 A 1134905 949238 81 13 195 185037 61 36 59 185
977 G 1128753 139 61 48 950444 50 77 38 177759 137
978 T 1126002 127 943867 160 27 112 180352 105 54 1198
979 C 1124693 144 167 939088 59 148 74 184834 37 142
980 A 1127572 938026 99 7 206 188958 61 13 55 147
981 A 1124379 934476 118 11 188 189270 56 20 62 178
982 C 1123572 265 250 930341 52 105 219 192148 24 168
983 T 1126768 113 928340 201 95 73 197536 70 183 157
984 G 1123766 323 297 94 926360 91 149 209 196102 141
985 G 1120759 754 217 140 927069 199 55 41 192165 119
986 T 1119521 69 931938 707 180 65 184793 188 301 1280
987 G 1117007 315 295 177 931841 107 93 291 183781 107
988 T 1115515 79 935050 108 19 266 179522 38 48 385
989 G 1114500 190 285 55 934843 66 122 39 178774 126
990 G 1110796 120 273 51 930785 297 137 89 178921 123
991 A 1108841 920316 550 441 383 186606 132 107 124 182
992 T 1109469 156 914645 254 35 69 193932 70 70 238
993 G 1102019 587 408 538 914852 148 152 134 185054 146
994 G 1096712 261 573 79 920642 136 143 30 174707 141
995 C 1094886 233 231 923295 349 104 159 170279 93 143
996 A 1095566 925576 428 589 191 168268 144 146 72 152
997 T 1092911 398 925258 260 163 110 166419 92 42 169
998 G 1087358 259 960 201 924165 134 284 51 161116 188
999 C 1086801 303 1431 922171 688 89 345 161467 181 126
1000 C 1089644 337 231 915808 115 166 87 172650 124 126
1001 A 1092224 910532 237 128 128 180720 122 59 136 162
1002 T 1089835 67 905282 180 592 151 183155 85 162 161
1003 T 1089423 215 781697 110 120295 96 161288 388 25172 162
1004 C 1087687 278 181 896224 706 104 112 189768 199 115
1005 T 1091351 119270 773480 460 243 26622 170909 112 107 148
1006 G 1083883 305 317 59 887636 102 142 228 194935 159
1007 C 1079227 313 368 888938 198 230 117 188833 90 140
1008 C 1081316 235 283 882687 32 112 148 197649 37 133
1009 G 1086690 386 185 866 878923 244 147 366 205447 126
1010 C 1086862 230 195 880093 161 229 117 205686 48 103
1011 A 1092228 882079 58 58 205 209410 58 66 164 130
1012 T 1093717 102 879772 106 34 39 213435 44 38 147
1013 T 1092899 201 875934 159 30 85 216280 43 31 136
1014 T 1093686 96 874908 393 37 76 217810 138 90 138
1015 G 1084667 113 124 29 876070 97 144 30 207919 141
1016 A 1082347 876275 70 9 187 205493 60 22 79 152
1017 A 1078627 876274 62 22 246 201718 74 30 77 124
1018 G 1072940 133 217 29 873202 60 92 36 199044 127
1019 A 1069998 870147 71 80 169 199215 45 68 62 141
1020 T 1067457 58 871396 150 39 58 195571 45 17 123
1021 C 1064936 367 119 869677 43 156 57 194337 54 126
1022 T 1067189 79 869760 238 28 122 196743 85 19 115
1023 A 1068453 869178 94 32 231 198643 68 36 55 116
1024 A 1066711 873073 75 50 203 192978 120 37 60 115
1025 G 1061422 277 180 73 870980 80 110 41 189574 107
1026 A 1060157 875212 90 59 298 184179 51 33 92 143
1027 G 1056623 155 132 35 878478 59 48 23 177575 118
1028 T 1058537 67 873506 116 10 235 179545 91 176 4791
1029 A 1056329 881374 103 64 198 174338 30 27 60 135
1030 T 1056158 75 877254 98 11 26 178473 43 27 151
1031 T 1059526 114 879301 133 16 83 179692 39 21 127
1032 A 1065699 877930 117 14 233 187142 56 21 72 114
1033 A 1068022 872845 58 15 122 194735 55 26 42 124
1034 G 1065519 138 121 449 867679 55 93 138 196746 100
1035 C 1066209 176 317 864248 41 99 95 201085 37 111
1036 T 1067830 103 862212 187 58 57 204960 64 31 158
1037 T 1067398 179 866007 159 55 95 200672 52 48 131
1038 C 1064212 161 105 865184 121 105 90 198296 48 102
1039 A 1063606 863077 95 38 164 199947 40 31 52 162
1040 T 1060454 96 858316 203 25 96 201494 81 11 132
1041 C 1063230 170 146 851504 80 250 76 210855 38 111
1042 A 1068447 845788 75 190 184 221824 100 89 66 131
1043 A 1066096 847846 96 56 264 217476 62 29 136 131
1044 A 1067434 846830 163 125 472 219283 202 93 159 107
1045 G 1063734 140 230 58 850305 60 182 28 212639 92
1046 G 1058379 128 155 259 854235 60 92 70 203285 95
1047 G 1051553 293 254 48 857499 117 82 76 193085 99
1048 A 1050718 857596 164 388 488 191513 85 136 135 213
1049 C 1048518 158 405 856903 323 119 184 190150 151 125
1050 G 1053730 408 271 278 857501 236 129 114 194674 119
1051 A 1053978 860927 182 318 300 191848 78 86 86 153
1052 A 1055951 860095 369 109 602 194247 201 30 158 140
1053 G 1050992 480 470 191 859311 143 163 63 190051 120
1054 G 1047588 323 249 58 859625 108 83 49 186952 141
1055 T 1047609 109 856522 153 70 93 187581 68 165 2848
1056 G 1043218 514 179 189 855380 140 119 49 186539 109
1057 C 1041551 434 457 859032 161 158 124 180999 60 126
1058 T 1049262 113368 751145 412 164 24604 159205 125 51 188
1059 C 1053034 112748 262 752087 1156 24063 125 162213 256 124
1060 C 1057038 288 229 859529 274 218 101 196222 56 121
1061 C 1061566 393 209 856212 324 222 67 203890 109 140
1062 A 1068369 858153 146 260 419 208991 90 90 101 119
1063 A 1069588 860807 72 261 152 207841 137 88 69 161
1064 G 1067452 149 210 34 862065 95 109 26 204647 117
1065 A 1066417 874284 61 16 185 191390 174 76 98 133
1066 G 1061587 265 380 34 878378 180 222 22 181992 114
1067 G 1057457 151 217 113 875884 174 198 42 180556 122
1068 G 1051762 236 326 70 867366 86 256 25 183285 112
1069 A 1051636 862859 286 55 209 187697 266 27 79 158
1070 A 1051240 862235 197 112 223 187988 222 34 73 156
1071 G 1047765 169 261 86 863086 61 95 57 183854 96
1072 C 1047616 205 80 861711 51 240 38 185152 31 108
1073 T 1052588 29 865831 202 14 191 186086 88 10 137
1074 T 1052419 230 867270 174 21 55 184280 238 13 138
1075 T 1051809 219 868958 288 667 91 181178 100 146 162
1076 C 1053302 537 440 873164 161 162 150 178502 53 133
1077 C 1054581 452 629 876077 338 240 181 176373 171 120
1078 A 1056626 879178 106 23 149 176598 129 41 41 361
1079 C 1056486 115 115 878225 46 56 43 177726 36 124
1080 T 1060027 74 878227 195 17 60 181172 136 11 135
1081 A 1060516 868674 101 24 134 191074 219 104 54 132
1082 G 1059215 179 167 38 865921 59 219 21 192477 134
1083 A 1059926 867192 52 12 187 192065 183 15 89 131
1084 G 1057422 107 153 20 872409 65 191 26 184349 102
1085 G 1057025 91 167 28 873723 62 76 33 182716 129
1086 A 1055320 877558 61 10 243 177123 32 7 89 197
1087 G 1053993 214 229 127 882902 255 123 48 169983 112
1088 T 1052160 55 885842 248 158 253 164471 235 107 791
1089 T 1052143 293 887333 172 21 222 163713 55 195 139
1090 C 1053133 332 136 889598 83 146 55 162586 40 157
1091 A 1057885 890587 74 170 217 166270 215 168 49 135
1092 A 1055808 891865 183 88 139 163038 318 25 29 123
1093 A 1052409 890813 76 40 213 160794 144 150 47 132
1094 T 1055301 84 892871 142 32 36 161713 244 23 156
1095 T 1058137 74 897248 171 29 27 160215 156 98 119
1096 G 1057141 174 140 42 898554 48 226 32 157799 126
1097 C 1058312 165 91 896949 377 41 35 160417 94 143
1098 T 1062212 124 896867 174 147 16 164639 65 42 138
1099 T 1065585 192 894780 228 52 69 170010 69 21 164
1100 C 1067082 265 166 893615 93 98 80 172611 43 111
1101 C 1070935 226 141 891548 115 165 48 178539 47 106
1102 A 1071459 890164 89 49 129 180762 41 52 39 134
1103 A 1068631 889007 55 353 117 178780 47 83 39 150
1104 T 1069880 66 892185 981 41 51 176174 220 25 137
1105 G 1073135 162 141 27 895105 78 90 23 177411 98
1106 A 1072013 899736 51 15 156 171826 40 8 64 117
1107 A 1072675 900413 47 15 149 171823 26 11 68 123
1108 A 1071136 896233 126 47 140 174364 48 23 48 107
1109 A 1071753 895873 205 14 186 175223 65 9 46 132
1110 T 1072784 104 897970 167 42 52 174218 41 27 163
1111 A 1072293 899441 149 213 226 171971 51 48 45 149
1112 T 1075788 108 903238 347 29 43 171777 82 24 140
1113 G 1075201 179 270 85 907417 52 207 39 166832 120
1114 G 1072560 231 105 71 906646 76 52 56 165213 110
1115 A 1073021 906868 84 122 279 165248 113 31 59 217
1116 G 1072718 368 129 58 909759 110 47 21 162090 136
1117 A 1071298 907252 104 108 623 162571 51 81 141 367
1118 C 1071161 155 416 906243 45 65 180 163892 16 149
1119 T 1075174 466 908415 201 12 126 165761 45 9 139
1120 A 1073889 907955 120 7 136 165384 33 81 30 143
1121 T 1076658 122 913333 154 34 47 162761 38 15 154
1122 G 1075586 191 211 61 914971 70 179 111 159667 125
1123 G 1072552 150 153 41 913970 153 65 15 157858 147
1124 A 1072817 913743 119 41 177 158391 48 20 126 152
1125 A 1071743 912961 103 31 202 158145 102 10 65 124
1126 T 1072890 140 911677 166 25 47 160649 45 9 132
1127 C 1074354 247 87 912051 46 127 39 161620 19 118
1128 A 1076411 907113 161 40 221 168602 59 27 44 144
1129 A 1070923 902022 151 72 159 168263 73 19 40 124
1130 G 1067375 189 227 84 901976 49 84 44 164607 115
1131 T 1068858 132 901080 194 62 87 166814 45 20 424
1132 A 1067121 899523 159 477 146 166246 59 110 40 361
1133 C 1069636 144 123 898205 529 52 39 170308 114 122
1134 A 1074241 899079 149 34 288 173984 66 26 70 545
1135 C 1073966 995 119 898059 38 248 44 174330 35 98
1136 T 1078586 76 896664 179 29 49 181403 55 12 119
1137 T 1079918 101 892542 207 914 30 185700 55 221 148
1138 G 1077787 146 137 132 888840 76 63 48 188193 152
1139 A 1078021 885744 66 15 167 191793 41 9 47 139
1140 A 1078203 883668 62 16 179 193898 141 13 52 174
1141 C 1077751 191 138 885848 42 99 140 191144 26 123
1142 T 1083072 39 889333 296 51 29 192985 165 30 144
1143 G 1080448 574 302 96 890341 148 128 126 188614 119
1144 A 1079595 883956 63 45 215 195031 69 12 59 145
1145 G 1076774 123 56 33 877927 40 134 15 198327 119
1146 A 1078869 879934 84 13 209 198348 58 23 61 139
1147 A 1078389 882026 84 26 224 195708 37 23 141 120
1148 G 1073904 185 135 122 882035 139 116 52 191012 108
1149 C 1073427 222 584 885874 67 81 276 186131 46 146
1150 A 1075926 884624 206 36 568 189968 150 85 144 145
1151 G 1072048 277 745 93 884210 109 247 55 186210 102
1152 G 1069986 382 127 100 884048 118 64 92 184919 136
1153 T 1070652 124 879171 507 50 104 188970 167 73 1486
1154 A 1068351 881255 81 37 395 186184 57 42 91 209
1155 C 1069101 139 245 882335 53 69 91 185999 38 132
1156 T 1074658 72 883729 149 85 47 190339 59 36 142
1157 G 1073663 173 256 36 886078 77 160 29 186735 119
1158 G 1070295 140 128 47 883054 59 91 31 186638 107
1159 G 1065715 1808 128 42 880997 485 57 33 182040 125
1160 C 1066098 198 130 876539 1742 75 84 186709 465 156
1161 C 1069748 135 1840 876412 74 98 481 190547 33 128
1162 A 1070433 872527 117 26 175 197271 62 47 50 158
1163 T 1069723 33 867928 135 15 55 201365 46 15 131
1164 A 1076463 870648 28 14 289 205184 88 16 73 123
1165 A 1074801 873071 73 36 204 201091 115 18 77 116
1166 G 1073590 270 206 26 866720 94 162 21 205985 106
1167 G 1074776 223 124 137 865805 105 71 68 208119 124
1168 A 1073641 866584 164 15 183 206189 68 32 76 330
1169 C 1074058 126 100 865453 100 65 46 207997 49 122
1170 C 1078997 644 145 865954 65 216 66 211743 33 131
1171 A 1083830 871937 142 76 298 211061 73 28 83 132
1172 G 1082811 145 136 52 870386 79 106 30 211759 118
1173 A 1083598 871344 82 44 271 211555 67 16 99 120
1174 A 1084918 873988 183 64 378 209940 103 36 102 124
1175 G 1083726 208 96 169 876943 77 61 86 205990 96
1176 T 1087384 97 880374 230 226 101 204464 136 122 1634
1177 G 1082179 176 301 51 883701 72 287 27 197462 102
1178 G 1080083 94 198 187 886215 58 112 64 193036 119
1179 A 1079382 886722 101 191 567 191285 121 75 152 168
1180 G 1076377 155 178 55 887305 65 239 34 188234 112
1181 G 1071807 126 155 40 888865 85 119 28 182260 129
1182 A 1071052 885750 140 17 292 184508 70 37 86 152
1183 A 1071902 885042 311 346 937 184645 114 94 265 148
1184 A 1070332 885425 334 517 867 182543 97 152 226 171
1185 C 1071037 589 706 888714 517 195 218 179808 141 149
1186 A 1070045 886380 577 1056 1416 178221 121 308 378 1588
1187 C 1070086 473 202 886450 1973 139 79 180168 479 123
1188 C 1074507 835 440 886139 572 316 152 185771 145 137
1189 A 1076835 884267 414 214 1120 190212 130 65 291 122
1190 A 1075177 882863 671 1031 469 189451 205 219 119 149
1191 T 1072943 1017 888067 462 1155 217 181347 156 253 269
1192 C 1075542 7270 906 873854 549 1821 283 190574 167 118
1193 A 1079506 871286 5866 893 485 198971 1493 257 131 124
1194 A 1080567 871506 682 6047 256 200101 172 1572 71 160
1195 C 1083366 1369 363 873186 885 452 93 206647 257 114
1196 A 1091483 867774 588 1076 1534 219411 264 279 399 158
1197 G 1089587 1360 1076 395 868983 413 369 121 216777 93
1198 A 1088509 873630 272 386 256 213444 184 94 98 145
1199 G 1079450 342 321 267 873782 132 195 88 204201 122
1200 G 1074464 199 218 208 875482 88 102 67 197992 108
1201 G 1070471 2286 486 423 873529 464 127 134 192885 137
1202 C 1074507 619 1019 878380 1998 218 238 191435 439 161
1203 A 1084749 882024 455 1933 619 198826 127 395 216 154
1204 T 1083289 397 878927 4231 198 95 198267 971 66 137
1205 C 1086410 692 4149 874039 686 219 1004 205280 207 134
1206 T 1093135 879 877685 638 343 304 212840 177 98 171
1207 G 1084347 908 333 387 880613 246 139 140 201448 133
1208 C 1085341 701 591 885636 254 201 502 197223 113 120
1209 G 1084475 605 491 710 886879 180 389 179 194894 148
1210 G 1082122 271 218 178 891309 86 93 67 189780 120
1211 G 1078184 440 433 189 900288 263 137 85 176212 137
1212 C 1080887 419 286 901278 181 117 263 178151 76 116
1213 C 1089938 238 157 902423 313 88 218 186288 80 133
1214 A 1096302 899291 42 337 132 195990 63 120 185 142
1215 A 1099206 898765 81 26 124 199792 70 23 173 152
1216 A 1102208 895797 976 290 372 204066 382 72 130 123
1217 T 1106966 216 899055 283 17 86 206926 95 103 185
1218 C 1110506 368 608 909251 945 159 251 198573 222 129
1219 A 1110321 909182 231 26 722 199664 122 31 204 139
1220 G 1108451 141 157 837 913552 59 125 238 193217 125
1221 C 1108771 289 3797 912136 271 124 816 191083 110 145
1222 A 1106664 914486 564 72 195 190943 148 54 57 145
1223 T 1109083 117 916393 1252 62 82 190684 297 28 168
1224 A 1112827 921092 774 609 228 189438 217 159 48 262
1225 C 1116487 476 126 919287 219 274 68 195824 83 130
1226 A 1122793 917499 419 89 196 204191 152 29 87 131
1227 A 1124413 919635 333 123 266 203318 141 75 168 354
1228 C 1127622 98 78 927096 48 48 83 199935 112 124
1229 C 1130455 222 56 933172 30 100 48 196564 141 122
1230 T 1137679 89 932177 228 19 192 204719 66 27 162
1231 A 1143066 932926 63 10 254 208969 54 35 229 526
1232 C 1147167 130 272 933935 36 228 124 212275 42 125
1233 G 1157536 252 87 44 939030 86 216 23 217633 165
1234 T 1161820 47 939881 158 21 42 221387 53 11 220
1235 T 1165918 33 938830 134 6 26 226659 74 11 145
1236 C 1166683 224 140 941309 35 96 51 224687 18 123
1237 T 1172142 394 942989 310 122 230 227728 123 51 195
1238 C 1175873 274 162 946740 373 122 149 227809 128 116
1239 A 1177344 947796 343 101 405 228195 238 44 85 137
1240 G 1169880 1222 145 193 950275 333 79 67 217442 124
1241 T 1171244 89 959712 252 48 193 210436 79 38 397
1242 A 1173671 964416 973 370 323 206885 311 87 84 222
1243 C 1176241 202 176 967240 136 102 95 208095 49 146
1244 A 1179467 966381 136 62 225 212006 398 38 73 148
1245 G 1177206 201 263 155 969278 126 106 63 206890 124
1246 A 1178702 966076 61 10 173 211984 100 7 126 165
1247 G 1177285 114 134 45 964599 90 119 32 212003 149
1248 A 1177163 971519 38 3 209 205046 65 18 117 148
1249 A 1176902 976229 197 351 466 199211 110 74 134 130
1250 A 1175432 976713 277 146 625 197059 107 190 148 167
1251 T 1176609 487 978320 259 202 163 196646 102 184 246
1252 C 1179959 149 109 981355 216 93 253 197600 57 127
1253 T 1184191 85 984805 259 50 173 198396 148 31 244
1254 C 1185826 260 120 986052 142 83 97 198716 206 150
1255 C 1187683 275 154 979988 169 134 55 206607 173 128
1256 C 1191030 397 140 983622 57 219 166 206284 28 117
1257 T 1192914 84 985237 1174 78 122 205736 305 21 157
1258 T 1192003 96 990604 312 57 106 200499 86 77 166
1259 T 1189078 312 993546 156 258 90 194460 44 75 137
1260 T 1190607 83 993344 536 10 101 196153 151 49 180
1261 G 1182760 684 295 95 994965 231 196 49 186087 158
1262 A 1180779 995813 594 183 319 183335 196 61 88 190
1263 C 1182911 653 446 996517 275 232 115 184441 65 167
1264 A 1186383 995194 235 206 979 189120 222 58 236 133
1265 G 1182130 282 766 331 995067 113 185 103 185136 147
1266 A 1181965 997490 347 178 816 182618 128 71 156 161
1267 A 1179642 989201 3360 3070 209 182260 673 631 49 189
1268 C 1178030 3155 1415 992571 145 717 368 179486 36 137
1269 A 1179569 994216 1451 190 2091 180722 361 47 367 124
1270 A 1175389 997174 358 34 954 176228 79 71 195 296
1271 C 1173950 187 961 999593 91 72 181 172708 37 120
1272 C 1174284 285 149 999684 1061 160 51 172542 212 140
1273 A 1171766 1001884 72 25 130 169394 54 24 47 136
1274 T 1168165 83 998685 319 31 33 168757 76 15 166
1275 T 1164283 147 1000783 324 9 64 162732 58 16 150
1276 A 1159047 997672 147 87 233 160627 64 17 42 158
1277 T 1155585 142 995460 252 23 52 159417 55 21 163
1278 G 1151625 302 245 133 996008 85 78 32 154583 159
1279 G 1148083 277 200 133 996942 70 71 45 150213 132
1280 C 1143354 275 489 988793 102 90 102 153337 27 139
1281 A 1138195 985053 73 171 262 152356 33 27 66 154
1282 G 1128954 496 244 147 978895 146 50 62 148777 137
1283 C 1122288 252 308 974444 151 126 71 146753 38 145
1284 A 1118619 975653 156 187 284 142066 41 43 40 149
1285 T 1112796 55 968284 176 23 21 143976 34 79 148
1286 T 1108061 119 964371 195 15 56 143026 38 78 163
1287 C 1104560 256 191 960819 78 154 50 142786 72 154
1288 A 1101059 951166 277 1831 2320 144593 62 268 396 146
1289 A 1094269 946991 465 1347 317 144576 98 228 95 152
1290 T 1088965 1634 939636 459 1312 334 145083 132 212 163
1291 G 1081732 321 3162 232 931888 118 636 109 145141 125
1292 G 1076108 215 2350 2643 924158 153 390 488 145601 110
1293 G 1068507 502 2772 2388 916117 122 617 480 145372 137
1294 A 1061981 912570 546 711 686 146686 345 108 134 195
1295 A 1053859 907078 452 719 825 144007 103 116 418 141
1296 T 1047457 471 901723 813 193 323 143558 147 45 184
1297 A 1040829 895194 622 882 1005 142381 233 160 199 153
1298 C 1032769 686 1997 889011 652 408 359 139329 132 195
1299 A 1026953 887693 948 995 374 136032 540 161 57 153
1300 G 1020051 374 222 211 881836 85 55 348 136803 117
1301 A 1013831 873590 150 229 301 139101 106 52 79 223
1302 G 1004790 312 713 380 866497 73 138 133 136436 108
1303 G 996210 179 360 48 864077 98 88 10 131229 121
1304 G 986790 165 204 77 856100 71 63 14 129986 110
1305 G 976506 165 238 63 847190 93 56 12 128584 105
1306 A 969275 837763 80 32 256 130783 37 13 73 238
1307 G 960370 146 132 40 829273 62 37 19 130510 151
1308 A 953785 820583 46 16 492 132347 23 10 96 172
1309 A 944595 810502 124 140 145 133417 59 41 27 140
1310 C 935820 530 248 801013 102 159 83 133485 33 167
1311 A 928918 794245 689 84 159 133395 157 27 36 126
1312 T 921020 296 787246 330 26 69 132820 96 15 122
1313 C 912335 616 90 780131 61 165 53 131104 20 95
1314 T 907357 2995 771527 957 48 560 130929 177 18 146
1315 G 897778 216 107 39 768632 71 41 22 128554 96
1316 A 888241 762441 109 15 123 125254 99 10 36 154
1317 C 880347 102 137 754531 47 144 69 125184 22 111
1318 A 873659 744685 264 58 157 128181 156 12 36 110
1319 T 862904 222 734672 120 57 53 127631 26 13 110
1320 G 851133 155 174 213 726743 87 45 122 123491 103
1321 A 842024 720297 77 297 185 120879 18 122 39 110
1322 G 832071 107 171 43 710543 31 59 79 120970 68
1323 G 823997 485 119 39 702697 217 64 18 120261 97
1324 A 814997 692650 96 147 506 120100 81 31 160 1226
1325 C 805588 90 322 685992 319 51 118 118526 68 102
1326 C 799176 479 255 677656 35 164 96 120325 74 92
1327 G 792245 228 122 21 670024 140 95 10 121492 113
1328 A 784503 662983 37 20 135 121155 43 12 34 84
1329 A 777225 657538 39 16 103 119330 30 13 73 83
1330 A 770224 650001 73 120 103 119701 36 45 66 79
1331 T 762613 47 641652 227 31 29 120423 58 20 126
1332 C 754473 258 94 633607 38 129 54 120162 43 88
1333 A 745586 624990 307 28 367 119614 79 7 106 88
1334 T 735673 33 615141 103 74 35 120147 25 22 93
1335 A 729249 605239 266 132 373 123019 70 18 77 55
1336 A 721356 593460 137 132 199 127208 46 29 75 70
1337 G 711242 96 363 68 582597 41 83 30 127888 76
1338 G 702416 202 185 161 575217 100 65 43 126378 65
1339 A 692980 567004 164 111 191 125254 65 32 56 103
1340 T 684791 123 556293 118 86 43 127971 30 41 86
1341 G 674162 159 599 58 546802 73 190 19 126189 73
1342 A 663569 537425 97 43 132 125673 69 3 43 84
1343 T 655090 76 531953 407 8 37 122437 94 11 67
1344 G 646882 106 395 22 524291 78 148 51 121728 63
1345 G 636378 85 108 29 512141 62 117 18 123763 55
1346 A 627575 502577 29 16 123 124619 19 89 31 72
1347 A 619434 493821 39 18 85 125255 17 44 84 71
1348 A 612567 483559 296 410 181 127677 105 168 116 55
1349 G 604081 630 75 337 474345 195 74 132 128224 69
1350 T 594888 109 465344 323 626 117 127338 119 314 598
1351 G 581675 211 194 145 453603 83 68 75 127250 46
1352 C 566508 188 249 442001 180 138 96 123560 55 41
1353 A 558814 433466 102 89 241 124739 28 23 75 51
1354 A 548472 421639 30 37 112 126517 27 9 61 40
1355 G 535877 241 159 212 413543 68 57 74 121482 41
1356 A 527634 408752 119 87 271 118100 47 33 96 129
1357 C 516567 135 178 398004 113 61 79 117905 61 31
1358 C 509346 129 194 383993 56 162 122 124597 61 32
1359 A 501831 369363 108 324 478 131140 75 116 191 36
1360 G 491028 67 95 23 363317 40 38 7 127408 33
1361 A 480244 356255 66 10 51 123762 23 6 35 36
1362 A 468429 341012 49 18 78 127161 17 13 50 31
1363 G 456443 139 246 156 329384 72 89 49 126288 20
1364 A 447457 317192 176 175 184 129469 66 71 88 36
1365 T 440131 93 301212 207 128 37 138252 106 60 36
1366 G 431027 111 814 108 287598 73 404 58 141839 22
1367 T 422736 46 274649 1014 124 97 146035 557 123 91
1368 G 417123 53 118 147 267718 95 107 94 148765 26
1369 T 409391 122 261518 104 213 80 147082 84 153 35
1370 C 405233 114 81 255852 30 145 96 148854 33 28
1371 T 405374 18 252692 166 103 201 151989 114 73 18
1372 T 532486 21 326532 85 2 110 205610 82 10 34
1373 T 524076 50 327292 92 34 75 196112 124 209 88
1374 C 521360 123 73 326525 31 150 164 194228 30 36
1375 C 528905 607 220 324030 107 813 175 202840 86 27
1376 A 521747 322821 250 52 871 196506 349 305 529 64
1377 G 512059 487 170 472 322392 419 430 319 187344 26
1378 G 509985 57 11 69 321278 184 228 98 188045 15
1379 G 502583 131 75 37 316589 154 191 46 185311 49
1380 G 492633 69 151 40 312216 69 164 126 179767 31
1381 C 493569 453 99 307337 91 289 771 184221 230 78
1382 G 494916 473 178 38 305595 322 565 214 187509 22
1383 G 488330 374 231 31 303962 211 417 101 182975 28
1384 G 487784 73 126 40 303832 125 524 44 182972 48
1385 G 483611 82 52 29 305205 158 109 29 177903 44
1386 A 486540 300019 46 1 87 171240 99 86 7234 7728
1387 G 486761 90 33 35 308822 145 109 47 177443 37
1388 T 492086 7 278876 85 9 371 166325 196 16644 29573
1389 C 501161 215 41 316044 25 278 103 184292 118 45
1390 T 507965 38 327113 68 21 187 180234 227 20 57
1391 T 510125 41 323643 54 9 201 186049 81 23 24
1392 C 515559 121 104 324383 29 348 528 189767 54 225
1393 G 523293 110 55 20 329551 215 355 176 192421 390
1394 A 526077 332514 5 9 53 192958 56 48 167 267
1395 G 531076 44 68 9 334821 64 135 43 195853 39
1396 C 539517 161 583 344165 69 123 455 193734 119 108
1397 T 551667 82 356560 128 21 81 194312 183 48 252
1398 C 558801 130 482 355871 53 167 435 201593 35 35
1399 T 568010 420 357500 79 32 331 209394 133 38 83
1400 C 575298 482 343 356211 46 416 717 216906 128 49
1401 G 580751 137 161 369 361707 222 428 505 217109 113
1402 G 584079 87 78 16 367388 122 76 126 216171 15
1403 A 588677 372685 23 7 116 213990 59 38 660 1099
1404 C 595974 45 110 385123 23 280 226 210030 74 63
1405 G 602278 89 82 19 393547 261 141 83 208027 29
1406 A 607978 400510 38 4 66 206911 42 44 291 72
1407 A 613733 408426 43 5 76 204860 59 11 210 43
1408 A 618921 418996 10 2 51 199689 82 13 42 36
1409 A 621048 425179 13 8 266 195217 126 32 139 68
1410 G 620397 90 65 10 430697 1938 94 21 182770 4712
1411 G 618774 73 75 15 445319 48 39 33 173146 26
1412 C 621567 104 94 458896 63 86 114 161999 85 126
1413 A 625669 466936 15 18 130 158294 56 35 68 117
1414 G 623510 231 146 70 477738 111 79 44 145031 60
1415 C 624562 253 201 486864 252 136 184 136516 94 62
1416 G 631296 129 143 31 496508 79 116 31 134211 48
1417 A 632131 502959 220 134 93 128132 94 52 89 358
1418 G 631210 240 320 84 509963 140 82 47 120288 46
1419 C 632254 326 228 519867 171 112 65 111302 118 65
1420 C 634262 113 71 530368 27 94 54 103461 11 63
1421 C 636271 204 110 537530 43 149 126 98038 8 63
1422 G 633851 135 120 42 542675 144 49 117 89653 916
1423 A 631936 549638 44 58 78 81804 60 38 39 177
1424 T 630342 67 553527 76 18 99 76179 10 21 345
1425 C 628582 175 134 553931 41 96 28 74108 9 60
1426 G 625380 167 79 42 555396 78 16 16 69506 80
1427 T 623493 58 559453 139 23 67 62472 23 62 1196
1428 G 621129 224 129 47 567204 24 70 11 53377 43
1429 C 618941 156 68 567730 48 21 6 50827 10 75
1430 C 617591 110 68 571066 11 26 11 46147 14 138
1431 T 616963 35 579953 125 6 35 36541 31 4 233
1432 T 614967 89 582607 138 11 14 31994 15 5 94
1433 C 612742 234 100 583487 57 29 40 28701 13 81
1434 C 611547 173 116 585207 73 43 40 25733 15 147
1435 T 610356 290 588871 235 26 47 20751 40 1 95
1436 T 608408 114 590796 228 76 14 17081 6 33 60
1437 T 606241 218 589263 163 78 7 16368 8 2 134
1438 G 604333 164 106 122 584431 8 576 24 15029 3873
1439 A 602603 587257 86 72 122 14891 9 19 7 140
1440 C 601269 67 127 586418 40 16 2 14440 19 140
1441 A 600637 584819 71 16 983 14646 5 0 26 71
1442 T 599339 27 584769 76 84 1 14122 4 16 240
1443 G 598367 169 297 41 584292 22 19 1 13469 57
1444 A 596946 583724 87 14 155 12781 1 0 10 174
1445 G 595511 92 68 25 583124 5 4 1 12158 34
1446 T 594291 65 577839 107 10 17 11486 2 134 4631
1447 A 592982 581800 84 8 96 10951 2 0 6 35
1448 A 591331 581291 58 32 70 9818 0 4 1 57
1449 T 590088 46 580344 102 35 7 9359 2 0 193
1450 G 589574 147 162 82 579766 14 5 5 9350 43
1451 A 588595 579125 139 76 122 9064 1 1 6 61
1452 A 587613 578359 82 49 177 8842 2 0 3 99
1453 G 586689 117 1649 24 576499 44 26 0 8258 72
1454 G 585867 61 96 37 577563 11 1 3 8063 32
1455 A 584993 575128 111 15 1616 7648 3 45 24 403
1456 T 584316 59 576493 105 3 52 7481 2 0 121
1457 C 583601 123 46 576059 46 10 2 7221 14 80
1458 T 583232 48 575735 100 22 14 7204 6 49 54
1459 T 582519 10 575550 90 3 42 6777 14 1 32
1460 A 581758 575041 29 1 63 6428 32 2 2 160
1461 T 581165 37 574843 109 4 2 6072 32 2 64
1462 T 580601 30 574657 87 3 1 5754 0 29 40
1463 T 580169 34 574329 72 2 11 5657 4 17 43
1464 C 579495 93 61 573336 23 8 53 5136 16 769
1465 T 578994 37 573650 85 9 8 4975 17 0 213
1466 T 578317 60 573468 76 2 4 4573 2 1 131
1467 C 577625 134 225 572980 23 5 8 4083 1 166
1468 G 577190 131 112 38 572874 19 5 0 3897 114
1469 G 576711 53 106 27 572857 2 8 0 3637 21
1470 A 576176 572298 63 3 144 3392 5 0 10 261
1471 G 575716 70 96 33 572292 8 2 1 3152 62
1472 A 574969 571753 58 10 144 2910 1 5 2 86
1473 C 574078 85 93 571056 39 1 7 2721 4 72
1474 A 573210 570352 80 19 99 2598 2 7 0 53
1475 A 571684 569008 50 24 140 2401 2 1 0 58
1476 T 570002 129 567287 103 15 7 2234 3 0 224
1477 G 568532 318 197 35 565814 3 1 1 2122 41
1478 C 567498 126 220 565065 51 6 2 1938 0 90
1479 A 566499 564082 60 37 239 1827 1 1 3 249
1480 G 564661 80 199 36 562630 4 1 0 1676 35
1481 A 562382 560466 151 32 116 1571 1 0 1 44
1482 G 560285 242 173 16 558295 1 0 0 1508 50
1483 G 557975 111 119 27 556244 2 2 0 1437 33
1484 A 554410 552665 59 49 118 1377 0 0 1 141
1485 G 551966 125 111 46 550340 7 0 0 1307 30
1486 T 550278 62 534632 86 39 4 1210 0 43 14202
1487 A 549260 547354 304 8 260 1278 4 0 5 47
1488 C 546325 136 210 544586 50 4 1 1258 1 79
1489 G 542485 296 605 33 540233 31 3 0 1235 49
1490 A 540677 538428 184 67 629 1264 1 4 3 97
1491 C 537524 464 183 535369 91 14 1 1274 23 105
1492 A 533473 531129 193 301 234 1429 2 2 12 171
1493 A 530287 528179 270 47 194 1508 3 1 19 66
1494 T 527564 151 525114 184 326 11 1599 21 1 157