# amino-acid counts among definitively called codons
# POSITION TOTAL_COUNTS WT N_A N_C N_D N_E N_F N_G N_H N_I N_K N_L N_M N_N N_P N_Q N_R N_S N_T N_V N_W N_Y N_STOP
1 1147148 M 0 0 0 0 0 0 0 449 82 95 1146188 0 0 0 8 0 131 195 0 0 0
2 1151532 A 1150447 0 0 335 0 62 0 0 2 0 0 0 43 0 0 161 75 407 0 0 0
3 1153044 S 284 45 0 1 1167 2 17 7 28 362 1 78 308 15 6 1150487 41 0 0 154 41
4 1154314 Q 73 35 2 63 218 30 232 88 286 662 83 211 187 1145156 343 6095 184 75 77 78 136
5 1156390 G 61 306 236 1 12 1154624 25 3 7 0 0 3 46 0 399 479 6 179 0 3 0
6 1157126 T 215 8 0 0 0 0 0 118 0 1 0 92 21 2 6 136 1156527 0 0 0 0
7 1159829 K 0 0 1 113 2 0 0 38 1159357 1 0 103 0 16 125 1 8 1 0 0 63
8 1163463 R 1 0 0 1 0 57 0 1 2 154 0 0 55 154 1162846 1 0 1 0 0 190
9 1167127 S 75 41 3 0 84 40 2214 79 2 807 17 4 558 468 1 1162339 157 2 0 234 2
10 1170047 Y 166 209 13 0 129 23 873 10 4 152 1 46 30 10 6 170 10 35 5 1167934 221
11 1174836 E 13 2 95 1173782 1 152 1 0 390 6 4 2 2 55 7 12 4 58 43 5 202
12 1180725 Q 6 0 7 56 9 17 423 2 178 84 22 24 85 1179295 234 55 57 9 0 1 161
13 1187577 M 1 0 0 0 0 2 0 469 92 99 1186471 0 2 56 43 0 144 198 0 0 0
14 1184471 E 16 0 225 1183311 0 439 0 2 131 11 0 0 0 34 2 18 0 96 0 0 186
15 1176616 T 221 353 0 1 0 0 80 125 14 107 7 196 10 2 1 153 1175299 46 0 1 0
16 1163837 D 20 11 1162674 162 7 294 48 8 0 1 0 193 0 66 0 4 4 98 43 204 0
17 1138135 G 53 42 1 145 0 1136822 20 11 4 81 0 27 93 8 223 24 63 306 0 0 212
18 1126148 E 330 5 175 1124269 6 189 10 13 209 43 5 24 80 361 0 162 16 85 0 16 150
19 1092455 R 0 263 0 0 3 68 476 0 1 222 0 7 90 3 1090931 292 2 96 0 0 1
20 1057857 Q 11 1 1 59 1 8 203 0 161 161 0 0 769 1055907 328 5 28 59 0 0 155
21 1016151 N 19 0 185 1 2 0 10 72 88 209 1 1008559 11 109 4 6186 143 7 453 88 4
22 958452 A 956524 1 198 5 12 66 65 18 3 6 6 11 106 8 34 321 451 594 16 7 0
23 930793 T 444 5 2 1 297 48 38 84 1 32 3 183 673 367 99 886 927488 76 1 64 1
24 889172 E 12 183 582 854437 232 176 7 55 206 32604 3 68 19 54 26 64 32 176 20 81 135
25 838751 I 0 31 0 0 44 3 0 837974 21 44 42 52 0 1 26 15 355 143 0 0 0
26 807938 R 0 0 0 1 5 216 1 125 642 5 1 1 0 0 806775 65 31 0 0 0 70
27 776287 A 775084 0 5 166 6 50 10 161 73 53 0 3 41 49 10 177 194 176 1 28 0
28 757818 S 27 202 0 2 54 216 10 0 2 324 0 1 161 242 70 756226 89 0 0 191 1
29 738030 V 119 78 58 5 92 12 0 318 2 30 1 1 1 2 3 1 3 737302 0 2 0
30 711775 G 32 0 3 151 8 710953 0 21 6 1 0 0 0 2 305 18 0 88 0 1 186
31 692239 K 41 0 7 122 0 6 421 166 690790 15 60 50 0 8 431 19 21 46 0 3 33
32 655200 M 8 1 0 0 24 4 6 276 57 68 654512 1 0 1 20 27 92 95 0 8 0
33 629263 I 40 25 0 0 46 10 0 628688 2 18 27 38 2 1 1 27 185 150 0 0 3
34 628835 G 49 171 120 27 0 627858 3 46 3 112 3 38 0 7 47 139 126 70 9 7 0
35 443257 G 19 4 1 65 0 442900 0 0 2 1 0 0 0 10 101 3 0 81 8 1 61
36 463888 I 0 0 0 1 17 0 0 463631 0 29 20 21 2 0 0 8 58 101 0 0 0
37 476002 G 22 8 0 68 0 475610 13 0 0 2 0 0 0 0 120 0 0 67 0 0 92
38 492718 R 0 0 1 6 1 64 55 4 0 110 0 1 21 117 492218 6 17 0 0 0 97
39 508491 F 31 61 2 0 507864 4 4 34 2 205 0 0 0 0 0 67 1 156 10 49 1
40 528913 Y 31 98 8 0 39 2 365 4 0 7 0 56 6 2 1 14 1 0 0 528182 97
41 548862 I 49 5 1 7 49 46 0 545965 0 2148 22 107 6 14 108 40 198 90 5 2 0
42 571963 Q 3 0 4 25 1 7 23 4 116 28 3 1 14 571562 93 1 11 3 0 0 64
43 593486 M 2 1 0 0 14 0 0 217 41 58 592972 1 2 0 10 2 78 84 0 3 1
44 619917 C 21 618291 0 0 128 68 16 112 3 101 0 0 2 0 147 585 0 3 39 261 140
45 639749 T 111 0 1 7 1 0 0 103 1 1 0 52 13 0 0 74 639375 6 0 4 0
46 660076 E 4 0 66 659518 0 95 2 0 199 1 0 0 0 33 4 0 0 25 0 0 129
47 681037 L 33 26 0 0 67 7 43 422 2 680210 43 5 134 0 11 1 8 25 0 0 0
48 698763 K 39 1 0 130 1 79 0 24 697877 18 1 71 6 25 183 135 152 3 0 0 18
49 707865 L 2 14 0 2 79 0 28 71 0 707494 4 0 116 0 9 0 2 27 2 0 15
50 721935 S 24 52 137 49 12 180 2 360 2 71 56 99 5 87 170 720522 80 14 0 7 6
51 737730 D 14 16 736541 97 2 135 24 233 4 178 2 156 5 34 8 32 25 118 0 106 0
52 753251 Y 356 173 8 0 95 32 105 28 3 21 26 39 15 3 29 89 10 47 17 752057 98
53 778113 E 12 0 309 777140 0 224 0 0 166 0 2 1 0 27 0 1 1 65 0 0 165
54 791829 G 24 21 1 327 3 790146 6 0 19 10 6 7 203 11 203 553 1 125 0 0 163
55 797935 R 3 2 10 4 0 43 7 14 17 175 7 5 27 213 797172 9 34 18 171 4 0
56 804798 L 0 5 1 2 175 0 0 1 0 804242 70 3 5 0 1 193 0 18 11 0 71
57 815009 I 1 2 1 0 76 0 1 814043 4 211 28 60 0 3 1 11 178 389 0 0 0
58 824070 Q 1 0 1 22 2 0 44 1 203 51 0 107 87 823344 108 1 1 1 3 0 93
59 821454 N 1 0 107 0 0 0 11 62 127 2 0 820977 1 0 0 98 44 2 0 22 0
60 825475 S 3 117 1 0 1 193 0 136 1 1 0 131 0 0 239 824611 36 0 5 0 0
61 828144 L 17 1 1 1 83 7 3 411 3 827106 1 0 4 0 8 182 215 16 0 2 83
62 839071 T 144 4 2 0 0 94 0 87 106 50 0 26 10 2 48 69 838421 8 0 0 0
63 851801 I 1 16 0 0 0 2 0 851176 58 111 168 1 1 0 3 0 118 112 0 0 34
64 863486 E 7 0 174 862710 1 142 57 4 75 7 1 3 1 30 10 0 0 47 0 3 214
65 863087 R 2 0 0 0 6 207 0 120 126 0 3 53 0 0 862410 57 29 3 0 2 69
66 863922 M 0 0 0 0 0 0 0 292 89 86 863046 5 1 2 5 3 119 274 0 0 0
67 853784 V 138 0 0 113 0 26 0 2 0 108 193 0 0 0 0 24 0 853179 0 1 0
68 855129 L 16 248 1 5 101 209 65 5019 0 849066 1 7 184 133 11 3 1 48 8 3 0
69 849874 S 7 28 6 0 73 4 2 1 0 32 0 0 150 1 6 849265 43 2 0 253 1
70 840744 A 839773 63 177 8 1 52 0 0 0 0 0 0 34 0 0 167 368 100 0 1 0
71 833051 F 2 10 1 9 832496 0 5 27 0 199 1 3 1 21 0 182 10 41 0 40 3
72 825237 D 49 3 824403 136 1 228 38 0 0 0 0 141 2 0 1 0 1 130 0 103 1
73 826953 E 94 0 63 825898 2 201 31 3 285 2 30 7 0 35 1 65 0 77 0 1 158
74 843323 R 34 0 1 0 4 213 0 0 184 7 178 2 4 6 842316 185 34 0 31 121 3
75 843647 R 0 0 0 0 1 183 1 109 141 1 0 0 0 3 843036 51 42 2 0 0 77
76 844385 N 23 0 122 0 0 0 56 53 78 22 0 843800 0 1 2 139 43 3 0 43 0
77 840934 K 453 0 0 144 0 1 19 67 839716 112 1 89 2 37 109 20 101 29 2 3 29
78 849274 Y 4 140 9 0 53 4 159 1 0 1 0 73 0 1 3 10 2 1 0 848658 155
79 854655 L 2 8 0 0 58 2 64 192 0 854101 0 7 152 0 13 18 2 32 0 0 4
80 843837 E 327 32 45 838519 16 389 0 5 234 426 4 15 2 34 130 3280 159 78 3 8 131
81 842065 E 7 1 418 839220 0 154 216 18 102 152 1 2 7 67 4 140 17 109 0 1295 135
82 842320 H 25 48 26 0 15 9 841476 1 3 74 0 115 13 113 138 43 91 1 0 129 0
83 842932 P 28 5 1 6 1 8 240 30 101 77 3 1 841686 8 105 330 146 127 25 3 1
84 855991 S 256 49 2 4 2 327 3 78 0 20 0 196 4 53 105 854828 46 13 0 4 1
85 856829 A 855005 23 0 232 0 481 0 1 0 1 0 1 125 66 0 353 248 249 0 44 0
86 855932 G 64 8 55 130 7 854672 100 1 5 11 0 2 10 94 169 1 14 241 273 75 0
87 859403 K 0 0 0 169 0 2 3 55 858775 2 8 105 0 8 205 6 11 2 0 1 51
88 865984 D 8 20 865127 83 5 117 36 0 1 20 3 234 1 7 1 7 1 61 0 124 128
89 868646 P 408 5 8 1 7 160 251 13 4 98 1 3 867277 19 87 95 162 11 30 6 0
90 871086 K 40 15 24 429 4 18 35 91 864547 88 47 708 0 50 285 185 3902 518 15 65 20
91 867505 K 5 0 1 128 0 2 0 31 867000 4 0 42 0 5 233 9 5 0 0 0 40
92 860259 T 127 3 0 0 0 0 0 39 0 2 0 123 48 1 0 92 859824 0 0 0 0
93 862101 G 25 1 0 118 1 861476 1 0 0 0 0 1 0 0 191 0 0 124 0 0 163
94 859527 G 24 0 0 104 0 858969 13 0 0 0 0 0 0 0 176 0 0 130 0 0 111
95 853526 P 116 1 0 1 3 0 186 3 21 108 7312 3 844671 17 19 934 87 43 0 0 1
96 849698 I 6 60 0 0 8 0 0 848864 85 260 120 0 0 0 6 1 102 170 1 15 0
97 844517 Y 3 131 4 11 89 0 195 16 0 1 0 60 0 0 0 10 1 1 1 843840 154
98 842884 R 0 0 0 0 3 207 1 1 110 5 198 1 0 4 842043 171 57 5 77 1 0
99 834813 R 7 2 0 0 8 186 1 150 146 5 1 1 17 3 834121 42 26 4 0 5 88
100 825378 V 252 1 0 105 1 14 1 196 6 165 1 83 1033 3 61 2 261 823137 1 55 0
101 828705 N 0 0 152 1 0 60 10 55 173 22 0 827721 47 58 0 192 110 2 0 102 0
102 824793 G 37 0 10 128 105 823352 186 52 9 51 0 0 1 0 269 352 0 102 0 2 137
103 828487 K 79 4 1 144 0 12 20 2 827483 44 33 149 14 12 360 9 72 5 1 3 40
104 821629 W 0 141 0 0 2 10 8 1 0 153 2 0 2 0 170 27 0 0 820934 9 170
105 815277 M 2 6 0 0 0 366 4 1899 107 99 812249 0 1 75 57 1 111 248 0 51 1
106 807656 R 0 9 0 0 4 194 0 158 93 4 0 0 0 1 807030 76 27 0 0 0 60
107 803333 E 3 0 71 802766 0 132 0 0 154 0 0 0 0 30 0 7 3 40 0 0 127
108 803112 L 2 0 0 0 94 2 66 110 0 802621 0 0 163 0 21 1 7 24 0 1 0
109 793001 I 0 0 4 0 67 0 1 791332 0 28 21 554 1 2 0 326 150 513 0 0 2
110 779937 L 0 1 0 0 50 0 28 232 1 779431 0 0 89 0 12 0 0 86 0 1 6
111 771989 Y 0 127 11 0 66 0 122 2 0 42 0 24 0 1 6 3 0 0 0 771487 98
112 757239 D 23 2 756369 216 1 154 45 0 0 2 0 199 2 0 0 0 30 110 3 83 0
113 743509 K 3 3 0 98 0 0 1 38 743145 0 0 55 0 12 99 3 8 0 0 0 44
114 744872 E 2 2 50 744231 30 110 0 1 118 5 0 13 92 31 1 1 1 46 0 46 92
115 741256 E 4 0 152 740696 0 125 0 0 79 2 0 0 0 32 2 0 0 39 16 5 104
116 731478 I 0 0 3 0 0 0 0 730935 47 134 142 0 5 0 3 2 111 96 0 0 0
117 732947 R 19 171 35 1 0 182 6 2 103 35 181 9 3 109 731449 169 287 23 67 96 0
118 732361 R 4 1 0 1 0 39 93 0 344 156 0 0 83 184 730813 28 5 442 0 22 146
119 728013 I 0 0 0 0 29 0 0 727455 1 53 26 61 0 0 1 25 250 100 3 0 9
120 730474 W 0 124 0 0 0 18 0 0 0 142 0 0 1 1 227 22 0 1 729606 0 332
121 729118 R 4 193 0 1 2 55 223 3 109 230 6 1 35 1 728012 215 27 0 0 0 1
122 728867 Q 18 218 4 34 35 25 193 557 252 328 110 10 17 726046 640 69 10 206 1 17 77
123 728695 A 727693 8 206 0 5 108 15 1 1 7 1 42 41 1 2 192 195 176 0 0 1
124 737839 N 29 11 103 0 15 10 16 69 73 16 20 737320 0 2 1 103 27 2 2 11 9
125 743130 N 10 9 224 14 2 85 11 72 74 112 52 739442 18 40 62 446 14 2356 1 82 4
126 735821 G 1118 154 121 2 0 733180 95 17 55 108 2 81 9 87 134 277 195 141 38 3 4
127 738791 D 36 0 734641 187 67 274 450 27 81 912 260 156 22 251 95 343 303 453 76 154 3
128 739243 D 13 0 736128 153 5 136 23 96 6 58 1 254 12 70 38 11 584 1363 0 288 4
129 751735 A 749047 147 9 163 5 74 33 23 13 225 0 127 66 1 16 301 534 884 0 65 2
130 757072 T 150 1 0 0 1 7 20 74 209 50 200 32 248 4 310 182 755541 20 6 2 15
131 756576 A 755404 0 187 1 11 95 17 4 4 4 13 2 107 17 1 227 195 222 1 44 20
132 749699 G 85 146 110 0 2 748982 0 3 0 13 0 0 17 0 28 184 11 109 1 4 4
133 752274 L 0 1 0 0 6 1 5 5 41 751513 255 1 255 87 55 1 4 39 0 5 0
134 750848 T 421 249 5 52 1 0 0 109 2 141 2 102 21 0 6 1820 747745 166 0 1 5
135 760337 H 132 3 36 0 0 0 759242 25 3 92 0 217 12 190 118 18 120 24 0 102 3
136 770634 M 4 191 0 15 255 2 0 461 64 298 768982 2 1 1 12 7 124 182 8 22 3
137 781111 M 1 3 0 1 3 4 55 376 91 107 780180 1 3 0 13 2 139 131 0 0 1
138 779854 I 1 7 2 0 58 0 0 779387 1 29 33 51 1 0 5 9 105 154 0 0 11
139 787345 W 0 169 0 0 3 26 0 0 5 120 0 0 1 0 279 32 1 0 786398 7 304
140 791176 H 15 0 55 31 3 48 789398 44 4 174 10 199 12 75 148 5 4 724 0 227 0
141 796834 S 18 66 4 7 118 29 0 2 0 3 0 9 157 0 5 796092 84 46 0 182 12
142 795374 N 2 11 123 0 0 154 13 39 63 1 0 794738 0 1 0 169 11 1 0 31 17
143 796887 L 0 1 0 0 155 0 0 3 0 796413 46 0 1 0 1 113 101 6 4 2 41
144 798143 N 72 62 145 0 14 0 7 40 79 92 8 797352 0 0 0 175 24 9 0 64 0
145 792180 D 11 0 791588 75 0 162 31 1 1 1 0 91 0 0 0 2 0 81 0 132 4
146 790824 A 789867 0 0 130 0 57 0 0 1 1 0 0 47 9 0 180 246 277 0 0 9
147 791296 T 143 0 0 0 0 0 12 66 0 14 0 120 9 0 11 92 790797 26 0 6 0
148 788031 Y 0 108 4 0 32 0 122 0 0 1 0 10 0 0 0 5 0 1 0 787674 74
149 790821 Q 16 2 0 31 0 0 214 4 163 69 0 0 23 789892 306 0 2 0 0 0 99
150 778974 R 0 0 0 0 0 182 1 7 142 0 122 1 9 0 778291 116 50 0 39 13 1
151 770842 T 208 0 0 0 0 1 1 98 87 6 0 4 15 3 41 169 770199 7 1 1 1
152 775264 R 2 1 2 0 2 133 2 84 132 10 0 10 2 0 774766 40 11 2 0 0 65
153 782332 A 781138 0 191 0 0 43 0 2 0 25 15 3 34 5 3 519 225 126 0 1 2
154 782168 L 2 0 0 0 52 0 58 179 0 781747 4 1 97 0 6 1 0 20 0 0 1
155 778371 V 168 1 67 2 62 76 0 123 0 33 2 3 6 12 1 27 8 777768 0 2 10
156 776025 R 12 197 0 0 0 31 258 1 5 110 0 5 35 9 775136 211 12 0 0 1 2
157 778062 T 568 340 0 0 1 3 13 164 3 3 8 77 18 0 12 146 776683 19 0 3 1
158 771129 G 51 2 1 98 12 770198 14 18 3 22 3 17 8 7 288 95 0 129 0 3 160
159 771858 M 9 0 0 0 1 9 0 1205 49 336 769956 1 1 0 9 5 105 153 1 1 17
160 784697 D 153 4 783906 100 4 169 17 0 2 1 0 101 6 0 3 4 3 57 5 112 50
161 786506 P 272 1 13 0 4 27 249 1 43 97 0 5 784857 1 42 177 575 141 0 1 0
162 792977 R 5 4 1 1 1 245 0 2 129 34 145 1 4 5 792141 143 54 17 41 1 3
163 802524 M 0 109 0 1 9 9 1 333 54 238 801313 2 0 36 16 16 128 210 0 40 9
164 799233 C 54 797570 0 0 137 133 10 3 0 4 1 211 6 7 133 264 208 5 31 271 185
165 798165 S 21 38 1 4 71 5 0 0 0 4 0 46 241 0 1 797422 53 9 0 236 13
166 801328 L 0 6 4 1 1 6 3 197 3 800126 254 26 202 87 11 272 51 65 0 1 12
167 810586 M 1 5 1 5 19 0 0 477 62 92 809548 0 13 0 34 12 131 150 0 0 36
168 815499 Q 121 28 1 50 1 6 58 2 173 49 1 3 45 813448 175 1199 29 1 0 10 99
169 811996 G 64 276 120 0 1 811188 3 1 0 6 0 1 5 0 31 210 5 84 0 0 1
170 820297 S 12 0 1 0 5 7 5 11 3 126 0 0 116 2 23 819659 70 3 0 1 253
171 822649 T 125 34 0 0 0 0 3 56 0 1 0 131 7 2 6 821 821444 1 0 2 16
172 824083 L 2 3 0 2 39 7 72 291 0 823374 1 0 209 2 5 3 38 23 1 2 9
173 823766 P 108 1 8 29 9 25 319 4 3 76 4 1 822405 39 203 212 211 77 8 0 24
174 830069 R 0 0 0 0 2 115 1 17 134 13 161 1 1 0 829404 144 35 0 39 1 1
175 830388 R 12 0 0 1 1 183 5 1 121 4 141 0 13 5 829702 107 31 6 55 0 0
176 834194 S 12 111 0 46 62 13 13 0 2 12 0 2 164 0 1 833329 238 9 0 180 0
177 849069 G 21 8 7 115 1 848399 0 9 1 3 3 0 0 16 265 57 0 67 0 13 84
178 860889 A 859072 0 191 6 2 136 2 14 1 119 0 16 47 5 5 556 418 289 0 8 2
179 874772 A 873408 18 1 194 0 47 9 2 0 7 2 26 113 0 3 168 572 99 5 5 93
180 871224 G 31 161 153 0 15 870649 0 6 0 1 0 4 7 1 21 122 1 50 0 2 0
181 870541 A 869159 1 178 8 7 58 41 6 2 170 0 10 32 36 39 375 302 110 0 0 7
182 878435 A 876790 1 0 214 114 129 10 1 4 37 1 4 45 0 2 205 571 293 11 1 2
183 879894 V 369 0 77 0 86 15 75 382 0 103 0 2 9 0 14 21 0 878741 0 0 0
184 898135 K 9 0 0 146 0 15 16 63 897360 31 11 99 2 65 186 3 29 0 16 3 81
185 904977 G 39 0 1 87 0 904359 3 0 0 6 0 2 1 12 155 5 0 166 0 6 135
186 912114 V 116 3 72 1 69 8 1 342 0 39 1 10 3 0 1 3 5 911439 0 0 1
187 917777 G 90 1 7 142 0 917012 0 0 1 0 4 0 8 0 216 16 10 122 0 0 148
188 921017 T 251 35 4 0 3 15 3 102 118 17 0 0 60 52 38 139 920159 21 0 0 0
189 932934 M 31 6 0 0 0 13 1 506 80 148 931820 8 5 0 17 29 120 142 3 0 5
190 931938 V 398 8 0 93 0 30 2 5 0 72 183 34 2 0 0 32 1 931021 0 0 57
191 935250 M 1 2 2 0 0 2 0 530 87 359 933924 1 3 0 27 0 147 160 0 0 5
192 937186 E 11 0 64 936545 1 202 0 0 118 2 0 0 1 29 2 4 1 70 12 3 121
193 938002 L 3 0 0 0 246 5 0 8 0 937401 68 0 7 57 2 107 5 14 13 0 66
194 939926 V 200 0 119 1 90 24 0 253 0 120 25 0 7 1 2 51 438 938593 0 1 1
195 933500 R 0 5 0 0 1 203 1 141 166 3 0 0 0 0 932766 51 31 0 2 4 126
196 931230 M 0 0 0 14 1 5 11 322 80 486 929952 0 0 9 9 18 125 187 0 7 4
197 929341 I 2 0 0 0 86 0 0 928666 0 39 40 108 2 0 2 10 151 227 0 8 0
198 924167 K 0 6 5 147 1 0 2 22 923283 2 0 126 0 18 508 0 13 0 9 0 25
199 918849 R 5 149 0 1 0 54 240 2 1 94 0 0 34 2 918015 180 26 35 0 1 10
200 922617 G 41 8 2 144 1 921690 0 2 2 1 0 0 0 0 230 1 0 209 286 0 0
201 911114 I 5 13 0 0 150 21 7 908850 1 821 49 77 4 566 3 11 260 260 6 10 0
202 903503 N 5 5 207 0 24 5 19 52 113 8 1 902745 12 74 14 124 22 12 0 60 1
203 901559 D 51 0 900730 122 0 173 30 1 1 5 0 167 3 1 3 18 4 102 0 145 3
204 896936 R 13 1 0 0 1 21 2 2 1 181 4 0 42 273 896169 7 1 7 206 0 5
205 886330 N 44 0 182 4 6 12 10 34 207 10 0 885529 4 1 2 206 15 28 0 36 0
206 870683 F 15 3 0 1 869924 4 5 49 1 357 0 0 15 0 3 236 1 11 0 54 4
207 852846 W 0 184 0 0 12 11 0 23 0 168 3 0 16 1 259 26 1 37 851818 9 278
208 842171 R 0 1 0 1 0 208 0 0 144 11 278 0 3 0 841042 371 18 0 94 0 0
209 829153 G 44 167 123 0 0 828531 0 7 7 1 0 0 5 0 27 150 2 82 0 7 0
210 831258 E 32 5 135 830377 2 228 2 4 147 6 0 0 0 25 9 8 5 113 4 0 156
211 826643 N 11 347 158 0 5 19 17 50 90 162 0 825254 119 6 25 167 143 0 0 70 0
212 827742 G 45 6 0 127 0 826954 0 1 2 29 0 3 0 1 244 4 10 119 3 0 194
213 819334 R 1 0 0 0 3 49 2 1 11 126 0 3 96 276 818442 14 0 0 0 6 304
214 804576 K 20 22 0 151 11 35 26 19 803142 292 46 72 27 40 207 48 73 302 0 22 21
215 797594 T 487 1 0 0 3 62 0 66 65 0 0 1 183 0 32 96 796565 30 0 3 0
216 790591 R 11 0 0 0 0 148 1 90 117 3 0 0 1 0 790092 50 27 0 0 0 51
217 784908 I 102 4 0 0 37 575 1 783704 17 26 8 64 7 3 26 47 100 185 1 0 1
218 783088 A 782517 0 139 0 1 29 0 15 0 1 2 0 21 0 1 148 148 62 0 4 0
219 791250 Y 5 97 8 0 40 1 108 5 2 4 13 8 0 0 0 6 0 0 36 790820 97
220 795520 E 6 0 43 795012 0 159 0 0 127 0 0 0 0 32 0 0 0 44 0 0 97
221 801168 R 0 0 1 0 0 184 0 112 135 1 0 1 0 0 800635 46 21 0 0 0 32
222 792231 M 3 0 0 2 0 1 0 328 71 57 790508 0 0 927 19 0 90 179 3 43 0
223 787887 C 0 787057 0 0 123 35 0 0 0 1 0 1 0 0 154 205 0 1 53 136 121
224 789705 N 5 0 140 10 0 0 17 66 96 42 0 788811 0 0 2 460 12 0 0 44 0
225 793627 I 1 6 1 0 56 40 2 793221 0 21 6 40 0 0 0 28 126 79 0 0 0
226 798526 L 1 0 0 0 69 0 77 111 0 798058 0 1 151 1 23 0 0 34 0 0 0
227 798304 K 3 0 0 125 10 0 0 53 797660 1 1 69 0 11 170 106 15 0 0 8 72
228 793510 G 38 14 18 140 0 791833 3 2 0 7 0 3 15 0 110 6 477 442 400 0 2
229 798135 K 9 0 0 210 4 6 0 39 797552 4 0 83 0 9 128 1 11 5 0 2 72
230 801971 F 1 43 0 2 801417 0 1 59 0 272 1 0 2 5 1 118 0 15 0 33 1
231 804664 Q 308 1 2 38 0 307 57 22 144 22 1 0 119 803201 286 32 12 10 7 3 92
232 808613 T 253 0 1 2 31 8 0 64 5 10 0 223 44 31 495 210 807153 72 4 7 0
233 808747 A 807391 6 137 0 0 55 0 1 0 9 0 1 477 0 12 163 378 115 0 0 2
234 806868 A 805609 0 17 151 0 55 0 2 1 3 0 1 56 3 0 551 277 141 0 1 0
235 807764 Q 2 1 1 25 0 0 61 0 67 25 0 0 17 807333 101 0 0 0 0 0 131
236 808013 K 0 0 0 117 0 7 1 30 807449 23 0 25 1 18 266 32 18 0 0 1 25
237 808680 A 807812 2 5 162 1 141 0 0 0 11 0 0 35 8 3 217 165 111 0 7 0
238 806173 M 2 15 6 1 13 4 1 350 63 129 805339 0 1 20 14 1 94 120 0 0 0
239 800683 M 23 1 0 1 0 15 0 530 72 84 799102 1 1 0 18 54 566 214 0 1 0
240 791276 D 14 22 790395 125 5 170 25 0 0 13 0 111 15 1 6 3 8 245 0 118 0
241 787964 Q 6 0 1 45 1 3 47 2 168 75 4 1 13 787277 213 12 2 1 0 4 89
242 779653 V 127 65 28 63 2 21 0 15 4 297 172 0 2 10 2 4 23 778792 1 23 2
243 779281 R 11 60 1 0 4 201 23 198 150 6 19 4 11 10 778246 200 49 4 0 2 82
244 761833 E 16 4 115 761061 0 266 0 4 108 0 0 0 5 21 4 30 13 73 0 0 113
245 747523 S 382 35 2 0 8 382 0 140 0 23 1 133 26 1 290 745651 445 3 1 0 0
246 734404 R 6 2 9 0 2 49 10 8 0 146 0 1 54 282 733636 15 17 6 155 2 4
247 720935 N 52 28 154 8 11 122 13 40 102 161 3 718887 2 95 15 639 38 517 4 41 3
248 701655 P 16 5 0 0 4 10 2 5 2 98 0 0 701070 222 31 70 114 6 0 0 0
249 681761 G 24 0 8 135 0 681071 1 0 1 10 0 9 7 14 107 5 0 124 238 6 1
250 667617 N 37 1 157 17 8 14 5 41 63 23 42 666838 5 1 0 240 46 16 10 53 0
251 659123 A 658112 12 175 3 0 66 0 25 4 21 0 5 32 1 4 150 195 313 2 2 1
252 646174 E 9 0 86 645634 1 116 0 0 110 0 0 9 3 48 0 4 23 32 0 2 97
253 630867 F 82 2 0 0 629979 17 3 43 0 548 0 0 3 5 4 131 8 11 0 30 1
254 609856 E 0 0 45 609349 0 114 0 1 141 6 1 0 13 29 1 1 0 61 0 0 94
255 586024 D 5 0 585672 45 10 77 16 0 0 0 0 66 0 0 4 3 0 51 0 75 0
256 561538 L 29 26 0 0 68 3 43 115 1 560907 13 0 250 0 13 5 2 25 37 0 1
257 540531 T 134 70 0 0 36 10 0 124 1 14 1 113 12 0 1 114 539606 281 0 14 0
258 524023 F 0 4 0 0 523756 1 0 31 0 83 1 0 3 0 0 73 15 23 1 29 3
259 510316 L 0 3 3 0 0 0 0 104 2 510045 0 0 96 34 2 0 6 19 0 2 0
260 493323 A 491558 43 0 168 0 238 0 0 0 0 0 0 19 0 6 324 222 745 0 0 0
261 474450 R 0 0 0 0 0 22 0 0 3 94 0 0 11 94 474140 0 1 0 85 0 0
262 453898 S 36 17 3 0 48 0 3 8 0 1 1 3 55 3 3 453558 30 1 0 128 0
263 423521 A 422944 17 0 120 0 49 0 0 1 3 0 2 27 4 0 61 183 97 0 0 13
264 401930 L 37 4 0 1 47 1 30 63 1 401587 59 3 64 3 11 5 3 10 1 0 0
265 374753 I 6 1 0 0 0 2 2 374297 32 42 74 0 5 0 4 8 79 200 0 0 1
266 353799 L 1 17 1 20 65 26 0 38 11 353429 19 5 0 1 52 61 0 17 7 0 29
267 334823 R 0 0 0 0 1 78 8 44 44 62 2 2 0 0 334514 21 20 4 0 0 23
268 325267 G 12 2 0 54 0 324548 0 19 0 2 1 0 154 52 74 132 17 136 64 0 0
269 306305 S 16 32 0 1 0 21 18 0 3 118 0 2 52 53 0 305836 36 5 14 8 90
270 286923 V 40 0 22 1 33 16 11 88 15 51 4 20 80 0 12 10 98 286410 0 1 11
271 272727 A 271908 8 47 3 8 137 4 3 17 12 1 14 21 0 14 332 137 56 0 3 2
272 265173 H 1 2 13 0 0 3 264843 1 2 36 0 94 23 58 43 6 3 6 0 32 7
273 249184 K 1 1 1 37 4 1 0 2 249017 3 5 23 3 6 50 3 7 6 0 2 12
274 238565 S 11 24 5 3 27 2 0 0 0 0 1 2 41 0 6 238187 181 7 1 64 3
275 232187 C 7 231013 1 0 44 303 0 31 0 9 2 3 23 3 35 518 19 25 19 41 91
276 226213 L 36 108 0 3 0 68 0 2 0 225345 262 0 29 135 10 88 3 97 0 26 1
277 222472 P 24 24 0 0 0 1 76 7 0 38 0 0 222106 0 20 55 121 0 0 0 0
278 219068 A 218251 19 98 0 62 80 0 32 4 57 0 6 13 0 1 226 79 133 0 2 5
279 213575 C 69 212539 7 0 18 12 0 1 0 193 1 8 2 2 108 544 1 4 8 35 23
280 221140 V 90 708 2 33 47 12 0 10 0 207 52 0 0 2 0 43 473 219459 0 2 0
281 233574 Y 1 104 2 6 32 2 57 0 2 14 0 9 1 14 9 4 2 7 0 233259 49
282 228966 G 411 57 6 80 264 227846 7 28 4 13 13 0 0 1 72 37 34 32 1 2 58
283 269002 P 194 89 4 10 39 1547 216 51 14 195 54 74 263957 512 143 666 689 417 109 6 16
284 288029 A 285805 0 139 0 0 137 35 16 79 51 1 0 66 151 87 415 505 530 1 8 3
285 296780 V 232 2 16 181 5 29 88 164 15 183 0 7 7 11 12 333 12 295320 14 131 18
286 307873 A 307444 23 89 2 1 190 0 0 0 2 0 1 11 0 4 36 19 49 0 0 2
287 319511 S 0 24 0 0 0 65 3 27 0 43 0 59 1 11 1096 318158 19 2 0 2 1
288 335055 G 92 1 1 76 1 334638 0 1 7 8 0 0 3 2 67 11 3 59 80 0 5
289 361829 Y 20 139 12 14 107 16 218 170 6 247 2 33 3 4 72 27 6 33 0 360626 74
290 390379 D 49 22 389569 78 1 83 15 19 1 72 0 122 204 12 16 12 43 16 0 44 1
291 415776 F 10 58 6 0 415131 43 1 45 0 129 0 9 114 0 6 128 5 45 0 46 0
292 445845 E 15 0 26 444747 4 354 80 33 133 53 3 55 22 22 10 31 154 44 0 11 48
293 461415 R 6 1 33 45 7 127 1 4 152 2 183 1 2 0 460577 171 25 29 49 0 0
294 474403 E 22 231 1237 471059 331 191 77 8 102 234 76 300 13 15 66 81 0 283 0 4 73
295 501705 G 16 6 0 161 0 501227 1 0 1 4 1 2 7 0 95 1 8 63 0 0 112
296 530452 Y 0 109 5 0 53 3 130 2 0 1 1 31 2 0 0 55 1 0 0 529960 99
297 558006 S 8 14 1 0 47 33 4 4 0 1 0 1 92 0 1 557540 99 2 0 157 2
298 590827 L 7 0 3 0 2 3 1 169 0 590398 1 2 108 57 22 11 1 24 3 1 14
299 606131 V 86 2 65 1 48 22 0 109 0 29 0 0 0 0 6 1 17 605741 0 3 1
300 621593 G 68 2 0 107 0 620547 256 0 0 1 0 0 6 1 230 170 27 74 0 0 104
301 639891 I 2 0 0 0 51 10 263 638848 53 64 179 2 9 0 32 0 221 148 0 9 0
302 672283 D 18 1 670381 302 0 119 27 0 2 2 1 124 1064 15 3 53 1 68 1 94 7
303 701016 P 29 7 1 0 0 11 269 0 0 40 0 0 699860 3 15 171 588 22 0 0 0
304 727322 F 2 11 2 2 726381 14 58 55 0 318 1 18 8 0 0 152 0 7 249 43 1
305 753083 R 10 21 2 3 86 290 2 265 961 56 3 2 1 2 750821 112 229 13 0 144 60
306 769198 L 1 7 0 1 2 17 0 24 0 767559 116 1 139 154 101 55 102 771 130 14 4
307 794943 L 20 0 0 0 157 0 45 105 0 794352 0 0 163 0 23 4 35 37 0 1 1
308 821990 Q 250 5 3 85 23 0 54 130 900 202 13 26 30 819555 166 173 208 68 1 1 97
309 839882 N 185 14 105 15 53 124 146 192 216 298 3 836398 118 99 267 719 423 326 62 118 1
310 861960 S 1 4948 0 5 14 179 29 241 0 255 121 387 7 21 372 855142 61 125 2 46 4
311 872664 Q 15 42 3 38 2 20 42 25 188 63 0 3 51 871275 450 84 164 18 1 47 133
312 889143 V 136 1 0 87 24 15 0 16 0 269 204 18 1 0 1 226 768 887334 43 0 0
313 907630 Y 2 188 8 1 140 4 194 4 14 287 1 56 8 10 42 31 5 3 47 906382 203
314 924718 S 102 130 1 2 5 2125 1 156 0 1 1 144 26 3 235 921677 40 7 0 0 62
315 933642 L 4 0 1 0 2 1 0 472 1 932747 0 0 231 67 9 26 3 57 0 0 21
316 941969 I 0 202 0 2 60 6 1 940382 6 325 34 83 0 31 1 235 354 242 0 5 0
317 951082 R 1 1 0 0 0 230 0 123 146 0 1 2 1 6 950385 83 37 2 0 0 64
318 948393 P 67 2 5 21 36 406 198 595 11 121 0 103 945847 279 93 206 106 79 199 19 0
319 952610 N 47 191 152 1 19 193 153 58 361 249 29 949867 17 28 722 358 107 14 1 43 0
320 957289 E 17 0 202 956393 0 221 0 0 136 2 0 6 0 37 1 1 9 89 1 0 174
321 949692 N 304 5 148 8 3 19 15 955 95 14 12 946971 2 109 541 155 14 21 256 44 1
322 949354 P 44 3 11 8 7 0 4 0 0 132 19 0 948524 181 44 191 175 6 3 2 0
323 949839 A 948172 59 3 208 7 427 68 27 1 65 1 9 65 0 46 207 245 194 4 31 0
324 948820 H 31 2 31 21 0 3 948041 0 0 127 0 127 20 152 127 19 1 4 0 113 1
325 936841 K 0 0 2 153 3 0 0 2 936157 0 72 212 0 11 175 0 17 1 0 1 35
326 928692 S 3 79 1 0 0 185 1 54 0 4 0 131 0 2 115 928073 44 0 0 0 0
327 919650 Q 0 40 0 48 0 1 81 5 133 85 0 0 7 918954 161 1 0 9 0 0 125
328 909282 L 18 9 0 0 73 0 0 27 10 908612 135 1 150 84 23 59 28 34 2 8 9
329 915803 V 142 95 0 67 0 32 0 39 0 206 155 0 0 0 3 2 552 914463 0 1 46
330 919558 W 4 177 0 0 106 14 2 1 0 175 0 0 0 0 178 51 0 0 918553 11 286
331 905391 M 55 4 3 1 10 8 14 474 83 878 903277 36 1 5 21 34 163 309 1 0 14
332 905836 A 904226 1 5 222 0 290 0 0 2 30 0 0 45 1 2 605 211 195 0 0 1
333 907096 C 3 905152 0 3 206 72 0 16 5 414 219 8 0 0 173 280 24 79 47 226 169
334 893110 H 56 7 28 0 0 4 891667 0 2 210 0 277 26 502 112 3 42 23 0 149 2
335 881575 S 116900 214 2 40 109 459 1 0 0 6 0 0 102 1 4 763240 202 64 0 230 1
336 873704 A 872260 75 303 1 0 116 0 0 0 2 0 1 55 1 0 235 296 359 0 0 0
337 863236 A 861289 2 0 219 0 145 0 18 0 0 5 4 849 3 0 166 353 170 0 0 13
338 860161 F 2 14 0 0 859537 5 0 39 27 160 18 1 2 0 10 140 11 26 0 169 0
339 861258 E 9 1 80 860657 0 182 0 1 110 0 0 0 0 29 0 0 0 69 0 0 120
340 852382 D 5 1 851728 60 0 155 26 0 0 1 0 121 1 0 1 74 3 66 0 116 24
341 850382 L 2 0 0 0 0 1 0 272 0 849727 3 1 163 77 27 0 71 38 0 0 0
342 854516 R 38 2 18 16 0 126 1 168 205 4 0 1 0 7 853756 78 29 1 0 23 43
343 856534 V 93 4 0 65 0 6 0 131 0 160 0 0 1 1 0 0 21 856052 0 0 0
344 857787 L 1 0 0 0 102 2 0 65 6 857358 0 1 2 0 1 126 0 8 0 24 91
345 848165 S 0 45 0 2 0 111 6 106 0 9 0 124 0 0 185 847134 438 4 0 1 0
346 845308 F 3 15 21 0 844530 16 7 23 70 354 0 1 0 1 2 161 1 16 13 74 0
347 841166 I 3 14 0 0 77 1 0 840552 0 36 30 90 1 0 1 13 191 157 0 0 0
348 834255 K 28 1 0 151 6 2 22 69 833447 17 1 132 3 43 258 6 18 1 1 5 44
349 839290 G 249 0 4 108 0 838356 13 0 0 0 0 0 1 2 173 1 4 153 226 0 0
350 840763 T 401 43 1 2 46 63 2 16 138 126 194 3 109 0 202 69 839323 15 0 4 6
351 840087 K 36 61 1 126 0 80 0 133 838599 76 102 234 16 6 445 27 27 49 0 6 63
352 832239 V 124 52 0 92 0 10 0 77 0 213 228 0 0 1 1 22 6 831398 0 11 4
353 843711 L 89 11 1 22 289 2 70 176 58 732002 1 17 200 110383 125 32 81 43 23 41 45
354 846235 P 158 19 2 15 19 20 2 4 41 103 9 2 844770 320 275 184 214 74 0 4 0
355 848258 R 10 0 0 1 0 140 0 207 143 2 0 2 0 1 847607 59 20 0 0 0 66
356 859015 G 98 48 1 110 0 857969 3 9 2 24 11 1 0 0 174 103 0 170 259 32 1
357 844471 K 3 3 0 196 86 6 36 5 843520 54 42 140 1 6 204 86 23 3 1 2 54
358 845983 L 1 0 0 0 73 0 28 181 0 845442 0 0 175 0 8 4 20 49 2 0 0
359 853909 S 50 47 36 203 119 107 19 7 12 48 3 109 215 0 5 852457 79 252 0 140 1
360 864192 T 137 4 0 0 0 6 0 99 0 11 0 113 13 1 3 129 863672 4 0 0 0
361 855455 R 2 3 0 2 0 126 0 166 145 0 0 0 1 0 854829 52 35 0 0 0 94
362 861299 G 25 0 0 86 0 860749 1 0 0 0 2 0 2 0 121 0 0 162 0 2 149
363 865876 V 123 93 52 0 86 61 1 172 0 86 0 0 39 0 0 44 37 865081 0 1 0
364 871679 Q 25 27 11 37 0 1 74 2 180 61 2 15 11 870813 180 4 127 6 5 5 93
365 876587 I 4 0 0 0 57 25 2 876053 2 37 5 78 1 0 0 26 114 183 0 0 0
366 883109 A 882153 1 162 0 0 351 0 0 0 0 0 0 40 0 2 151 157 91 0 0 1
367 878520 S 18 60 0 15 144 5 1 2 0 4 3 0 177 20 26 877621 183 13 1 227 0
368 877271 N 4 4 107 6 3 4 40 40 70 4 5 876485 1 0 4 132 310 3 1 48 0
369 883534 E 6 0 51 882955 4 150 0 0 151 0 0 0 0 23 4 1 8 47 0 0 134
370 879795 N 0 0 123 3 44 11 17 95 42 62 0 879168 0 18 11 161 13 0 0 27 0
371 885280 M 2 11 0 0 0 0 0 440 81 125 884016 22 193 0 17 26 122 221 0 4 0
372 893358 E 10 0 138 892486 0 268 13 1 101 22 0 21 10 21 2 3 100 59 0 3 100
373 892888 T 355 0 10 0 17 5 0 135 8 11 0 131 93 3 10 112 891756 242 0 0 0
374 896976 M 0 11 0 0 0 0 0 401 103 93 896042 0 1 0 23 3 147 135 0 17 0
375 897454 E 20 0 71 896752 0 171 0 3 107 3 7 20 1 36 1 9 10 103 0 0 140
376 894909 S 15 1 0 1 0 8 9 3 1 84 0 68 151 1 4 894306 61 0 0 2 194
377 886781 S 15 49 3 1 75 133 0 101 0 33 15 169 19 3 132 885981 39 0 0 12 1
378 879518 T 136 2 0 0 0 2 0 117 114 1 0 0 12 26 506 154 878444 3 0 0 1
379 878835 L 0 0 1 1 108 3 64 107 0 877468 845 4 162 0 25 0 11 31 0 5 0
380 870503 E 10 0 73 869790 0 163 0 0 133 2 0 0 0 129 0 2 4 63 1 0 133
381 870916 L 3 35 0 0 1 0 0 4 0 870396 105 0 185 38 12 24 75 38 0 0 0
382 868182 R 0 0 1 3 3 205 0 40 116 8 0 1 1 0 867656 77 21 2 0 0 48
383 866590 S 0 26 0 0 6 218 0 124 1 0 0 171 0 7 269 865691 70 4 0 0 3
384 865574 R 1 28 1 10 23 409 0 16 209 17 534 1 3 2 863882 92 82 134 79 51 0
385 863623 Y 2 171 17 1 63 27 293 0 0 4 11 94 10 2 188 14 12 1 2 862568 143
386 863402 W 12 142 0 2 0 61 0 4 2 239 0 0 0 1 210 20 0 9 862420 3 277
387 861305 A 858969 2 189 0 1 103 0 0 6 0 0 0 41 0 0 1714 152 128 0 0 0
388 853544 I 0 2 0 0 0 0 0 852801 30 128 262 0 0 1 12 1 133 171 1 2 0
389 853798 R 0 3 6 1 0 185 0 0 244 4 196 10 1 3 852827 231 22 2 45 0 18
390 848452 T 155 2 0 0 2 24 0 90 1 4 0 82 9 1 5 182 847854 1 0 35 5
391 858629 R 9 6 0 0 2 247 7 82 98 11 2 1 3 0 857910 56 37 37 1 34 86
392 858350 S 11 51 2 12 1 329 18 65 4 6 2 158 0 7 98 857524 37 18 5 2 0
393 865556 G 51 1 0 83 0 864715 0 0 0 0 0 9 6 0 190 135 4 191 0 0 171
394 869936 G 37 1 0 105 3 869305 0 1 1 40 0 12 1 0 163 1 0 109 2 1 154
395 866603 N 211 37 168 8 177 478 61 51 203 50 3 864347 80 109 177 181 169 46 4 38 5
396 868600 T 182 7 0 5 17 1168 247 116 40 34 15 107 114 63 684 541 865206 18 32 2 2
397 872003 N 96 2 129 488 6 248 24 98 94 302 113 868995 37 81 91 192 802 146 7 52 0
398 864086 Q 185 96 9 29 31 56 365 5393 1265 69 0 289 40 854882 262 685 29 264 0 3 134
399 856578 Q 65 0 239 35 19 150 553 33 505 147 5 12 263 851939 1238 229 612 374 4 33 123
400 856954 R 8 6 2 2 0 213 50 2 227 31 263 23 17 4 855640 277 85 20 57 13 14
401 864942 A 860442 1 5 384 90 164 16 90 19 21 0 12 193 132 140 1996 401 797 1 2 36
402 863770 S 110 613 8 3 144 40 249 16 9 3869 10 47 182 20 7 857770 297 31 1 344 0
403 867440 A 865025 60 9 239 15 153 87 21 2 127 0 218 51 121 14 252 624 409 0 10 3
404 878631 G 140 156 331 0 2 877176 0 8 1 79 2 0 3 69 30 268 13 328 0 7 18
405 892008 Q 290 1 0 18 1 2 76 2 221 36 2 4 36 891035 126 2 7 0 0 6 143
406 879946 I 1 6 0 21 62 0 19 877986 7 1008 48 99 6 41 0 84 197 339 1 15 6
407 892620 S 533 33 0 0 0 177 0 151 0 0 0 134 1 3 275 891217 94 2 0 0 0
408 899987 I 6 42 0 0 0 0 0 898018 87 190 194 29 1 0 5 402 827 186 0 0 0
409 902363 Q 3 3 2 71 0 34 101 275 94 27 0 11 21 901304 146 27 43 100 1 0 100
410 909085 P 36 0 0 7 0 2 212 0 0 54 0 0 908571 0 28 77 96 2 0 0 0
411 915686 T 150 0 3 0 0 0 0 1 125 3 170 0 10 0 34 61 915035 94 0 0 0
412 923675 F 0 5 0 0 923032 0 0 46 0 407 0 0 0 0 0 131 0 20 0 33 1
413 929432 S 27 33 1 1 0 60 0 1 31 123 3 5 229 2 81 928288 215 33 20 0 279
414 942834 V 184 39 0 87 0 9 0 1164 2 283 1 0 0 0 0 12 49 941004 0 0 0
415 946345 Q 32 46 0 56 1 14 347 5 173 93 1 0 15 945233 157 3 12 32 0 1 124
416 945027 R 1 0 0 0 0 166 0 127 110 0 0 0 0 0 944480 37 43 4 0 0 59
417 959694 N 3 81 153 37 16 256 223 243 78 2 0 958016 32 72 85 185 105 10 0 96 1
418 966511 L 6 7 0 0 68 32 77 147 0 965733 0 0 250 7 10 0 0 174 0 0 0
419 966525 P 157 18 2 1 0 0 373 0 0 123 6 0 965404 14 37 120 263 6 0 1 0
420 975648 F 4 249 25 0 974659 0 189 54 0 203 1 39 0 0 0 150 0 26 0 49 0
421 981547 D 107 24 979618 350 1 252 72 400 3 12 1 242 1 0 13 83 7 165 1 195 0
422 981675 R 189 21 2 6 3 271 7 156 161 96 4 11 32 15 979859 99 72 493 21 75 82
423 978194 T 181 10 13 2 1236 0 41 129 121 15 1 14 25 2898 118 2070 971311 8 0 0 1
424 985740 T 167 1 2 0 2 0 14 142 2 29 0 152 10 9 1 374 984045 771 15 2 2
425 983665 I 3 4 0 3 61 0 5 983035 0 17 6 69 0 5 0 26 311 118 0 0 2
426 980275 M 59 4 0 0 16 1 0 406 113 204 979072 21 0 4 18 1 187 167 0 0 2
427 977597 A 976360 26 0 222 2 67 0 54 0 77 1 43 49 5 8 162 172 348 0 0 1
428 961895 A 960614 69 0 192 9 61 48 0 1 1 131 1 93 0 3 165 336 160 3 8 0
429 949882 F 1 12 6 0 949068 1 1 48 0 430 0 0 0 0 0 187 4 13 0 108 3
430 934885 N 1170 5 191 684 11 70 1226 128 378 160 1 929778 16 425 20 184 109 156 66 106 1
431 914975 G 248 484 9 136 9 908833 21 28 1 157 0 34 29 1 182 2395 8 2125 265 10 0
432 896178 N 48 231 282 13 71 107 125 101 100 50 6 893504 469 14 51 470 140 219 4 168 5
433 881563 T 235 31 1 0 434 335 24 323 138 802 0 490 8 10 67 333 877902 413 4 13 0
434 860961 E 20 4 623 859197 12 220 167 14 116 5 0 6 4 25 5 102 164 117 0 3 157
435 841944 G 60 2 0 138 0 841006 1 5 1 18 10 0 8 1 165 14 1 169 322 0 23
436 817429 R 4 0 0 2 0 235 3 117 139 4 0 0 0 0 816757 50 36 8 0 1 73
437 791215 T 126 6 5 0 9 1 0 211 132 11 1 264 13 113 42 94 790142 11 23 3 8
438 768973 S 21 44 2 1 65 2 18 4 1 18 0 185 111 180 2 768003 92 0 3 178 43
439 751890 D 7 1 751184 138 1 120 31 11 3 6 1 192 2 0 1 5 1 90 0 95 1
440 725197 M 2 0 8 6 13 17 0 294 48 123 724255 5 0 1 33 13 106 119 1 152 1
441 701279 R 3 0 0 7 0 157 2 0 93 0 156 1 1 0 700630 134 23 12 57 0 3
442 673921 T 133 0 0 2 8 278 0 93 2 130 2 79 6 1 2 116 672988 79 0 1 1
443 654655 E 5 3 44 654082 3 129 0 0 206 1 0 0 0 21 0 5 12 32 0 1 111
444 631224 I 13 3 0 0 32 0 0 630751 2 36 22 40 64 1 14 42 115 84 1 4 0
445 604456 I 28 61 0 0 1 1 0 603517 26 249 157 0 2 4 8 1 72 327 1 0 1
446 574358 R 35 20 6 6 51 113 0 2 73 119 159 1 3 5 573570 109 24 27 31 2 2
447 545185 M 7 41 12 4 23 6 0 592 55 117 543976 0 0 47 14 18 95 158 7 0 13
448 523172 M 25 2 0 1 0 0 0 192 70 133 522265 1 0 1 6 2 371 101 0 2 0
449 492333 E 0 0 36 491939 0 115 0 0 81 0 0 0 1 25 3 15 0 29 0 1 88
450 464764 S 9 14 7 1 2 152 0 49 7 17 0 245 9 354 67 463782 42 6 0 1 0
451 433252 A 432356 0 0 82 1 90 1 3 56 0 39 1 18 43 79 180 99 202 1 1 0
452 408322 R 0 5 4 1 3 74 0 100 157 22 1 71 0 5 407591 35 207 29 0 0 17
453 369329 P 34 1 38 0 2 22 3 37 6 137 0 1 368812 73 21 63 71 8 0 0 0
454 340065 E 4 0 35 339787 16 47 0 2 58 29 0 0 1 9 3 4 1 17 0 0 52
455 299412 D 63 0 298692 43 6 47 35 5 5 74 10 22 0 3 75 132 28 70 0 102 0
456 263812 V 257 2 0 24 3 14 1 2 13 50 41 1 0 0 76 705 23 262592 4 4 0
457 246570 S 179 15 0 8 21 7 11 0 2 47 0 0 38 0 2 246033 111 4 2 90 0
458 313881 F 0 2 1 0 313493 0 2 17 0 199 2 0 0 0 0 90 0 1 11 44 19
459 313489 Q 12 3 3 35 0 43 148 11 117 204 15 14 27 312009 315 419 9 11 53 4 37
460 306152 G 24 3 0 80 0 305851 4 0 0 1 2 2 0 42 60 4 7 70 2 0 0
461 298250 R 0 0 0 1 0 85 0 0 273 170 0 1 29 185 297401 4 5 2 94 0 0
462 287942 G 27 0 0 79 0 287559 0 3 0 0 0 0 1 0 102 2 0 47 0 0 122
463 271689 V 43 0 5 0 27 4 0 43 0 36 0 0 0 0 5 5 36 271485 0 0 0
464 320430 F 1 4 1 2 320085 3 0 29 2 198 1 2 2 2 0 50 2 14 0 32 0
465 322578 E 5 0 72 322262 0 52 0 0 104 0 0 0 0 20 0 0 4 4 0 0 55
466 336662 L 21 4 0 0 549 8 47 132 7 335732 0 0 83 17 6 3 13 29 2 9 0
467 348780 S 1 2 1 0 8 23 0 19 13 288 2 324 64 8 6 347828 45 5 14 2 127
468 359665 D 0 1 359309 59 0 96 16 1 0 0 0 64 0 0 0 21 3 22 0 73 0
469 389910 E 1 0 17 389615 9 64 3 2 68 0 0 13 0 16 2 0 2 26 0 0 72
470 410546 K 0 0 0 50 0 0 0 0 410134 0 13 72 0 2 257 0 8 0 1 0 9
471 439715 A 439317 0 0 100 0 44 0 0 1 0 0 0 15 0 3 83 60 92 0 0 0
472 476112 A 475031 0 1 202 0 242 0 1 5 6 0 0 27 37 0 144 225 190 0 1 0
473 499835 S 8 207 10 0 1 73 14 313 102 2 0 80 32 19 337 498585 41 1 0 0 10
474 525345 P 13 0 0 0 6 13 0 0 0 101 0 0 524815 199 27 57 110 0 2 2 0
475 545689 I 0 0 0 0 35 0 17 545363 0 35 21 44 0 6 0 11 75 74 8 0 0
476 551837 V 135 0 0 55 0 19 0 0 1 115 163 0 4 0 2 1 0 551341 1 0 0
477 564667 P 44 0 0 0 0 0 104 0 0 64 0 3 564216 1 11 68 153 3 0 0 0
478 579233 S 3 21 2 0 62 2 10 6 10 26 0 3 104 2 5 578674 65 4 29 205 0
479 586430 F 4 13 0 0 585733 2 72 57 3 201 7 2 0 1 60 56 164 19 0 32 4
480 582743 D 38 1 582047 75 1 121 95 3 0 9 0 146 17 4 0 4 13 73 0 94 2
481 584488 M 0 5 0 0 1 0 0 425 26 66 582831 1 5 0 75 2 69 978 4 0 0
482 577813 S 0 77 0 0 0 141 1 68 0 0 0 81 0 0 85 577325 25 0 0 10 0
483 580435 N 0 3 94 0 18 1 6 40 50 0 0 580089 1 0 1 90 5 0 1 36 0
484 578563 E 33 25 49 577939 5 79 1 10 83 51 0 14 1 29 0 2 40 73 18 3 108
485 576765 G 35 12 0 59 0 574792 2 0 0 1 0 0 0 0 135 0 2 94 1498 0 135
486 575704 S 3 29 0 0 45 0 0 1 6 0 0 0 105 0 0 575362 36 0 0 116 1
487 574800 Y 0 63 3 0 24 0 90 5 0 0 0 5 0 0 0 1 0 0 0 574568 41
488 573430 F 0 2 0 0 573086 0 0 30 0 203 0 0 0 0 0 72 0 3 0 34 0
489 573018 F 0 2 0 0 572594 0 0 37 0 241 0 0 0 0 0 75 0 9 0 60 0
490 572365 G 16 0 0 50 0 571912 1 0 2 0 0 0 9 0 155 0 2 106 0 0 112
491 571125 D 8 7 570604 123 0 136 32 2 0 1 0 65 0 0 0 1 2 55 0 89 0
492 567423 N 0 37 90 8 0 0 16 49 113 0 0 566954 1 1 1 118 7 1 0 25 2
493 564287 A 563429 0 0 124 8 50 0 0 0 77 0 0 32 1 1 112 317 135 0 1 0
494 558647 E 16 0 171 557984 3 115 0 0 67 95 5 0 9 19 0 2 6 47 0 0 108
495 550445 E 16 0 92 549928 2 117 0 1 81 8 11 16 4 21 0 28 1 37 0 0 82
496 531045 Y 5 240 7 0 268 1 85 3 8 4 1 47 0 0 1 2 1 24 4 530196 148
497 535960 D 42 1 534467 154 29 285 31 49 0 19 0 241 0 0 1 23 2 87 2 182 345
498 525542 N 10 10 64 27 28 22 11 66 68 50 18 524583 9 164 86 81 18 107 5 112 3
