#SITE	SITE_LOG_LIKELIHOOD
1	-0.50594
2	-2.73906
3	-8.4874
4	-7.32492
5	-3.82649
6	-2.68242
7	-1.19186
8	-6.03551
9	-2.89865
10	-11.2543
11	-1.35925
12	-12.2216
13	-0.053703
14	-11.0221
15	-2.52285
16	-1.32056
17	-14.8397
18	-15.7197
19	-3.2269
20	-7.92763
21	-4.11532
22	-11.1345
23	-4.74601
24	-10.1873
25	-5.8459
26	-5.90299
27	-11.6766
28	-9.906
29	-8.67642
30	-6.94424
31	-15.229
32	-0.261297
33	-8.26492
34	-17.2907
35	-2.31147
36	-2.14854
37	-11.1241
38	-8.89473
39	-2.77335
40	-2.15537
41	-5.08775
42	-1.26788
43	-1.35664
44	-7.34574
45	-11.8913
46	-5.734
47	-11.0889
48	-7.20147
49	-7.3308
50	-11.8688
51	-6.73218
52	-19.0345
53	-5.93501
54	-6.7646
55	-41.2669
56	-17.077
57	-3.96216
58	-9.29984
59	-1.90052
60	-7.60774
61	-13.2716
62	-3.57436
63	-2.05646
64	-1.97925
65	-15.8298
66	-0.339636
67	-9.194
68	-3.57878
69	-2.56657
70	-3.20112
71	-1.90939
72	-9.17894
73	-18.8981
74	-6.99037
75	-10.6925
76	-12.4012
77	-14.498
78	-10.1111
79	-4.1415
80	-1.80067
81	-1.7923
82	-10.9261
83	-7.70414
84	-15.0326
85	-20.3214
86	-5.30679
87	-8.94482
88	-9.27256
89	-7.58187
90	-4.54634
91	-2.62465
92	-9.76439
93	-6.01744
94	-10.6428
95	-7.09726
96	-2.37698
97	-1.92584
98	-33.6247
99	-2.6394
100	-21.8001
101	-51.232
102	-29.6536
103	-24.7385
104	-0.363836
105	-9.82782
106	-6.03835
107	-1.71212
108	-3.46027
109	-9.85634
110	-2.74271
111	-9.78159
112	-6.46168
113	-1.21444
114	-2.4355
115	-1.28562
116	-2.59614
117	-7.73216
118	-16.9902
119	-11.3849
120	-0.212767
121	-7.6813
122	-4.17443
123	-11.034
124	-9.5573
125	-2.57519
126	-11.4095
127	-20.105
128	-7.43254
129	-19.2094
130	-10.1457
131	-11.6152
132	-13.5979
133	-11.5665
134	-2.33433
135	-1.87303
136	-12.5038
137	-0.155466
138	-7.67995
139	-0.274869
140	-5.60011
141	-6.60158
142	-1.25562
143	-3.3725
144	-1.29874
145	-6.38515
146	-32.8523
147	-15.351
148	-12.7433
149	-1.83244
150	-11.0324
151	-2.21472
152	-2.24809
153	-2.1758
154	-3.50879
155	-14.0823
156	-10.7668
157	-8.68205
158	-17.2019
159	-1.15588
160	-9.19471
161	-5.03042
162	-7.28637
163	-2.98809
164	-4.06242
165	-3.03085
166	-13.1623
167	-0.779628
168	-8.66624
169	-7.00757
170	-14.3357
171	-11.5313
172	-15.2494
173	-2.38386
174	-9.4903
175	-8.05626
176	-7.45399
177	-2.13835
178	-17.3838
179	-2.15566
180	-16.6245
181	-3.04881
182	-2.29084
183	-3.1339
184	-1.21522
185	-2.18025
186	-11.6721
187	-13.2488
188	-8.80517
189	-3.3243
190	-7.5184
191	-11.8496
192	-19.9905
193	-17.3902
194	-14.432
195	-5.83014
196	-0.588384
197	-22.4479
198	-1.26844
199	-8.04405
200	-6.80811
201	-3.2102
202	-5.54999
203	-8.64152
204	-16.7113
205	-13.4908
206	-11.0243
207	-0.470392
208	-6.40825
209	-2.19587
210	-7.47205
211	-7.25889
212	-15.786
213	-34.2504
214	-9.26344
215	-7.97111
216	-14.1026
217	-39.2237
218	-7.6345
219	-8.52278
220	-10.4355
221	-2.60618
222	-3.69618
223	-3.22137
224	-2.31194
225	-7.8107
226	-7.78745
227	-1.30231
228	-10.5592
229	-6.52814
230	-1.89954
231	-3.01873
232	-9.57045
233	-11.9598
234	-3.01356
235	-4.40916
236	-20.3548
237	-8.04896
238	-1.42182
239	-7.73734
240	-1.90374
241	-1.20561
242	-3.16065
243	-3.29887
244	-4.88238
245	-13.469
246	-14.8397
247	-17.1189
248	-2.91969
249	-6.83487
250	-12.2394
251	-2.77719
252	-4.44887
253	-21.8012
254	-1.68048
255	-1.27615
256	-9.47112
257	-31.5836
258	-1.23895
259	-35.0038
260	-2.85148
261	-13.3751
262	-7.36456
263	-9.36038
264	-17.3109
265	-10.4999
266	-18.9199
267	-4.4265
268	-15.4342
269	-6.76543
270	-2.50721
271	-2.44833
272	-1.83163
273	-5.36517
274	-6.13804
275	-12.5005
276	-12.9521
277	-9.27735
278	-3.14992
279	-1.40557
280	-15.283
281	-6.13167
282	-2.3011
283	-18.2017
284	-20.5917
285	-10.3884
286	-10.7783
287	-9.54288
288	-19.7448
289	-18.9446
290	-16.6516
291	-9.25908
292	-8.92587
293	-15.3802
294	-12.6964
295	-2.20752
296	-4.91869
297	-6.33695
298	-32.6938
299	-17.0377
300	-14.8661
301	-7.78398
302	-4.5425
303	-2.24565
304	-2.52446
305	-6.51636
306	-17.2439
307	-7.69149
308	-5.89973
309	-17.4056
310	-13.7306
311	-14.6709
312	-15.6092
313	-1.91526
314	-10.25
315	-8.86848
316	-12.9063
317	-2.22738
318	-20.5082
319	-15.2361
320	-1.82953
321	-13.0425
322	-8.20592
323	-3.55459
324	-1.88752
325	-1.81825
326	-10.734
327	-10.0572
328	-8.11272
329	-9.96268
330	-0.11726
331	-0.77148
332	-9.01742
333	-2.42537
334	-18.1337
335	-13.301
336	-8.54169
337	-2.27397
338	-6.14813
339	-1.61953
340	-9.61932
341	-16.3926
342	-2.85538
343	-17.6515
344	-18.7522
345	-7.42937
346	-2.78464
347	-2.78821
348	-9.38385
349	-2.78835
350	-22.0713
351	-25.5362
352	-9.38479
353	-51.4542
354	-16.1285
355	-21.9696
356	-8.28211
357	-17.7435
358	-12.9728
359	-10.0406
360	-2.31329
361	-2.23514
362	-14.9133
363	-15.5669
364	-6.20009
365	-2.29161
366	-2.24525
367	-8.70264
368	-7.29558
369	-5.04804
370	-7.27507
371	-8.18496
372	-8.63339
373	-27.9722
374	-13.5997
375	-34.6078
376	-12.2138
377	-11.5338
378	-15.8841
379	-2.83514
380	-5.69332
381	-8.79998
382	-6.72015
383	-3.26841
384	-29.3756
385	-6.01786
386	-0.117314
387	-9.19675
388	-1.28676
389	-15.2858
390	-2.697
391	-6.71542
392	-2.31251
393	-2.26474
394	-5.9052
395	-2.52695
396	-17.1995
397	-4.37627
398	-8.5883
399	-13.9124
400	-17.9796
401	-27.1638
402	-13.4417
403	-11.7791
404	-16.1309
405	-5.38329
406	-12.8222
407	-7.02781
408	-31.0148
409	-4.47287
410	-4.00929
411	-28.7738
412	-5.61715
413	-15.3038
414	-11.6503
415	-13.2972
416	-2.25162
417	-14.0584
418	-8.56974
419	-7.81343
420	-5.0208
421	-25.6538
422	-18.3388
423	-24.9301
424	-10.6812
425	-25.2191
426	-5.61682
427	-7.77677
428	-5.13676
429	-10.1077
430	-19.8184
431	-10.0432
432	-12.2146
433	-34.1702
434	-8.23567
435	-9.56269
436	-2.21536
437	-11.9619
438	-15.565
439	-2.72459
440	-2.7864
441	-10.9924
442	-19.2252
443	-1.43497
444	-7.73312
445	-1.44436
446	-23.9253
447	-3.81813
448	-1.15333
449	-5.79524
450	-23.8191
451	-9.1178
452	-15.916
453	-17.793
454	-9.24394
455	-13.355
456	-18.385
457	-20.7226
458	-1.99526
459	-21.1984
460	-5.91196
461	-13.9964
462	-8.31089
463	-15.3336
464	-5.23295
465	-11.1463
466	-9.41404
467	-14.3229
468	-1.83317
469	-6.21892
470	-17.5429
471	-2.11415
472	-26.5248
473	-9.32359
474	-3.22092
475	-2.57349
476	-4.06943
477	-9.45403
478	-7.07106
479	-3.80221
480	-15.6378
481	-0.653103
482	-9.06227
483	-5.25563
484	-3.60741
485	-6.6275
486	-2.54269
487	-1.19901
488	-1.79601
489	-1.86131
490	-7.84452
491	-1.90418
492	-1.38475
493	-2.68683
494	-6.18069
495	-2.80824
496	-7.77635
497	-9.44152
498	-26.7724
