# nucleotide counts
# upper case indicates nucleotide called by both reads
# lower case indicates nucleotide called by one read with other ambiguous
# N indicates disagreement between reads, or both ambiguous
# POSITION WT COUNTS A T C G a t c g N
1 A 1158328 1153577 82 7 220 4309 7 6 2 118
2 T 1160569 101 1155214 151 4 7 4912 0 0 180
3 G 1162886 224 440 45 1156678 3 14 1 5345 136
4 G 1164377 1179 2321 2065 1153155 6 15 12 5503 121
5 C 1165975 2626 1879 1153651 1252 28 38 6313 8 180
6 G 1167112 1726 1588 1780 1155007 13 13 21 6830 134
7 T 1168492 1841 1156151 1857 655 10 7706 8 3 261
8 C 1169828 2037 1343 1156728 1018 7 14 8477 8 196
9 T 1171123 1608 1156849 1932 1318 10 9229 13 11 153
10 C 1172653 3169 1478 1156214 1219 25 16 10085 13 434
11 A 1174219 1157420 1417 1703 2065 11099 19 17 21 458
12 A 1175531 1158243 1451 1656 2123 11888 23 17 28 102
13 G 1176038 1340 1778 1605 1159178 21 27 23 11903 163
14 G 1177307 1557 1716 1504 1159783 19 30 25 12565 108
15 C 1179251 2349 1476 1160364 1178 31 50 13701 16 86
16 A 1180689 1160101 1407 1783 1411 14591 24 39 13 1320
17 C 1182690 1419 1444 1162464 1501 36 35 15681 26 84
18 C 1184722 1984 1251 1163367 1162 24 19 16807 30 78
19 A 1187383 1162703 2057 1707 1749 18925 50 41 22 129
20 A 1189447 1164243 1854 1773 1652 19686 29 60 26 124
21 A 1191432 1164905 1880 1440 1832 20708 63 27 32 545
22 C 1193710 1684 1711 1167006 1362 28 75 21723 25 96
23 G 1195455 1867 1701 1329 1167997 37 61 56 22274 133
24 A 1197824 1169898 1276 1361 1546 23414 37 32 28 232
25 T 1200308 1780 1170062 2200 1589 43 24336 59 27 212
26 C 1202140 1828 1743 1172319 1526 36 51 24518 34 85
27 T 1204751 1688 1172922 2084 1663 40 25916 59 30 349
28 T 1207599 2094 1173007 2083 1703 62 28418 68 47 117
29 A 1210234 1174048 1945 2054 1982 29767 62 64 58 254
30 C 1214318 2130 2110 1176209 1828 84 114 31546 55 242
31 G 1216455 1864 2130 1115 1178588 56 96 41 32419 146
32 A 1219938 1181345 1494 1593 1453 33762 57 63 52 119
33 A 1222694 1184036 1053 1538 1365 34375 47 56 46 178
34 C 1226695 1107 1268 1186967 937 35 42 35777 26 536
35 A 1231450 1189779 987 1024 1030 38348 53 38 27 164
36 G 1233746 1057 1205 951 1191657 38 80 39 38408 311
37 A 1236038 1193560 1387 1244 1315 38229 49 45 48 161
38 T 1239829 1163 1195714 1423 1223 54 39775 48 47 382
39 G 1241727 1280 1587 1286 1198507 59 138 60 38612 198
40 G 1244411 868 1617 1336 1201548 35 83 52 38743 129
41 A 1248585 1197146 1329 1149 1567 46840 109 49 67 329
42 G 1251581 935 1300 1290 1196272 61 78 88 51199 358
43 A 1255303 1196512 1003 1316 1229 54759 59 58 62 305
44 C 1259903 1318 1043 1195787 1003 73 55 60340 50 234
45 T 1266802 971 1191198 1413 1130 58 71617 111 62 242
46 G 1270242 1564 2134 1512 1185497 128 168 111 78747 381
47 A 1274105 1182414 1560 1452 1659 86465 113 132 130 180
48 T 1278630 1554 1179159 1554 1250 137 94571 144 118 143
49 G 1280722 1951 2635 2268 1164840 164 366 231 108154 113
50 G 1283830 1878 2719 2147 1158433 229 356 243 117681 144
51 A 1287457 1152456 1867 2516 2203 127350 333 308 266 158
52 G 1290389 1715 2012 2287 1152882 239 275 269 130212 498
53 A 1296382 1146456 1393 2047 1544 144123 211 259 219 130
54 A 1300296 1141448 1451 2053 1526 152854 205 333 218 208
55 C 1305659 1241 1491 1134378 1143 241 256 166595 210 104
56 G 1305340 1771 2388 1465 1121298 340 428 278 177179 193
57 C 1307386 2587 1023 1112453 1088 443 226 189266 207 93
58 C 1311794 1680 1346 1100556 1233 372 281 206002 219 105
59 A 1316891 1092667 1398 1539 1718 218312 406 281 395 175
60 G 1312407 1399 1705 1366 1085757 331 424 303 221006 116
61 A 1310783 1072507 1179 1463 1196 233281 331 358 366 102
62 A 1306488 1053603 1147 1360 1069 248180 359 398 294 78
63 T 1306550 1243 1041004 1189 1017 351 260837 370 321 218
64 G 1295612 1336 1881 1346 1017178 400 633 429 272276 133
65 C 1293301 1550 1537 1000745 956 466 574 287083 318 72
66 C 1294178 1234 1047 981984 1109 556 392 307411 387 58
67 A 1298445 964879 1364 1691 1448 326625 603 666 573 596
68 C 1293111 1399 1455 957200 1258 615 594 330051 469 70
69 T 1296155 1386 958653 2129 1333 568 330743 717 479 147
70 G 1291524 1721 2448 1599 947607 812 900 750 335594 93
71 A 1284102 934928 1846 1656 1408 342137 787 616 616 108
72 A 1277936 922961 1500 2148 1172 347968 728 866 507 86
73 A 1267284 905567 1191 1200 1088 356415 660 535 541 87
74 T 1261884 1023 889663 1329 876 536 367221 623 502 111
75 C 1256522 1506 1253 873131 1034 907 684 377451 497 59
76 A 1249247 862132 935 899 1067 382491 633 408 582 100
77 G 1230270 1046 1453 717 850181 536 753 330 375122 132
78 A 1219503 841211 913 921 779 374150 518 465 422 124
79 G 1201391 820 1130 730 829722 479 638 492 367215 165
80 C 1189660 1249 1014 824669 785 799 617 360029 424 74
81 A 1177470 815737 567 662 889 358265 344 437 455 114
82 T 1167146 835 804923 921 755 504 358071 594 425 118
83 C 1160983 1035 784 797766 657 817 633 358680 426 185
84 C 1170122 1118 1082 792649 671 1183 675 372170 477 97
85 G 1162971 1003 916 834 789034 966 756 609 368761 92
86 T 1149585 895 779394 841 831 568 365644 506 732 174
87 C 1139636 1293 1030 766488 791 838 828 367632 653 83
88 G 1120259 1006 1044 662 763583 659 609 617 351988 91
89 G 1104669 704 888 592 750503 537 445 312 350612 76
90 A 1096393 742057 620 611 741 350776 421 344 676 147
91 A 1089768 735250 580 712 727 351102 417 335 460 185
92 A 1083895 723109 762 574 575 357637 452 330 363 93
93 A 1073897 714829 700 674 635 355905 415 343 333 63
94 A 1066865 703568 879 816 987 358270 1120 512 643 70
95 T 1064961 1010 694008 975 780 765 365625 615 1067 116
96 G 1053198 1028 1063 826 688613 1172 846 526 359055 69
97 A 1043797 682454 678 720 705 357037 924 468 633 178
98 T 1037459 804 668804 649 716 630 364855 448 453 100
99 T 1032342 786 663576 773 557 573 364711 512 771 83
100 G 1025304 771 818 554 664645 599 839 352 356644 82
101 G 1013885 760 591 551 658808 580 738 442 351351 64
102 T 1007875 752 663696 660 566 661 339378 430 797 935
103 G 1009827 662 733 441 671421 563 531 242 335125 109
104 G 999155 554 676 494 663350 624 500 300 332575 82
105 A 622264 482943 319 328 374 137780 153 118 166 83
106 A 619416 489479 211 371 282 128665 112 116 92 88
107 T 621642 356 495283 313 199 111 125128 112 55 85
108 T 628187 321 498075 370 219 122 128818 124 71 67
109 G 628673 346 418 223 503260 87 243 88 123943 65
110 G 629388 258 368 314 511013 85 122 104 117056 68
111 A 633201 515141 245 314 483 116559 85 101 128 145
112 C 641014 416 365 520419 222 122 180 119135 64 91
113 G 646699 436 488 422 524220 105 171 144 120650 63
114 A 654744 532360 280 434 273 121068 73 105 76 75
115 T 662279 690 533198 706 635 173 126433 189 160 95
116 T 670436 621 537811 697 747 179 129917 187 183 94
117 C 673847 849 677 546003 595 216 188 125113 139 67
118 T 682517 678 553790 605 597 184 126280 148 140 95
119 A 689803 560847 653 493 785 126398 189 110 204 124
120 C 699175 738 765 569742 598 210 224 126698 136 64
121 A 708053 574920 594 611 530 130838 156 174 122 108
122 T 714954 719 581811 628 505 207 130667 190 126 101
123 C 723851 937 599 592076 497 259 162 129117 124 80
124 C 733297 1002 689 597993 650 227 180 132323 145 88
125 A 742869 604110 690 838 743 135820 195 200 186 87
126 A 750361 611086 722 725 619 136604 183 184 144 94
127 A 756275 620872 636 655 596 132948 174 178 122 94
128 T 763226 649 630670 671 598 190 130040 171 127 110
129 G 767500 699 701 730 640553 171 214 211 124138 83
130 T 774932 525 649475 653 463 132 123081 189 100 314
131 G 780967 774 1004 555 657708 194 259 138 120241 94
132 C 790363 827 1125 661497 508 218 253 125746 107 82
133 A 800703 672884 403 417 476 125692 112 161 106 452
134 C 808256 469 472 679752 397 113 136 126725 73 119
135 C 817244 662 530 687725 443 163 250 127251 130 90
136 G 824591 924 931 540 694805 247 280 129 126632 103
137 A 831568 701274 648 607 546 127931 137 161 131 133
138 A 839972 708864 687 599 595 128618 161 166 126 156
139 C 846418 537 610 717853 453 140 122 126530 91 82
140 T 856181 573 726647 851 520 140 127043 186 95 126
141 C 864027 1986 505 732028 458 381 157 128300 111 101
142 A 874189 737713 686 623 778 133764 193 147 173 112
143 A 879591 742436 616 528 716 134736 166 147 152 94
144 A 886386 744183 884 429 524 139777 222 111 98 158
145 C 893342 1139 857 749236 946 259 187 140437 192 89
146 T 901293 1169 751625 1340 948 238 145334 299 187 153
147 C 908506 2507 1074 757648 854 494 251 145395 174 109
148 A 913368 765305 1478 1356 1451 142780 297 292 251 158
149 G 917746 1424 1382 1328 771559 310 317 292 141040 94
150 T 924743 1453 777511 1256 1374 308 141633 251 294 663
151 G 930634 842 1234 615 786556 183 276 134 140706 88
152 A 934926 792728 955 686 793 139135 190 129 169 141
153 T 941869 876 796162 854 654 224 142672 203 119 105
154 T 949206 1001 800444 850 736 214 145510 182 157 112
155 A 957381 809598 885 907 898 144329 220 173 199 172
156 T 964785 995 816832 1064 714 239 144503 210 130 98
157 G 969305 868 2086 656 826871 162 453 130 137967 112
158 A 975497 835652 802 705 1114 136400 331 131 211 151
159 G 976236 803 1385 669 839201 186 357 131 133381 123
160 G 979773 962 1028 970 845116 143 248 169 131019 118
161 G 982519 1013 904 894 851388 189 191 149 127659 132
162 A 987463 856897 748 929 695 127421 195 199 144 235
163 C 992404 949 1135 858222 675 237 246 130647 157 136
164 G 999433 1067 1149 867 856194 228 345 235 139235 113
165 G 998228 840 853 987 860503 156 195 199 134384 111
166 T 1002780 789 864099 1052 903 150 135103 178 233 273
167 T 1009665 811 865893 1236 815 143 140247 220 188 112
168 G 1011261 982 1024 946 868674 210 349 210 138753 113
169 A 1015930 873241 768 904 831 139475 153 154 244 160
170 T 1021233 861 877480 1086 746 243 140284 212 153 168
171 C 1027171 976 968 885388 650 205 301 138466 105 112
172 C 1035821 1092 1139 885417 923 347 237 146356 164 146
173 A 1043038 888729 1010 1269 1046 150018 225 386 183 172
174 A 1045653 887266 1011 997 928 154729 249 160 183 130
175 A 1049773 885612 1195 852 1122 160084 286 220 259 143
176 A 1051961 885570 1205 1028 1062 162020 281 374 252 169
177 C 1056546 1201 1268 887085 829 505 333 165004 189 132
178 A 1059508 890903 647 554 611 166086 188 131 255 133
179 G 1057484 605 1382 605 893625 143 354 238 160382 150
180 C 1059291 1084 607 891310 562 260 261 164909 177 121
181 T 1064058 660 891974 855 693 144 169174 228 174 156
182 T 1068672 849 898819 750 626 309 166841 200 123 155
183 A 1072950 901539 908 776 700 168338 228 173 147 141
184 A 1076238 904755 805 1095 752 168099 161 265 163 143
185 C 1082279 898 780 907805 850 341 173 171078 208 146
186 A 1089218 911698 811 1001 975 174014 172 204 186 157
187 A 1089219 915885 762 575 718 170627 193 114 211 134
188 T 1092605 720 920666 826 537 206 169176 218 123 133
189 A 1098751 925456 592 642 1115 170132 289 147 238 140
190 G 1096841 967 1485 870 928450 205 318 197 164191 158
191 A 1100032 930878 883 924 980 165519 288 191 218 151
192 G 1100793 975 1366 906 936612 208 273 202 160117 134
193 A 1104027 934797 848 845 858 165865 249 158 207 200
194 G 1103165 890 1292 901 932631 203 297 214 166592 145
195 A 1106413 937381 961 636 807 165941 232 152 160 143
196 A 1108299 943694 449 298 341 163165 87 61 75 129
197 T 1111816 429 942607 404 311 127 167448 82 79 329
198 G 1111049 444 695 385 941817 123 263 68 166902 352
199 G 1111461 208 302 151 936981 146 61 37 173327 248
200 T 1113375 212 934319 267 320 85 176294 77 87 1714
201 G 1117977 625 645 116 934698 164 195 122 181238 174
202 C 1120814 1093 684 933630 456 208 233 184262 121 127
203 T 1129731 607 932552 811 460 283 194538 199 97 184
204 C 1135887 1316 631 937113 497 372 173 195540 93 152
205 T 1141965 839 930522 1096 791 303 207613 471 182 148
206 C 1144774 1511 807 927541 762 396 232 213195 216 114
207 T 1150403 918 923857 1122 741 377 222757 317 174 140
208 G 1148991 810 1340 368 921563 320 395 119 223957 119
209 C 1149280 942 505 915653 455 287 261 230885 169 123
210 T 1156038 454 914489 662 413 146 239373 235 110 156
211 T 1160506 678 912267 809 732 228 245162 212 284 134
212 T 1158329 721 909883 719 668 229 245588 216 175 130
213 T 1161364 687 903490 832 576 203 254977 235 239 125
214 G 1154428 492 890 667 901637 310 337 196 249776 123
215 A 1149877 899680 576 548 771 247473 189 205 268 167
216 C 1150970 633 1141 899426 540 287 553 247975 261 154
217 G 1152132 691 934 564 901277 327 375 277 247559 128
218 A 1152007 907492 580 570 612 241939 278 162 247 127
219 A 1156561 908881 564 523 653 245109 258 166 271 136
220 A 1153369 913622 397 385 607 237649 231 104 226 148
221 G 1148406 456 821 419 918444 173 400 131 227454 108
222 G 1147332 478 941 294 925549 232 257 101 219359 121
223 A 1145105 925015 464 557 559 217834 155 124 222 175
224 G 1139545 524 641 436 924044 199 194 116 213280 111
225 A 1136817 923891 447 440 462 211047 150 109 141 130
226 A 1135796 923459 455 463 528 210389 93 108 175 126
227 A 1133068 920239 442 455 545 210856 140 113 129 149
228 T 1132923 482 922115 562 440 214 208672 145 109 184
229 A 1133544 918378 607 625 703 212486 215 181 194 155
230 A 1129967 919657 564 631 567 207973 172 136 142 125
231 A 1129875 924108 499 548 583 203539 177 139 132 150
232 T 1132710 823 923688 801 640 256 205920 248 151 183
233 A 1131234 928204 688 725 896 198046 236 205 214 2020
234 C 1133810 803 746 936469 712 237 211 194331 189 112
235 C 1135327 1190 843 938551 806 336 209 193102 181 109
236 T 1139612 904 930896 1091 745 267 205114 306 150 139
237 T 1143713 936 928962 1035 594 280 211338 253 166 149
238 G 1138294 1337 1752 1289 925397 402 552 327 207106 132
239 A 1139182 922356 1367 1201 1343 211784 320 333 335 143
240 A 1139602 920301 1391 1390 1151 214069 509 353 294 144
241 G 1134269 1172 1287 1207 920217 348 394 269 209257 118
242 A 1138222 921756 1081 1111 1174 212097 320 256 261 166
243 A 1137270 921602 1096 1166 946 211432 272 342 230 184
244 C 1136603 889 773 921312 833 331 236 211883 217 129
245 A 1145281 920475 737 824 882 221538 218 232 222 153
246 T 1147226 896 919425 736 796 253 224521 204 218 177
247 C 1149782 1404 1001 918126 871 386 361 227239 253 141
248 C 1153420 1532 1059 917911 879 511 321 230834 252 121
249 C 1159472 1806 1091 921341 901 677 292 233000 240 124
250 A 1164973 926592 962 689 926 234908 268 221 259 148
251 G 1160755 832 815 820 931728 278 230 177 225744 131
252 T 1158474 1008 938253 996 492 212 216572 235 256 450
253 G 1151326 631 2171 588 934946 185 585 142 211952 126
254 C 1148437 1165 1106 938243 563 291 455 206182 249 183
255 G 1142995 882 1435 664 940966 214 430 253 198011 140
256 G 1139533 715 1744 758 935087 150 492 150 200299 138
257 G 1133763 968 1346 626 935444 212 365 120 194557 125
258 G 1129922 788 1109 850 935015 279 234 161 191361 125
259 A 1128463 937066 770 744 1073 188035 175 150 292 158
260 A 1128850 944480 742 796 1175 180690 452 162 227 126
261 A 1126399 944984 745 910 1158 177456 235 168 614 129
262 G 1120660 1185 1468 1452 944409 455 576 285 170681 149
263 A 1119557 947060 1417 1243 1229 167242 684 254 275 153
264 T 1118770 1272 950282 1247 1212 319 163431 588 220 199
265 C 1117600 1994 1598 946028 1747 386 593 164815 324 115
266 C 1119000 1977 1704 942707 1788 455 639 169279 327 124
267 T 1121281 1796 941167 1967 1759 517 173051 545 328 151
268 A 1122070 940488 1755 1308 1896 175491 414 234 335 149
269 A 1120674 943742 1656 1308 1878 170938 373 232 385 162
270 G 1117048 1572 2049 1401 944017 412 396 251 166799 151
271 A 1117758 943614 1182 1254 1291 169472 235 227 345 138
272 A 1117398 939535 1204 1284 1036 173378 315 299 209 138
273 A 1116387 938264 1325 1132 1267 173506 272 230 249 142
274 A 1112874 938437 455 659 552 172135 133 183 126 194
275 C 1112544 611 503 938853 502 192 135 171502 119 127
276 T 1116490 566 938925 938 423 135 175040 208 108 147
277 G 1112139 788 1081 542 939322 172 388 110 169615 121
278 G 1109972 704 869 627 939499 185 202 153 167604 129
279 A 1109699 939287 769 690 1086 167059 227 167 264 150
280 G 1107796 684 804 503 940446 190 206 123 164721 119
281 G 1105378 549 743 523 939702 160 195 128 163242 136
282 A 1102600 937618 445 574 508 162472 137 129 164 553
283 C 1102173 415 453 935429 359 119 120 165040 94 144
284 C 1103160 822 388 933201 380 214 154 167812 84 105
285 T 1106139 399 929927 842 375 155 174055 186 88 112
286 A 1106784 928525 857 814 722 175184 242 147 151 142
287 T 1103897 933 927198 740 807 244 173542 152 149 132
288 A 1103893 928793 821 684 924 171995 197 168 178 133
289 T 1101033 660 925191 675 546 194 173333 156 122 156
290 A 1100427 924733 591 709 624 173052 156 166 161 235
291 C 1098791 733 650 927207 585 176 196 168959 136 149
292 A 1099400 922792 634 781 934 173512 220 164 219 144
293 G 1096147 697 1099 744 919925 147 335 162 172917 121
294 G 1093846 662 1209 668 917756 179 259 156 172849 108
295 A 1092780 914244 578 977 716 175478 240 217 177 153
296 G 1089309 658 1728 985 911475 169 388 221 173553 132
297 A 1084782 910589 685 873 660 171365 151 196 145 118
298 G 1082255 797 539 882 910653 202 118 165 168772 127
299 T 1081038 567 906672 939 431 395 165953 222 287 5572
300 A 1082078 910137 494 851 549 169484 125 198 106 134
301 A 1082950 910121 319 447 410 171276 59 114 71 133
302 A 1081552 908009 363 524 406 171823 78 121 87 141
303 C 1082764 463 597 907479 322 171 195 173288 91 158
304 G 1082892 635 866 577 904838 130 243 133 175351 119
305 G 1080350 451 659 577 904455 115 144 131 173692 126
306 A 1081758 903885 445 575 424 175922 133 125 100 149
307 A 1081457 902822 469 789 467 176338 145 179 101 147
308 A 1083379 902572 494 754 638 178314 135 166 155 151
309 G 1080684 537 633 672 900607 138 190 151 177625 131
310 T 1080959 562 899450 820 424 198 178003 174 173 1155
311 G 1078105 776 880 750 894686 176 305 163 180249 120
312 G 1072182 652 923 661 890812 189 210 162 178444 129
313 A 1067388 890472 455 700 494 174744 121 140 121 141
314 T 1071477 536 895136 749 389 122 174076 172 92 205
315 G 1066786 614 1402 676 896450 160 295 147 166907 135
316 A 1063435 893994 369 589 548 167322 195 131 118 169
317 G 1059204 434 775 596 888209 99 194 146 168625 126
318 A 1058404 886334 324 502 411 170301 163 119 94 156
319 G 1054633 277 380 106 887621 75 130 25 165892 127
320 A 1052991 883069 128 86 283 169148 49 35 69 124
321 A 1048759 881738 184 99 232 166094 72 32 54 254
322 C 1046449 246 300 882895 196 78 75 162487 53 119
323 T 1046654 261 877359 497 248 89 167866 138 62 134
324 C 1047478 1437 299 874487 240 359 107 170356 74 119
325 A 1049075 874388 301 322 376 173291 90 86 83 138
326 T 1047492 341 870574 406 254 98 175463 103 69 184
327 C 1047426 586 301 864159 248 169 101 181674 74 114
328 C 1052070 578 201 860986 137 276 87 189595 53 157
329 T 1053988 146 860465 204 133 183 192583 83 40 151
330 T 1052263 167 854980 173 91 80 196482 133 30 127
331 T 1048428 247 851902 355 192 109 195316 110 65 132
332 A 1041568 846763 208 312 282 193527 188 94 79 115
333 T 1039450 296 845876 393 158 90 192327 107 67 136
334 G 1032274 615 639 535 840205 214 257 221 189479 109
335 A 1028312 836789 537 554 627 189053 189 206 169 188
336 C 1029408 529 530 831456 361 236 157 195846 155 138
337 A 1033024 826476 446 490 488 204524 192 133 143 132
338 A 1031319 822601 434 604 433 206658 164 178 109 138
339 A 1033092 819114 495 497 430 211882 232 170 146 126
340 G 1031595 492 596 419 820506 230 195 133 208943 81
341 A 1032127 821577 479 490 406 208571 135 154 193 122
342 A 1031868 821143 412 527 433 208712 181 167 162 131
343 G 1030420 601 742 647 826633 261 222 202 201001 111
344 A 1027865 819773 468 652 536 205769 172 176 199 120
345 A 1023415 813291 652 373 568 207896 190 129 193 123
346 A 1019597 810380 719 946 805 205877 250 262 248 110
347 T 1021585 825 803533 998 685 343 214533 293 222 153
348 A 1023198 803240 719 1009 919 216327 280 335 275 94
349 A 1024084 804951 661 706 843 216083 255 205 265 115
350 G 1019194 779 996 770 808037 332 324 224 207624 108
351 G 1011840 784 1069 814 807501 212 317 256 200801 86
352 C 1007942 1022 545 808995 413 298 269 196058 189 153
353 G 1010956 654 771 675 807800 284 252 189 200242 89
354 A 1009088 809064 543 479 480 197891 217 153 130 131
355 A 1009092 804880 383 385 526 202370 126 110 181 131
356 T 1006579 517 803411 493 386 206 201156 143 124 143
357 C 1004700 775 411 805079 527 243 152 197213 189 111
358 T 1012242 528 806250 739 660 252 203290 177 192 154
359 G 1004546 518 766 588 806564 173 241 140 195438 118
360 G 998397 474 1117 487 805565 148 282 166 190067 91
361 C 998428 1487 920 805249 603 428 312 189116 185 128
362 G 994207 1015 1354 903 805959 293 354 252 183955 122
363 C 995371 1255 605 810336 692 322 156 181688 211 106
364 C 1000847 1607 1298 808149 1316 435 332 187297 304 109
365 A 1005326 801167 1042 1561 1417 198937 321 412 341 128
366 A 1002862 795582 1322 1356 1523 201813 333 388 414 131
367 G 1000049 1374 1428 1245 800816 406 395 377 193918 90
368 C 998046 1990 1133 806716 1581 534 330 185235 421 106
369 T 1000968 1194 812619 1575 1571 334 182827 389 345 114
370 A 1000099 811144 1203 994 1163 184506 374 282 312 121
371 A 999811 810324 1068 1044 1082 185244 326 304 291 128
372 T 1002098 1172 813571 1019 1096 394 184153 276 290 127
373 A 1005647 816053 1514 1483 1388 183920 427 343 396 123
374 A 1004735 814375 1542 1514 1340 184672 403 427 354 108
375 T 1004545 1825 810571 1314 1416 563 188022 377 339 118
376 G 1004735 2016 1732 1479 808392 559 579 392 189482 104
377 G 1000448 1960 1527 1678 808745 536 447 454 184965 136
378 T 1000930 1812 811408 1711 1816 517 181671 491 498 1006
379 G 1001064 1568 1668 1500 814708 471 480 396 180152 121
380 A 998401 816526 1570 1344 1250 176418 395 390 333 175
381 C 998047 1631 2010 816747 1279 501 661 174779 321 118
382 G 1000224 1364 1396 945 818227 412 463 275 177037 105
383 A 998775 823285 1062 1026 998 171434 308 261 274 127
384 T 1001358 1121 822386 1124 941 324 174758 317 234 153
385 G 996812 1572 1387 1238 820404 421 369 290 170996 135
386 C 997227 1773 1908 821928 792 467 433 169578 227 121
387 A 1005080 828607 1015 1220 1102 172121 284 327 271 133
388 A 999630 829968 988 1347 1031 165408 227 286 234 141
389 C 1001305 1354 1211 831635 995 400 365 165035 204 106
390 G 1007134 1404 1151 1259 832549 324 300 285 169744 118
391 G 1001972 1599 1772 1153 831558 318 417 261 164807 87
392 C 1005759 2425 1201 828922 1303 547 316 170695 257 93
393 T 1010340 1440 830041 1385 1124 364 175318 293 251 124
394 G 1004071 1101 1196 1016 827805 254 364 229 171973 133
395 G 1000038 1055 907 1216 826903 230 263 300 169066 98
396 T 999882 1003 824679 1341 1102 250 168152 329 537 2489
397 C 999153 1291 1052 826112 977 292 260 168842 216 111
398 T 1004902 1140 824957 1381 974 354 175411 303 198 184
399 G 1001066 1083 1323 1021 827201 259 355 249 169426 149
400 A 1002057 830092 1264 1243 1410 166770 327 272 309 370
401 C 1004642 1492 1394 830483 1068 371 345 169022 253 214
402 T 1012667 1482 834360 1461 1171 357 172986 325 280 245
403 C 1014429 2716 1495 832030 1132 665 430 175580 264 117
404 A 1018245 836627 1426 1427 1090 176288 377 385 290 335
405 C 1021312 1406 1487 841663 1285 401 395 174213 310 152
406 A 1025394 842163 1851 1263 1513 177336 479 298 348 143
407 T 1030015 1644 846043 1558 1383 424 178080 379 299 205
408 G 1026778 1683 2092 1470 854392 366 579 378 165673 145
409 A 1025528 859950 892 870 885 162090 203 209 228 201
410 T 1027808 1050 858253 810 736 289 165999 198 203 270
411 G 1029281 878 925 858 860944 256 307 219 164754 140
412 A 1030307 863460 760 694 616 164059 187 151 160 220
413 T 1031394 887 868677 849 460 214 159736 206 119 246
414 C 1033484 788 620 866335 497 217 194 164534 158 141
415 T 1038363 547 867440 887 417 232 168362 225 116 137
416 G 1033751 657 647 416 869818 182 277 120 161486 148
417 G 1029777 705 772 504 872577 179 179 151 154592 118
418 C 1030361 1448 881 871610 736 364 221 154707 192 202
419 A 1034589 873667 817 687 745 157855 230 190 162 236
420 T 1034932 794 874641 733 686 206 157405 164 140 163
421 T 1035736 799 876363 696 729 225 156404 184 190 146
422 C 1037850 1070 752 879346 609 275 241 155253 173 131
423 C 1041584 1121 771 877164 641 373 197 161010 179 128
424 A 1043401 875917 692 610 670 164850 193 161 166 142
425 A 1041848 877099 712 585 631 162201 199 131 148 142
426 T 1044248 715 881196 651 485 195 160566 187 115 138
427 T 1048557 659 883123 455 407 197 163359 118 111 128
428 T 1049429 578 881463 692 456 168 165641 180 117 134
429 G 1047437 766 1014 519 881323 226 353 146 162890 200
430 A 1047116 883062 714 526 686 161490 175 123 171 169
431 A 1047348 882029 623 595 664 162868 149 129 163 128
432 T 1048535 717 878243 705 465 167 167764 174 111 189
433 G 1043872 637 1126 718 878765 209 382 190 161696 149
434 A 1043216 881096 765 587 820 159152 222 186 224 164
435 T 1043612 758 880190 758 688 260 160414 184 191 169
436 G 1044683 706 689 459 878891 245 200 93 163268 132
437 C 1046510 1075 767 877337 359 348 179 166167 122 156
438 A 1051271 878772 317 459 441 170733 70 201 102 176
439 A 1051119 878102 575 886 714 170044 221 203 175 199
440 C 1051616 734 622 877307 677 263 250 171424 161 178
441 T 1056491 758 876049 840 644 208 177396 202 218 176
442 T 1057441 752 873637 1004 552 201 180676 322 154 143
443 A 1055769 874600 677 848 632 178170 204 285 163 190
444 T 1056080 765 873063 867 646 199 179890 232 238 180
445 C 1060194 905 672 873843 629 330 207 183178 279 151
446 A 1066989 873922 585 602 1206 189695 348 159 292 180
447 G 1065992 611 1546 628 876927 176 380 178 185360 186
448 A 1065527 868966 461 616 918 193725 170 264 260 147
449 G 1061130 785 987 679 865466 200 343 172 192356 142
450 G 1055953 465 872 677 864439 279 229 187 188696 109
451 A 1054387 859706 1183 1277 1142 189716 322 305 294 442
452 C 1052938 1165 1122 861391 874 331 321 187323 223 188
453 A 1056043 862801 1089 1133 1155 188862 332 256 282 133
454 A 1055053 863377 1175 1488 1434 186316 377 331 388 167
455 G 1052124 1287 1635 1510 861152 452 408 389 183233 2058
456 A 1052590 867977 1123 1510 1188 179661 271 376 293 191
457 G 1049853 846 1273 855 874901 228 274 188 171169 119
458 C 1049674 1425 766 871349 675 353 204 174596 168 138
459 T 1054650 793 872298 912 682 186 179202 226 155 196
460 C 1055977 1467 972 874088 929 376 252 177410 218 265
461 T 1060874 1079 879802 1048 865 314 177185 255 185 141
462 T 1061878 1143 874254 1072 847 319 183645 269 206 123
463 G 1059894 1313 1319 1308 870050 411 379 297 184628 189
464 T 1059256 1404 865531 1317 1294 362 188501 314 353 180
465 T 1059188 1323 861760 1053 1502 392 192225 422 357 154
466 C 1059562 1729 1459 862103 1341 527 422 191469 355 157
467 G 1060214 1887 1707 1601 863416 626 547 396 189869 165
468 C 1062415 1761 1312 874474 1370 425 328 182305 314 126
469 A 1066014 874940 1140 1009 1435 185006 451 332 313 1388
470 C 1065412 1173 1125 872337 1225 346 291 188387 434 94
471 C 1069549 1756 1415 869962 885 637 414 194141 227 112
472 G 1076651 1722 1545 1367 867726 570 643 363 202572 143
473 G 1073658 1455 1555 1336 870609 515 456 361 197264 107
474 A 1072628 870703 1158 1452 1334 196730 329 407 360 155
475 A 1070109 870176 1554 1362 1074 194705 417 350 315 156
476 T 1071773 1601 869772 1353 1249 426 196462 348 383 179
477 G 1068372 1688 1623 1390 869777 469 540 337 192429 119
478 G 1065021 2037 1841 1505 874309 512 500 351 183834 132
479 A 1065992 877221 1502 1847 1682 182256 416 447 440 181
480 T 1067871 1946 880192 1700 1624 541 180837 416 377 238
481 C 1072401 1585 1302 883312 1281 452 381 183642 331 115
482 C 1074732 1837 1307 887408 1104 510 376 181819 268 103
483 C 1080935 2621 1256 887820 972 773 376 186730 254 133
484 A 1085128 888285 1982 1885 2085 189238 497 436 551 169
485 G 1084046 2290 2474 1644 889720 638 642 386 186120 132
486 G 1081911 2365 2488 1438 892562 633 608 351 181374 92
487 A 1082977 898622 1370 1015 1374 179384 393 243 356 220
488 T 1085114 1564 898841 972 1438 381 181161 218 383 156
489 G 1084138 1768 1347 931 899409 446 388 223 179276 350
490 T 1085977 1242 899015 1000 1018 346 182369 259 278 450
491 G 1085240 1668 1496 930 898206 428 430 227 181610 245
492 C 1087941 1414 967 896498 1172 375 274 186790 328 123
493 T 1096043 1211 894511 1079 1191 376 196886 255 343 191
494 C 1102744 2078 1186 893732 1022 611 357 203242 285 231
495 T 1108215 1531 898519 929 1036 519 205034 282 232 133
496 C 1108788 2156 1354 895896 776 601 374 207291 211 129
497 T 1114694 1432 898340 1245 917 547 211508 333 240 132
498 G 1110531 1568 1779 941 903083 489 536 297 201732 106
499 A 1112254 907708 1515 1047 1010 199942 372 251 277 132
500 T 1115961 1186 910079 1308 1366 343 200867 336 328 148
501 G 1115598 1898 1597 1142 905094 507 467 316 204449 128
502 C 1112867 1940 1128 906516 1006 574 361 200915 290 137
503 A 1118783 909687 991 1220 1296 204472 310 325 325 157
504 A 1120153 913539 1176 1082 1208 202013 390 280 315 150
505 G 1118335 1045 1163 732 914525 312 364 218 199851 125
506 G 1116298 1056 965 791 913388 304 322 241 199110 121
507 T 1114894 901 914240 899 961 235 196504 288 406 460
508 T 1116706 919 919902 1413 934 246 192550 396 219 127
509 C 1118276 1576 1095 922263 1004 412 368 191186 252 120
510 A 1122280 921076 893 1189 1298 196810 209 331 328 146
511 A 1121949 922979 624 856 263 196159 212 312 111 433
512 C 1121620 453 666 927901 486 217 228 191388 173 108
513 T 1125610 482 923695 725 530 170 199263 267 180 298
514 C 1126703 2052 1103 921548 847 509 357 199974 214 99
515 T 1133402 975 921738 1332 1054 398 206950 402 306 247
516 C 1135491 1399 1315 922321 1069 384 417 208163 306 117
517 C 1140384 2394 1798 918469 1767 721 498 214165 450 122
518 C 1144463 2754 1840 922088 1726 876 558 214082 425 114
519 T 1153993 1850 924613 1676 1683 635 222518 497 373 148
520 A 1157633 921821 1547 1353 1456 230083 504 413 346 110
521 G 1151635 1407 2059 1273 920214 378 562 374 225245 123
522 G 1151418 1482 1789 1375 925047 412 479 412 220319 103
523 A 1152961 926510 889 1109 885 222573 265 247 286 197
524 G 1152457 1000 1180 976 926107 323 350 268 222132 121
525 G 1152208 863 878 1006 931975 236 225 271 216639 115
526 T 1153252 985 926852 1424 746 322 219560 425 635 2303
527 C 1154855 1269 846 930715 893 408 296 220081 230 117
528 T 1159701 1189 936475 2397 802 365 217550 565 200 158
529 G 1160403 1290 1584 1409 941979 355 525 339 212795 127
530 G 1157092 1497 1746 997 946172 410 423 260 205473 114
531 A 1160426 952641 1035 1545 1570 202412 247 345 375 256
532 G 1156939 1681 2743 1009 954227 389 568 265 195937 120
533 C 1158025 1881 1610 959633 1355 455 383 192265 309 134
534 C 1164839 1554 1523 969242 1159 380 362 190194 281 144
535 G 1168477 1742 1589 778 974202 497 407 220 188913 129
536 C 1171423 2332 923 968694 719 553 308 197593 177 124
537 A 1180397 970352 1033 905 2034 204895 348 214 433 183
538 G 1176334 1174 1635 1350 972056 297 414 294 198999 115
539 G 1174241 1432 1203 1318 970890 343 350 273 198312 120
540 T 1177612 1407 967241 1581 1091 397 202673 352 325 2545
541 G 1175449 1776 2233 1310 965588 435 556 350 203080 121
542 C 1176292 1901 1543 966905 1566 486 386 203014 354 137
543 T 1182582 1360 974640 2141 1454 325 201661 471 355 175
544 G 1186572 1898 1761 1124 973337 512 526 286 206996 132
545 C 1190048 1701 1912 971695 1287 441 534 212018 328 132
546 A 1195061 975938 990 1443 1362 214133 315 374 320 186
547 G 1189331 909 965 1203 974483 250 293 332 210784 112
548 T 1194098 845 977851 1077 1062 307 212175 287 287 207
549 C 1199453 1210 964 985020 976 372 297 210205 241 168
550 A 1202604 987934 1318 1069 1431 209722 347 303 328 152
551 A 1202746 995163 1377 1192 1202 202772 397 239 274 130
552 A 1206240 1003306 1329 1274 1781 197280 355 366 408 141
553 G 1206964 1187 1757 1124 998613 336 615 317 202899 116
554 G 1206758 1235 2057 1042 998549 404 691 265 202382 133
555 A 1208241 1001861 1235 1119 1133 201556 329 304 488 216
556 G 1204110 1048 920 1043 1002567 312 301 249 197543 127
557 T 1204752 804 1005296 1272 886 342 195149 314 298 391
558 T 1207508 913 1012073 1279 938 313 191243 327 250 172
559 G 1203805 946 1173 863 1012022 247 484 186 187740 144
560 G 1201180 888 1315 792 1015023 271 308 187 182270 126
561 A 1203559 1017293 755 832 1129 182729 174 197 259 191
562 A 1205068 1015094 837 1068 869 186251 234 325 203 187
563 C 1207862 964 818 1019062 841 318 216 185307 198 138
564 A 1210006 1021747 929 1108 905 184444 247 261 188 177
565 A 1209903 1024096 1101 984 1005 181857 288 214 194 164
566 T 1212679 1001 1027458 1045 1063 239 181218 225 265 165
567 G 1210081 1150 1360 985 1030247 223 357 242 175375 142
568 G 1206607 690 771 780 1030438 182 186 177 173257 126
569 T 1207202 754 1024354 925 778 204 176337 195 247 3408
570 G 1205136 836 1308 844 1029410 224 320 236 171813 145
571 A 1203880 1028702 782 951 621 172094 161 201 152 216
572 T 1204001 703 1028477 1011 682 167 172435 189 148 189
573 G 1205735 764 1211 810 1029636 203 317 163 172508 123
574 G 1205542 512 864 638 1026928 164 180 157 175972 127
575 A 1205943 1023529 527 475 679 180085 137 95 206 210
576 A 1201811 1027127 510 503 707 172359 127 122 180 176
577 T 1200623 580 1031315 946 601 154 166544 199 129 155
578 T 1202650 618 1032795 1016 650 157 166885 228 166 135
579 G 1201644 736 1056 850 1034023 192 270 217 164157 143
580 G 1197376 732 846 1355 1033578 147 207 251 160122 138
581 T 1196683 883 1030465 1336 936 196 162069 251 188 359
582 C 1201434 1122 974 1026051 789 323 245 171627 154 149
583 A 1205173 1022817 1465 1379 1437 176879 372 341 295 188
584 G 1200627 1049 1721 1342 1023988 305 396 298 171413 115
585 A 1200230 1022252 1462 1180 1162 173187 302 273 237 175
586 A 1199840 1022928 764 728 907 173781 181 208 209 134
587 T 1198965 671 1022033 718 857 165 174030 156 186 149
588 G 1194156 746 934 590 1021078 180 287 165 170033 143
589 A 1191665 1021569 727 748 854 167117 161 181 162 146
590 T 1190341 661 1018421 858 744 160 169003 161 167 166
591 C 1192698 721 843 1015422 767 267 246 174125 166 141
592 A 1199061 1016880 701 375 832 179723 166 92 156 136
593 A 1199387 1014973 558 525 741 182054 116 93 156 171
594 A 1195932 1011043 506 613 695 182534 112 154 110 165
595 C 1193688 850 1132 1004366 924 222 282 185527 246 139
596 G 1193601 916 926 1141 1007765 204 265 255 182000 129
597 T 1193147 700 1007073 1225 1001 178 181761 243 242 724
598 G 1192708 594 1772 662 1011314 132 448 150 177515 121
599 G 1189871 587 945 620 1008490 118 285 138 178531 157
600 G 1185744 680 896 733 1003849 183 187 146 178946 124
601 A 1182962 1002966 845 678 1026 176747 206 122 213 159
602 T 1179302 736 1000321 793 860 165 175908 185 174 160
603 C 1180201 792 800 996589 764 246 242 180439 161 168
604 A 1176984 995398 801 826 1241 177896 154 272 247 149
605 A 1173663 991540 773 829 974 178866 185 162 204 130
606 T 1174664 714 989621 1045 883 166 181668 214 201 152
607 G 1175925 1555 1723 1604 990000 389 497 338 179698 121
608 A 1170477 988835 1598 1892 1845 174928 385 455 369 170
609 T 1168642 1482 986616 1774 1688 335 175782 452 359 154
610 C 1168765 1683 2136 983160 2293 386 527 177929 501 150
611 G 1171730 1890 2411 1744 980943 499 619 367 183121 136
612 G 1166825 1584 2261 1693 979870 359 490 403 180039 126
613 A 1167652 975454 1535 1689 1767 185897 384 321 445 160
614 A 1166527 966828 1579 1820 1497 193390 368 433 367 245
615 C 1166490 1334 1550 958056 1427 358 407 202877 358 123
616 T 1165655 825 955181 1619 1294 208 205683 364 324 157
617 T 1160879 979 950813 1428 1305 231 205329 343 309 142
618 C 1156928 1137 996 949878 1336 290 339 202532 284 136
619 T 1160889 1122 939587 1989 1749 315 215085 438 438 166
620 G 1154642 1254 1749 1660 934847 304 562 386 213754 126
621 G 1148378 1254 2362 1559 929040 363 615 364 212692 129
622 A 1147370 925253 1076 1324 1671 216531 375 301 522 317
623 G 1142531 924 1828 1385 919327 274 531 329 217830 103
624 G 1140177 907 2005 1219 914126 278 577 297 220632 136
625 G 1133787 865 1386 1364 916583 224 404 345 212493 123
626 G 1130057 933 1004 1263 916047 252 326 308 209793 131
627 T 1130346 859 901646 1389 1376 410 214527 466 1022 8651
628 G 1127205 997 1695 1054 908694 351 482 268 213540 124
629 A 1128058 906287 973 1180 1711 216585 359 277 494 192
630 G 1120718 987 1277 1190 907014 323 399 291 209099 138
631 A 1117195 904986 793 1347 1001 208002 238 346 329 153
632 A 1113678 901252 977 1218 1033 208176 332 298 246 146
633 T 1113542 820 900219 1220 1021 234 209212 321 338 157
634 G 1109559 1099 1489 1147 901976 311 554 313 202556 114
635 G 1106999 856 1319 1414 898771 305 372 389 203442 131
636 A 1103232 895772 912 1454 1593 202192 240 431 434 204
637 C 1102828 804 1270 894449 1179 335 399 203911 341 140
638 G 1100892 1179 1342 1551 886681 380 405 442 208761 151
639 A 1100312 884427 1071 1453 1297 210896 277 344 401 146
640 A 1101095 879445 1344 1649 1577 215745 383 402 421 129
641 A 1098817 872480 1222 1462 1769 220548 350 400 470 116
642 A 1094289 871218 1348 1437 1731 217203 376 414 440 122
643 A 1091462 871458 341 560 514 217863 115 255 210 146
644 C 1089453 433 349 873042 489 296 133 214402 188 121
645 A 1091411 866880 357 573 689 222220 126 221 229 116
646 A 1088288 863541 324 420 590 222796 139 121 228 129
647 G 1086363 278 608 354 861871 184 207 110 222629 122
648 A 1083830 860257 376 400 415 221847 151 130 137 117
649 A 1078804 855320 454 709 645 220950 168 229 208 121
650 T 1078080 403 854492 672 681 195 221071 235 203 128
651 T 1077374 463 853669 699 693 169 221091 222 228 140
652 G 1073596 385 850 361 854457 135 342 145 216804 117
653 C 1071893 613 400 853803 415 189 166 216043 176 88
654 T 1075573 271 857117 518 340 102 216778 204 108 135
655 T 1078959 374 862785 394 390 179 214443 147 122 125
656 A 1076143 863608 388 263 462 210904 153 111 127 127
657 T 1078525 305 864115 431 445 102 212729 140 128 130
658 G 1077713 159 432 103 868604 75 207 52 207963 118
659 A 1080297 870120 113 58 204 209491 97 22 83 109
660 A 1080368 874393 102 68 152 205351 47 28 110 117
661 A 1082511 874466 182 180 311 206981 88 65 106 132
662 G 1081759 235 426 141 875480 105 153 62 204988 169
663 A 1080800 872196 170 169 273 207634 66 62 115 115
664 A 1076701 867433 263 254 289 208094 91 78 80 119
665 T 1073744 237 863116 300 237 83 209461 63 93 154
666 G 1069917 280 308 263 863137 120 100 84 205496 129
667 T 1069132 216 863227 320 314 75 204317 107 90 466
668 G 1064195 413 719 227 861373 125 259 75 200834 170
669 C 1062651 657 629 861587 321 238 211 198775 96 137
670 A 1068446 862420 294 217 323 204798 101 59 98 136
671 A 1069320 861749 285 258 315 206262 105 76 89 181
672 C 1070372 261 340 864459 304 148 97 204550 79 134
673 A 1075228 863550 382 192 364 210331 106 78 106 119
674 T 1074171 319 868346 290 297 106 204503 97 82 131
675 T 1078699 228 872404 342 339 76 204989 108 103 110
676 C 1079197 409 238 874713 306 156 110 203085 79 101
677 T 1079960 293 871664 423 247 149 206807 143 76 158
678 C 1078642 896 239 870125 274 297 135 206444 75 157
679 A 1086362 871479 598 444 672 212516 175 158 182 138
680 A 1087149 871905 566 498 540 212980 220 144 161 135
681 A 1086497 870757 463 569 815 213154 216 163 238 122
682 G 1081692 562 1265 697 867501 186 388 208 210795 90
683 G 1080106 587 904 639 866554 194 268 180 210651 129
684 G 1077858 521 822 722 870631 206 226 191 204412 127
685 A 1074409 874303 626 645 828 197305 158 163 248 133
686 A 1070011 870764 593 626 826 196560 183 145 194 120
687 A 1071086 875737 573 530 885 192673 209 118 223 138
688 T 1072064 490 878958 663 590 155 190750 148 170 140
689 T 1072451 503 881602 671 588 131 188513 169 146 128
690 T 1072486 512 882931 690 534 125 187179 233 135 147
691 C 1073223 921 569 884821 607 268 177 185604 138 118
692 A 1074947 888139 523 739 1202 183634 151 174 247 138
693 A 1076017 892318 576 857 616 181036 136 202 149 127
694 A 1074583 894282 614 694 808 177459 196 174 190 166
695 C 1075719 614 632 895123 766 185 198 177905 196 100
696 T 1081097 609 895744 884 712 147 182447 217 186 151
697 G 1078531 698 1591 899 892002 201 388 249 182389 114
698 C 1077692 1147 961 890419 861 287 242 183395 273 107
699 T 1079406 682 891722 1071 749 197 184325 270 196 194
700 G 1078858 1041 981 680 891470 306 311 158 183804 107
701 C 1078891 1099 807 892936 617 282 209 182651 156 134
702 A 1082386 894795 620 660 640 184869 131 206 160 305
703 C 1082008 530 741 896673 675 241 177 182635 160 176
704 A 1084163 895697 618 635 830 185694 156 220 170 143
705 A 1086577 896186 698 611 785 187584 188 165 204 156
706 A 1085565 897928 709 741 651 184857 199 175 165 140
707 A 1083394 900578 701 679 741 180051 160 185 164 135
708 A 1081197 901502 612 835 1057 176411 156 204 300 120
709 G 1078306 767 1197 949 900707 262 284 283 173732 125
710 C 1074300 1294 1132 902664 968 400 263 167154 283 142
711 A 1072864 904489 998 1014 808 164705 215 293 196 146
712 A 1069045 902154 957 906 795 163349 245 189 333 117
713 T 1066040 701 900442 904 882 196 162347 182 229 157
714 G 1063988 761 1262 847 901654 208 472 185 158475 124
715 A 1059268 897601 1086 787 1146 157736 355 177 249 131
716 T 1058244 879 898698 1053 925 234 155779 194 335 147
717 G 1055076 1043 1081 884 895185 361 294 192 155908 128
718 G 1050357 1269 1669 1567 893144 491 329 267 151470 151
719 A 1046813 888586 1483 1618 1633 152418 310 286 303 176
720 T 1042704 1365 888051 1790 1467 283 148853 315 262 318
721 C 1039723 1485 1346 885656 1391 408 350 148605 297 185
722 A 1038846 887302 1439 1443 1686 145936 322 241 327 150
723 A 1032998 882010 1407 1506 1393 145665 290 311 265 151
724 G 1027599 1277 1439 2015 878294 304 307 369 143479 115
725 T 1027028 1244 877430 1896 1729 375 142850 349 334 821
726 G 1022332 1472 2731 1613 876929 310 537 305 138304 131
727 A 1017045 876075 1549 1904 1601 134835 359 300 275 147
728 G 1010436 1536 2119 1723 875441 262 370 302 128541 142
729 A 1007553 873387 1628 1830 1914 127696 335 269 329 165
730 G 1000815 1345 1725 1634 867538 250 296 234 127639 154
731 A 995880 863606 1281 1445 1986 126593 242 218 337 172
732 G 987138 1513 1904 1446 855343 281 325 216 125922 188
733 A 984746 850452 1215 1702 1651 128608 222 305 334 257
734 G 975795 1218 2460 1685 844320 215 419 335 124828 315
735 C 971682 1610 2175 840954 1509 413 341 124251 296 133
736 C 967675 1246 1234 836337 1301 238 314 126404 361 240
737 G 966847 1517 1456 1317 834768 456 379 280 126527 147
738 G 960492 1272 1435 1216 831857 278 228 229 123843 134
739 A 956380 829101 1119 1368 1299 122713 185 201 246 148
740 A 950451 823633 1141 1388 1270 120640 199 1004 205 971
741 C 944202 1080 1247 817754 1072 204 227 122353 154 111
742 C 939166 1569 1073 810817 1082 288 181 123839 205 112
743 C 936359 2079 1501 802536 1167 420 297 128012 215 132
744 A 932565 794167 1499 1302 1523 133030 290 333 298 123
745 G 924614 1087 2173 1337 785718 216 440 226 133310 107
746 G 919126 1229 1554 938 780623 205 294 214 133968 101
747 G 913149 1138 1298 1050 776530 274 260 227 132248 124
748 A 909046 772494 1124 776 1085 132831 236 136 240 124
749 A 903897 765799 1082 824 1099 134309 271 165 238 110
750 T 899255 964 761982 936 931 226 133626 190 234 166
751 G 890969 1626 1419 945 757366 365 300 215 128605 128
752 C 884193 1701 1367 755842 1147 356 300 123157 227 96
753 T 882142 1305 751833 1484 1206 255 125450 235 244 130
754 G 878088 780 2094 843 748882 185 406 154 124633 111
755 A 871175 744427 757 765 830 123788 170 142 159 137
756 G 864155 779 768 791 741780 127 181 156 119422 151
757 T 857235 579 739618 1044 970 135 114170 192 172 355
758 T 850146 737 733693 947 834 113 113374 185 141 122
759 C 841508 1015 882 725910 890 249 217 112085 147 113
760 G 832594 600 837 465 716750 302 194 92 113235 119
761 A 826741 711318 531 382 1090 112909 134 76 182 119
762 A 819403 702126 476 437 917 114946 123 79 184 115
763 G 811854 467 728 755 691213 125 170 147 118144 105
764 A 803013 683070 618 624 903 117175 157 135 192 139
765 T 797422 359 678098 726 830 84 116859 193 155 118
766 C 790966 781 1250 669061 1235 189 263 117820 258 109
767 T 787885 864 659467 1437 1213 248 123962 275 285 134
768 C 780486 1610 1016 652029 1178 380 223 123675 282 93
769 A 776431 645259 762 920 886 125797 210 339 197 2061
770 C 770398 588 656 639364 702 166 730 126149 191 1852
771 T 765700 610 634123 843 686 166 128810 219 152 91
772 T 762815 749 624278 863 1046 198 135158 197 233 93
773 T 756426 694 616646 925 1060 174 136376 210 253 88
774 T 750113 817 614730 798 1029 184 132023 212 232 88
775 C 742225 796 826 609269 877 201 248 129672 236 100
776 T 735792 667 606642 828 810 220 126131 199 210 85
777 A 726752 601105 676 777 1074 122420 168 183 247 102
778 G 714638 524 756 401 596899 159 159 89 115567 84
779 C 708456 668 424 589418 543 219 114 116869 129 72
780 A 703868 584067 391 358 502 117257 88 158 111 936
781 C 695663 324 514 578090 361 142 132 115819 123 158
782 G 686047 427 539 305 572396 104 139 93 111953 91
783 G 678395 330 350 299 565550 98 124 70 111490 84
784 T 670832 371 556514 511 537 105 112298 136 159 201
785 C 662855 538 467 550528 485 146 109 110377 104 101
786 T 654320 416 543731 761 569 150 108286 193 119 95
787 G 644314 922 997 554 535152 270 237 145 105967 70
788 C 633925 929 886 527471 751 237 212 103150 205 84
789 A 628266 510150 547 598 792 108036 170 739 189 7045
790 C 621885 744 1096 508087 1052 197 288 110060 272 89
791 T 616735 793 498836 1030 992 264 114151 299 270 100
792 C 611454 1537 865 487085 1016 530 257 119746 287 131
793 A 605977 476032 811 1048 893 126182 323 294 322 72
794 T 597000 736 468531 937 942 275 124895 301 316 67
795 A 589481 459493 908 818 897 125013 356 295 269 1432
796 T 583938 751 447023 783 1055 305 133295 260 409 57
797 T 579040 752 439628 762 1182 321 135476 263 557 99
798 G 573253 777 1272 652 435862 303 490 249 133584 64
799 A 565131 432364 696 719 816 129518 300 228 334 156
800 G 558000 766 1176 644 428049 305 394 224 126387 55
801 A 552368 415195 778 729 789 126544 278 282 1425 6348
802 G 543544 517 723 493 416966 182 298 127 124193 45
803 G 535853 460 571 362 410110 188 211 146 123746 59
804 G 526085 451 478 383 402902 170 191 126 121317 67
805 T 519069 487 394210 484 525 211 122130 227 331 464
806 C 509716 735 578 382407 486 285 287 120766 1096 3076
807 G 502337 585 557 499 379117 323 257 224 120726 49
808 G 490751 793 738 770 372098 323 515 288 114819 407
809 T 484673 697 360541 657 769 296 121039 273 314 87
810 T 478611 807 350192 670 756 337 125171 313 295 70
811 G 468819 1386 1497 1160 343877 613 595 511 119026 154
812 C 462741 1340 1374 343637 1162 517 581 113629 431 70
813 T 461244 1159 330196 1293 1129 548 125115 794 489 521
814 C 459464 1919 1452 320884 1248 987 890 131415 607 62
815 A 457547 317402 1492 1487 1240 133200 769 770 805 382
816 C 452165 1465 1426 315153 1406 2232 814 127026 622 2021
817 A 450612 304281 1690 725 1859 139343 1166 551 914 83
818 A 447246 296008 1636 1209 1387 143875 957 1104 894 176
819 G 440916 1240 1532 1202 293121 1002 1121 633 140991 74
820 T 435983 947 292834 558 652 625 135193 2491 714 1969
821 C 431336 966 1066 287959 673 909 690 138632 393 48
822 C 427433 958 1075 283885 603 992 707 138800 345 68
823 T 426711 890 278141 1101 1099 445 142823 629 1244 339
824 G 418564 953 1447 956 273974 548 1286 786 138404 210
825 C 414428 1274 1090 272048 1212 599 589 137052 521 43
826 C 413864 520 650 270041 561 321 441 140839 330 161
827 T 417229 465 267941 556 683 322 145931 413 642 276
828 G 411074 404 846 588 267253 283 517 720 140219 244
829 C 408671 640 616 267139 539 313 388 138738 279 19
830 C 413071 490 559 263953 386 265 423 146615 231 149
831 T 420294 441 262167 445 259 349 155861 352 306 114
832 G 418441 750 1125 747 260685 508 718 637 153160 111
833 C 418849 913 899 260228 888 580 2766 151981 566 28
834 C 422195 771 654 256690 1007 550 2398 155611 2612 1902
835 T 428615 644 255358 1286 744 640 168261 877 697 108
836 G 427632 785 935 815 253726 646 886 677 169105 57
837 T 428763 749 256202 997 924 677 167287 994 797 136
838 G 428119 636 910 590 261532 1262 743 651 161723 72
839 T 429712 650 261784 831 775 516 163834 566 664 92
840 G 429856 516 651 772 268639 604 788 442 157254 190
841 T 430284 766 274939 1082 1467 550 149601 557 1273 49
842 A 431501 282196 1405 699 1837 142941 807 381 1073 162
843 T 433537 1220 285794 1172 1583 536 135379 923 3636 3294
844 G 435860 1930 2456 1947 295592 668 801 891 131541 34
845 G 438909 2169 2018 1969 303488 688 1049 655 126657 216
846 A 442338 283397 2491 2274 3035 105552 752 15624 1044 28169
847 C 445489 1540 1839 321151 2102 398 468 117461 499 31
848 C 451943 1687 1661 329178 2021 412 414 116076 462 32
849 T 460402 1506 338502 1307 1992 350 115861 390 468 26
850 G 464427 1558 2498 1157 346586 414 558 308 111292 56
851 C 467029 1468 1402 351495 1345 365 374 110199 345 36
852 C 473277 1774 1670 355913 1609 468 445 110962 374 62
853 G 481309 1118 1627 1507 359609 473 462 380 116087 46
854 T 486689 1283 365509 1203 1560 336 116015 321 397 65
855 A 497083 369598 1140 1411 1697 122042 343 407 402 43
856 G 502877 185 685 210 377542 190 373 85 123575 32
857 C 516349 568 386 383507 593 200 204 130666 196 29
858 C 529502 429 507 390794 430 202 200 136682 212 46
859 A 536796 392830 414 358 232 142460 159 131 169 43
860 G 538269 232 296 270 397270 115 204 101 139745 36
861 T 546090 267 403548 262 366 120 141141 130 174 82
862 G 549134 454 914 397 408254 165 500 158 138255 37
863 G 550613 509 702 400 417727 207 320 174 130517 57
864 G 555868 657 656 252 428157 215 310 87 125489 45
865 T 563213 743 434544 738 943 271 125305 248 304 117
866 A 572454 443723 900 682 934 125288 290 242 329 66
867 C 582364 778 1139 454401 912 272 396 124154 268 44
868 G 594639 755 752 581 464410 272 309 248 127257 55
869 A 604812 473792 751 579 711 128166 270 215 266 62
870 C 614848 706 778 483917 636 280 245 128002 238 46
871 T 622617 676 488661 657 958 198 130903 231 273 60
872 T 630261 659 497851 661 975 214 129373 229 245 54
873 T 638573 746 508694 829 888 251 126616 251 230 68
874 G 644799 744 983 613 517423 198 352 150 124281 55
875 A 654317 521721 653 703 906 129625 196 179 266 68
876 A 664199 530402 705 661 735 131020 247 188 182 59
877 A 672381 534435 518 447 769 135479 315 108 239 71
878 G 677978 635 972 455 535714 201 404 148 139399 50
879 G 682500 428 888 423 540596 140 323 140 139505 57
880 G 687741 579 1228 616 546845 197 378 175 137678 45
881 A 694460 553283 625 652 815 138287 244 176 265 113
882 G 697232 640 1150 663 561252 225 378 191 132660 73
883 G 700276 458 700 588 573817 144 297 129 124072 71
884 G 702158 592 715 476 582996 146 216 125 116809 83
885 A 708368 592730 511 469 537 113563 167 124 151 116
886 T 715844 339 601732 369 258 91 112805 114 48 88
887 A 724702 607715 315 272 419 114302 268 169 141 1101
888 C 732117 397 342 619238 261 100 145 111533 50 51
889 T 743869 740 625488 695 583 155 115783 148 185 92
890 C 750740 1322 759 635187 585 360 167 112184 113 63
891 T 758997 715 647584 695 670 193 108765 151 124 100
892 C 766538 1375 950 655455 957 322 198 106999 230 52
893 T 774225 1066 660121 954 854 233 110482 282 154 79
894 A 784192 665267 1034 931 903 115332 233 217 181 94
895 G 788918 610 579 448 672044 139 159 88 114778 73
896 T 795059 546 678670 499 775 115 114033 95 155 171
897 C 804823 802 823 681691 710 179 221 120189 119 89
898 G 815641 710 671 471 686924 139 275 132 126216 103
899 G 821398 553 788 502 688332 128 218 142 130644 91
900 A 828889 695474 605 468 531 131275 174 120 135 107
901 A 836272 704119 604 460 557 130090 136 117 105 84
902 T 845851 429 715121 502 440 140 128924 109 84 102
903 A 854088 722202 538 463 672 129666 225 95 147 80
904 G 861154 470 666 551 733859 113 173 107 125123 92
905 A 871016 743368 436 547 630 125219 120 144 175 377
906 C 879433 538 462 751342 568 149 104 126071 103 96
907 C 891681 661 381 762355 432 117 91 127493 65 86
908 C 900570 990 351 772035 413 152 73 126376 83 97
909 T 908132 191 782488 559 391 42 124159 136 71 95
910 T 912962 682 786243 781 663 124 124106 138 113 112
911 T 919592 843 792097 809 709 146 124583 142 137 126
912 C 927375 1257 942 801086 743 204 209 122724 121 89
913 A 936089 810132 1294 1110 1514 121174 319 205 226 115
914 G 941412 1174 1623 1221 812819 264 327 208 123673 103
915 A 946886 818103 1176 1402 948 124388 245 240 207 177
916 C 954713 837 971 824842 692 194 159 126793 130 95
917 T 965440 764 833888 978 967 131 128219 227 159 107
918 G 972885 1342 1405 866 842609 235 334 154 125865 75
919 C 982181 1441 1227 849228 1034 207 226 128494 223 101
920 T 991760 1107 858203 1314 1074 215 129293 256 152 146
921 T 999962 1139 864972 1214 1110 185 130833 211 156 142
922 C 1011246 1722 1369 875042 733 319 323 131498 116 124
923 A 1021750 883616 1221 904 1012 134243 244 243 139 128
924 A 1027865 889728 1213 973 797 134481 245 166 132 130
925 A 1034760 894954 1435 1157 1326 135088 261 191 212 136
926 A 1041653 898608 1406 1464 1228 138050 290 249 215 143
927 C 1049186 1272 1818 905356 1230 292 338 138561 190 129
928 A 1055790 914098 1103 903 992 137977 204 169 197 147
929 G 1058485 1384 2152 947 915963 224 381 199 137102 133
930 C 1065639 1485 1132 917963 935 270 214 143343 195 102
931 C 1072458 1178 1223 920904 820 275 212 147571 151 124
932 A 1079872 929702 1227 1042 1061 146076 251 208 174 131
933 A 1086309 936159 1144 1125 1051 146047 219 230 206 128
934 G 1090550 1161 1296 1338 941379 239 231 246 144537 123
935 T 1097557 1149 945154 1306 1176 213 147450 225 242 642
936 G 1099696 1426 1227 1277 948823 281 299 219 146012 132
937 T 1105253 992 954776 1110 931 157 146524 183 162 418
938 A 1111070 962970 1073 956 1212 144094 203 152 200 210
939 C 1116991 1015 1823 966145 1060 229 323 146085 178 133
940 A 1124848 970161 802 753 1260 151218 157 135 214 148
941 G 1126568 926 1560 741 972636 163 271 144 150011 116
942 C 1129701 1411 971 976802 889 240 188 148920 156 124
943 C 1137379 1272 1164 979788 1295 279 226 153010 234 111
944 T 1145256 1194 979102 1315 1246 246 161508 248 242 155
945 A 1146257 980293 1037 1074 1305 161705 267 208 231 137
946 A 1145321 985420 974 882 1187 156116 180 173 250 139
947 T 1151873 1007 989757 1031 1124 225 158093 224 207 205
948 C 1158903 1617 1087 990867 978 430 272 163329 199 124
949 A 1163240 988360 1076 1089 1744 170045 257 188 329 152
950 G 1162013 1304 1622 980 991517 231 325 195 165715 124
951 A 1164581 989567 1323 1033 1339 170232 283 201 245 358
952 C 1166820 1268 1124 986047 1118 332 296 176278 245 112
953 C 1171208 1640 1208 985234 1179 411 301 180809 295 131
954 A 1176136 987246 1264 1013 1119 184499 280 269 308 138
955 A 1176009 988066 1567 1401 1483 182380 356 266 358 132
956 A 1174496 985235 1450 1399 1705 183522 363 332 348 142
957 T 1178956 1574 986886 1345 1476 416 186463 278 349 169
958 G 1175661 1153 2035 1021 993252 285 511 222 177039 143
959 A 1176095 994800 1262 1005 1729 176181 336 195 414 173
960 G 1173231 1431 1416 922 991699 378 286 247 176685 167
961 A 1174158 988105 978 727 925 182627 234 180 257 125
962 A 1173662 983198 851 788 983 187041 248 156 248 149
963 T 1173728 1061 982338 832 865 272 187657 224 180 299
964 C 1174849 1294 1074 982066 985 332 274 188489 214 121
965 C 1178757 1430 1060 980602 934 445 258 193666 214 148
966 A 1176009 974384 944 1004 1427 197255 265 256 329 145
967 G 1170976 1322 1647 1010 974460 338 402 298 191329 170
968 C 1172328 1855 1377 978960 1300 463 333 187592 309 139
969 A 1173034 979744 1137 958 1288 188628 267 273 302 437
970 C 1170189 959 1121 975524 871 282 298 190789 231 114
971 A 1169313 971255 1014 799 1120 194050 249 235 269 322
972 C 1166620 879 1063 970195 871 338 275 192588 228 183
973 A 1169181 965157 646 398 942 201376 170 93 262 137
974 A 1167124 963369 753 505 975 200744 268 137 231 142
975 G 1159791 730 1456 442 956844 231 356 106 199462 164
976 A 1155404 955866 414 649 773 197031 129 158 221 163
977 G 1147496 910 662 626 956011 224 195 162 188550 156
978 T 1143089 761 949691 677 514 266 189647 200 150 1183
979 C 1140235 749 531 944601 334 266 182 193303 117 152
980 A 1141831 943167 321 287 671 196894 109 81 160 141
981 A 1137058 939030 387 386 369 196311 130 117 107 221
982 C 1134669 1482 1459 930849 1559 412 468 197908 375 157
983 T 1136810 1369 928338 1178 1794 403 202701 317 525 185
984 G 1132654 1649 1409 1097 926827 410 386 449 200294 133
985 G 1128777 934 1119 1171 928631 239 282 262 196019 120
986 T 1126514 916 933003 1060 1245 267 187952 258 541 1272
987 G 1123254 929 1081 1106 933136 253 278 416 185945 110
988 T 1120659 960 935570 962 1051 364 180959 170 273 350
989 G 1119207 1150 1226 1057 935978 218 341 216 178911 110
990 G 1114833 756 1361 1100 932010 413 351 249 178478 115
991 A 1112726 919251 1735 1918 1776 186558 466 382 418 222
992 T 1112884 1828 912299 2220 1616 472 193266 475 443 265
993 G 1105684 1983 2059 2079 913354 508 476 457 184620 148
994 G 1100083 2275 2147 1790 919185 551 501 394 173117 123
995 C 1097936 2225 2025 922391 1493 524 512 168261 356 149
996 A 1098778 925481 1614 1684 1592 167151 414 356 331 155
997 T 1096232 1077 926533 1345 971 252 165359 291 226 178
998 G 1091138 1299 1830 1151 926070 319 420 244 159634 171
999 C 1090728 1698 1618 925238 1094 377 352 159966 259 126
1000 C 1093855 1348 1272 917704 1128 426 307 171291 258 121
1001 A 1097080 912903 1321 1018 1154 179675 341 257 270 141
1002 T 1095001 1164 908377 1052 1130 282 182314 249 290 143
1003 T 1094816 1093 904995 734 1198 277 185685 382 303 149
1004 C 1093358 1265 1340 899365 1208 336 422 189026 303 93
1005 T 1097646 1014 896175 1291 1087 481 196825 337 264 172
1006 G 1089530 1222 1753 707 891020 350 460 405 193471 142
1007 C 1085748 1024 995 893419 740 378 256 188549 261 126
1008 C 1088729 852 891 887167 696 286 301 198186 195 155
1009 G 1095447 1058 1570 814 883329 447 484 403 207209 133
1010 C 1096281 1496 700 884059 837 528 224 208027 276 134
1011 A 1102050 887015 634 735 877 211811 247 251 331 149
1012 T 1103897 589 884987 802 810 163 215969 221 228 128
1013 T 1103798 632 881649 674 793 194 219357 157 212 130
1014 T 1105306 590 880496 1074 716 198 221589 283 240 120
1015 G 1096333 696 1281 699 881269 291 422 204 211310 161
1016 A 1094871 882079 929 704 1290 208904 267 213 346 139
1017 A 1091767 882068 919 866 1017 205909 290 254 302 142
1018 G 1086396 697 685 786 879741 245 256 222 203649 115
1019 A 1084227 875939 623 820 793 205215 211 258 237 131
1020 T 1082446 635 877300 809 652 234 202272 225 195 124
1021 C 1080831 920 644 875634 873 299 203 201874 261 123
1022 T 1083706 781 876215 1029 825 294 203959 269 208 126
1023 A 1085615 876608 820 899 944 205496 271 248 205 124
1024 A 1084176 881502 587 785 1059 199427 233 182 266 135
1025 G 1079381 793 1479 760 879486 226 399 203 195922 113
1026 A 1078399 884642 786 701 1073 190359 240 184 256 158
1027 G 1075073 364 400 308 889686 115 138 88 183865 109
1028 T 1077378 383 884904 329 248 324 186088 155 234 4713
1029 A 1075625 893405 360 268 315 180859 104 70 100 144
1030 T 1075863 549 888599 647 671 164 184767 161 158 147
1031 T 1079129 545 891500 611 685 183 185195 156 151 103
1032 A 1086022 890025 778 570 719 193270 203 163 159 135
1033 A 1088935 885057 460 488 607 201738 132 138 191 124
1034 G 1086279 481 1121 438 879934 158 347 166 203530 104
1035 C 1087128 991 602 876476 506 298 187 207746 197 125
1036 T 1089213 487 874579 709 538 177 212189 217 179 138
1037 T 1089338 564 878812 666 592 183 208010 213 160 138
1038 C 1086976 922 595 878050 565 325 258 205964 168 129
1039 A 1086741 875562 714 723 599 208346 241 218 181 157
1040 T 1083869 686 870437 820 748 299 210310 241 208 120
1041 C 1087417 1122 733 862629 621 545 301 221139 199 128
1042 A 1093378 856650 890 963 940 232796 334 370 308 127
1043 A 1091645 859815 759 1041 827 228176 241 352 317 117
1044 A 1093188 859423 896 1210 1282 228952 458 414 413 140
1045 G 1089820 553 1332 610 864546 217 436 167 221857 102
1046 G 1084873 721 1077 592 869144 211 310 177 212519 122
1047 G 1078230 679 810 638 873771 223 231 215 201535 128
1048 A 1077202 873809 773 1069 1149 199303 246 284 325 244
1049 C 1075275 804 1006 872899 808 298 325 198714 290 131
1050 G 1081941 977 1152 827 873273 391 342 283 204574 122
1051 A 1082508 876609 1032 832 1224 201836 279 196 348 152
1052 A 1084831 875843 992 989 1488 204450 299 249 407 114
1053 G 1079900 979 1354 803 875753 302 361 186 200039 123
1054 G 1076432 909 800 737 876427 228 229 211 196765 126
1055 T 1076924 730 873336 771 982 249 197422 219 386 2829
1056 G 1072954 1588 1394 707 872325 389 423 179 195832 117
1057 C 1071509 1464 1390 876591 1001 358 350 189992 245 118
1058 T 1080583 939 883267 1257 1020 274 193102 349 199 176
1059 C 1085497 1736 1133 884098 1281 448 345 196084 261 111
1060 C 1090017 1902 1493 877333 1717 562 400 206086 403 121
1061 C 1095519 2502 1378 873710 1591 785 394 214644 367 148
1062 A 1103780 876599 1731 1410 1658 220959 470 362 436 155
1063 A 1105609 880632 1161 846 1279 220532 426 262 350 121
1064 G 1103405 1079 2048 1024 881377 397 577 288 216498 117
1065 A 1102927 896711 1077 974 1059 201925 447 279 305 150
1066 G 1098090 1124 1856 926 901411 333 545 211 191578 106
1067 G 1093924 1085 1698 720 899071 336 535 168 190200 111
1068 G 1088316 1044 1394 793 890895 299 438 181 193157 115
1069 A 1088830 886787 1154 943 1246 197560 406 238 327 169
1070 A 1089105 886968 1058 909 1307 197808 379 196 353 127
1071 G 1086302 1048 1752 744 888735 276 452 195 192989 111
1072 C 1086579 1237 744 888192 862 456 224 194518 227 119
1073 T 1092761 610 893653 722 932 279 196037 203 196 129
1074 T 1093260 727 895660 508 826 186 194802 262 163 126
1075 T 1093177 495 898168 550 489 167 192889 162 136 121
1076 C 1095232 747 641 902826 386 233 209 189939 103 148
1077 C 1097117 842 677 907010 466 294 189 187366 158 115
1078 A 1099591 909092 795 697 896 187127 231 191 201 361
1079 C 1100286 800 674 908507 874 208 174 188727 200 122
1080 T 1104963 817 909760 768 742 234 192158 212 145 127
1081 A 1106263 899737 932 589 1286 202644 428 192 301 154
1082 G 1105215 801 1781 926 896814 204 578 245 203758 108
1083 A 1106672 899049 831 744 1195 203868 320 205 307 153
1084 G 1104313 600 869 548 905859 159 350 134 195675 119
1085 G 1104069 536 1206 604 907717 178 323 153 193234 118
1086 A 1102716 912761 605 451 673 187535 159 127 196 209
1087 G 1101842 555 718 578 918624 307 217 159 180551 133
1088 T 1100244 555 922021 707 736 349 174609 308 202 757
1089 T 1100902 663 924101 814 710 275 173715 213 277 134
1090 C 1102378 1011 393 927137 461 269 98 172721 129 159
1091 A 1108460 929292 453 448 520 177048 253 189 127 130
1092 A 1107086 931222 507 325 589 173754 370 73 112 134
1093 A 1103775 929972 522 530 721 171284 228 237 153 128
1094 T 1107424 661 932897 610 660 161 171822 312 148 153
1095 T 1110968 580 938370 607 549 129 170171 206 210 146
1096 G 1110456 671 988 379 940354 155 379 112 167273 145
1097 C 1112395 752 533 939794 380 201 139 170352 109 135
1098 T 1117148 397 940363 509 357 112 175038 140 87 145
1099 T 1121190 690 937583 712 748 222 180640 203 224 168
1100 C 1123576 952 715 936457 786 272 242 183810 221 121
1101 C 1128293 1032 789 934511 731 439 228 190234 199 130
1102 A 1129431 933839 656 470 732 193106 168 152 184 124
1103 A 1126784 933064 601 460 757 191291 156 127 170 158
1104 T 1128936 602 937558 537 630 183 188981 147 149 149
1105 G 1132696 393 582 301 940875 140 197 86 190005 117
1106 A 1132223 946686 283 369 418 184040 83 77 115 152
1107 A 1133526 947846 448 216 287 184330 104 62 89 144
1108 A 1132638 943146 506 391 519 187596 142 101 111 126
1109 A 1133932 943435 525 278 540 188700 149 78 111 116
1110 T 1135521 429 945996 464 512 147 187594 111 96 172
1111 A 1135427 948426 448 372 499 185211 113 86 129 143
1112 T 1139954 490 952863 470 444 125 185195 128 96 143
1113 G 1139629 555 592 420 957633 151 249 123 179793 113
1114 G 1137192 422 574 463 957319 100 145 101 177948 120
1115 A 1138668 958100 418 429 825 178256 179 74 174 213
1116 G 1138575 433 571 512 962067 122 142 117 174469 142
1117 A 1137452 960145 491 552 591 174824 126 172 138 413
1118 C 1138174 530 455 959732 463 162 169 176436 107 120
1119 T 1143239 401 962323 653 463 146 178889 152 78 134
1120 A 1142623 962398 393 270 524 178576 99 114 107 142
1121 T 1146242 386 968485 475 407 90 176052 92 76 179
1122 G 1145637 421 754 276 970722 117 273 130 172796 148
1123 G 1142626 363 646 281 970021 182 186 77 170730 140
1124 A 1143507 970264 458 288 296 171704 124 80 131 162
1125 A 1142731 969723 336 319 373 171505 149 86 92 148
1126 T 1144337 449 968734 592 382 152 173617 126 108 177
1127 C 1146520 1025 450 969238 472 292 140 174647 124 132
1128 A 1149458 964852 488 432 807 182273 146 143 176 141
1129 A 1144117 959539 670 546 896 181852 203 111 184 116
1130 G 1140920 766 739 546 960440 163 234 182 177714 136
1131 T 1143058 711 959612 626 734 199 180423 153 177 423
1132 A 1141948 958528 710 672 785 180293 217 164 183 396
1133 C 1145021 864 837 957903 658 235 209 184033 154 128
1134 A 1150306 959502 700 723 672 187632 175 218 138 546
1135 C 1150430 646 845 959695 561 194 215 188024 127 123
1136 T 1155778 618 957695 882 586 168 195307 230 142 150
1137 T 1157471 604 955062 699 664 147 199820 162 162 151
1138 G 1155405 654 1217 483 950523 194 312 124 201761 137
1139 A 1156131 948151 847 475 626 205379 209 120 187 137
1140 A 1156533 946302 700 531 670 207537 297 135 187 174
1141 C 1156633 803 825 948616 767 251 332 204700 203 136
1142 T 1162863 747 952805 987 837 205 206545 368 221 148
1143 G 1160683 849 1788 757 954444 242 499 258 201739 107
1144 A 1160549 947404 1191 821 1221 208931 322 176 300 183
1145 G 1157946 1193 1429 839 940739 298 417 197 212718 116
1146 A 1160561 943691 1226 919 1037 212772 278 236 253 149
1147 A 1160325 946827 1012 634 1070 209901 249 158 342 132
1148 G 1156060 1019 1574 662 946727 277 424 169 205086 122
1149 C 1156057 1598 1431 951009 1046 403 399 199741 275 155
1150 A 1159126 950418 1146 908 1681 203887 339 198 404 145
1151 G 1155184 995 1337 741 951336 272 331 198 199842 132
1152 G 1153220 1043 937 909 950885 261 250 192 198631 112
1153 T 1154650 608 947124 688 561 280 203462 175 197 1555
1154 A 1152301 949360 674 670 620 200178 211 182 163 243
1155 C 1152935 899 806 949877 766 243 236 199776 193 139
1156 T 1159110 496 951854 861 671 151 204520 225 181 151
1157 G 1158209 609 1219 510 954691 178 356 137 200385 124
1158 G 1154428 566 786 529 951728 158 216 147 200187 111
1159 G 1149417 946 963 788 950667 228 215 206 195263 141
1160 C 1149792 1244 831 945769 899 293 236 200096 267 157
1161 C 1154062 907 675 946545 873 305 246 204161 213 137
1162 A 1154919 942264 496 400 422 210722 202 134 98 181
1163 T 1153942 512 936940 437 332 230 215135 122 89 145
1164 A 1161340 939828 461 207 831 219370 216 60 232 135
1165 A 1159697 940770 1024 761 1546 214495 360 196 411 134
1166 G 1158798 1084 1452 779 934247 297 461 213 220121 144
1167 G 1160117 1188 1295 813 933069 387 396 218 222612 139
1168 A 1158866 933950 1124 643 1371 220527 289 202 393 367
1169 C 1159674 1002 1063 931983 1321 270 303 223286 307 139
1170 C 1165027 1375 1109 932732 1215 410 299 227453 299 135
1171 A 1170155 938048 1486 1014 1826 226507 396 286 460 132
1172 G 1169481 1341 1613 959 936801 447 464 278 227458 120
1173 A 1170794 938407 1132 985 1306 227853 379 260 343 129
1174 A 1172014 940253 1167 1262 1936 226080 353 317 485 161
1175 G 1170593 1394 1272 1308 943722 433 366 392 221603 103
1176 T 1174458 1534 947343 1326 1541 481 219597 404 460 1772
1177 G 1169295 825 1147 608 952767 220 534 131 212944 119
1178 G 1166872 722 1764 721 954586 231 487 180 208056 125
1179 A 1166295 956137 589 838 1325 206356 255 238 372 185
1180 G 1162960 899 1287 842 955605 334 480 184 203205 124
1181 G 1157879 992 1143 816 957437 322 315 202 196528 124
1182 A 1156696 954126 854 791 1199 198771 246 218 337 154
1183 A 1157743 951646 1693 1826 2202 198782 428 425 594 147
1184 A 1155834 952069 1742 1820 2309 196219 445 463 571 196
1185 C 1157063 1729 1948 955321 2135 555 539 194136 541 159
1186 A 1155962 956574 1012 1159 1332 193291 289 392 345 1568
1187 C 1155978 1108 991 956541 1373 311 305 194850 366 133
1188 C 1160754 1275 1059 955319 1343 465 316 200515 333 129
1189 A 1163482 953502 1040 1076 1462 205312 310 283 377 120
1190 A 1161467 952415 968 882 1476 204610 339 227 398 152
1191 T 1159325 1037 958160 1029 1361 298 196538 307 316 279
1192 C 1162379 1990 1734 948205 1006 668 527 207834 289 126
1193 A 1166869 944002 1580 1444 1340 217198 455 390 330 130
1194 A 1167515 944115 1627 1700 988 217664 479 523 246 173
1195 C 1170421 2275 2342 939231 1893 701 631 222715 529 104
1196 A 1179665 933564 2382 2819 1897 236779 705 814 563 142
1197 G 1177246 2166 3518 2578 932848 690 960 713 233632 141
1198 A 1176169 939092 1821 1520 1873 230197 575 366 568 157
1199 G 1166192 1649 2356 1635 938577 489 714 376 220232 164
1200 G 1160610 1898 2115 1264 940576 507 503 300 213323 124
1201 G 1156488 2170 2200 2016 940318 543 603 560 207946 132
1202 C 1161310 2541 2311 945705 1645 719 622 207134 432 201
1203 A 1172253 949334 1903 2041 1720 215587 564 557 390 157
1204 T 1170757 2196 948107 2035 1557 595 215175 531 397 164
1205 C 1173980 2465 2111 942620 1652 709 587 223289 431 116
1206 T 1181269 2155 942303 2871 1471 658 230534 755 350 172
1207 G 1171957 1770 3943 1876 944157 471 1067 500 218039 134
1208 C 1173332 2240 2427 951062 1431 534 964 214074 457 143
1209 G 1172770 1950 2460 1790 952196 496 831 547 212361 139
1210 G 1170626 1765 2426 1530 956504 443 569 351 206906 132
1211 G 1166478 2427 2824 1693 965920 601 601 440 191808 164
1212 C 1169210 2597 2506 966789 1434 494 640 194178 429 143
1213 C 1179213 2642 2534 966583 2366 630 680 203129 488 161
1214 A 1186235 963548 2584 2348 2159 213678 611 610 556 141
1215 A 1189233 962693 2711 2209 1952 217830 652 543 496 147
1216 A 1192642 960615 2778 2061 1846 223349 792 533 499 169
1217 T 1197817 2233 962778 2498 1540 690 226756 702 429 191
1218 C 1201252 2801 2665 974206 1710 826 805 217715 388 136
1219 A 1200982 974664 1833 1596 2060 219223 524 414 538 130
1220 G 1198455 1638 2739 1856 978851 413 707 508 211606 137
1221 C 1198457 2170 2270 980431 1418 601 567 210430 430 140
1222 A 1196316 980112 1853 1257 1702 209947 539 326 415 165
1223 T 1198893 1820 983055 1505 1462 590 209602 361 323 175
1224 A 1202575 987951 2062 1583 1287 208171 519 439 303 260
1225 C 1206686 1689 1920 984563 1696 592 528 215093 464 141
1226 A 1213455 982005 1932 1771 1652 224560 536 452 409 138
1227 A 1215207 984382 1947 1511 1816 223684 569 419 514 365
1228 C 1218522 925 906 994332 1254 290 273 220037 375 130
1229 C 1221776 1108 1229 1000689 1144 285 320 216510 348 143
1230 T 1229113 996 999707 1152 1167 393 224940 293 301 164
1231 A 1234215 1002223 451 318 532 229569 180 120 264 558
1232 C 1237924 547 619 1002683 435 305 223 232818 149 145
1233 G 1248956 560 202 379 1008270 170 234 145 238809 187
1234 T 1253548 722 1007789 828 757 224 242554 213 211 250
1235 T 1257653 758 1006209 789 873 223 248155 232 246 168
1236 C 1258004 1086 864 1008541 634 261 233 246060 185 140
1237 T 1264107 1130 1009747 1330 1337 442 249200 354 364 203
1238 C 1268029 1846 1182 1013115 1508 551 396 248915 372 144
1239 A 1269521 1014890 969 1158 1759 249520 308 325 428 164
1240 G 1260831 877 1105 1049 1019150 274 318 249 237666 143
1241 T 1262144 1047 1028236 1119 960 310 229440 313 240 479
1242 A 1264755 1034843 1093 944 1127 225559 427 227 276 259
1243 C 1267224 920 927 1037324 685 272 266 226475 201 154
1244 A 1270523 1036322 856 774 925 230772 292 191 221 170
1245 G 1268039 662 1471 828 1039411 318 376 205 224623 145
1246 A 1269247 1034779 978 821 1091 230530 319 170 400 159
1247 G 1267209 935 1194 817 1032843 282 366 208 230417 147
1248 A 1266937 1040375 1051 884 1000 222670 281 203 318 155
1249 A 1266323 1046422 829 942 928 216280 279 202 248 193
1250 A 1264558 1046747 921 659 1043 214217 283 287 228 173
1251 T 1265509 794 1048284 884 957 269 213497 249 345 230
1252 C 1269079 855 825 1051511 759 231 460 214133 185 120
1253 T 1274022 679 1055332 1007 756 304 215238 319 164 223
1254 C 1275589 1273 608 1056365 854 311 224 215454 331 169
1255 C 1277780 1326 702 1049545 939 345 212 224191 369 151
1256 C 1281940 1707 845 1053016 862 500 322 224326 228 134
1257 T 1284120 743 1056206 1225 916 279 223992 415 187 157
1258 T 1283045 582 1061973 725 567 219 218413 200 206 160
1259 T 1279923 659 1065263 638 738 170 211966 163 174 152
1260 T 1281442 464 1064775 847 847 165 213731 223 212 178
1261 G 1272910 790 1371 911 1066578 229 458 227 202178 168
1262 A 1270990 1067498 833 1051 1356 199229 244 253 310 216
1263 C 1273545 972 1280 1068686 889 358 329 200651 209 171
1264 A 1277402 1065375 1404 1620 1800 205865 425 339 408 166
1265 G 1272515 1279 1872 1593 1065089 345 459 317 201393 168
1266 A 1272578 1067881 1491 1549 1559 198940 374 313 326 145
1267 A 1270206 1065573 1290 1229 1024 200130 266 255 243 196
1268 C 1268483 1271 1259 1067391 920 344 337 196580 217 164
1269 A 1270220 1068303 1231 1006 1118 197625 331 220 219 167
1270 A 1265633 1069391 1075 1066 922 192126 252 280 231 290
1271 C 1263944 939 1085 1072243 1006 261 241 187836 194 139
1272 C 1264483 1319 1141 1072681 716 358 241 187752 164 111
1273 A 1261988 1073743 1241 872 965 184359 302 178 183 145
1274 T 1258022 1165 1070319 963 899 233 183908 174 194 167
1275 T 1254032 1078 1073016 1029 747 264 177417 199 119 163
1276 A 1248750 1069340 1480 1095 679 175402 303 193 115 143
1277 T 1244899 1128 1066837 1211 864 226 174038 236 177 182
1278 G 1240369 1152 1256 1023 1067842 226 286 186 168227 171
1279 G 1236304 1426 1572 1100 1068446 251 297 199 162890 123
1280 C 1231435 1861 1594 1059236 1106 357 316 166588 218 159
1281 A 1226340 1056571 1034 1044 1263 165689 184 186 229 140
1282 G 1216095 1172 1565 811 1050259 237 304 167 161423 157
1283 C 1209115 1480 876 1045861 793 358 160 159242 173 172
1284 A 1205677 1048019 844 817 866 154475 188 154 147 167
1285 T 1199715 1278 1038689 935 1195 256 156805 161 231 165
1286 T 1194941 1205 1035013 1008 1054 251 155831 213 203 163
1287 C 1191743 1735 1326 1030694 1033 412 261 155865 246 171
1288 A 1188238 1024442 1718 1062 1586 158478 314 177 288 173
1289 A 1180989 1017634 1660 1339 1439 157920 364 234 262 137
1290 T 1175501 1660 1011048 1482 1408 352 158889 234 254 174
1291 G 1167729 1150 2158 1113 1003356 223 424 155 158986 164
1292 G 1161602 1157 1896 1110 996892 220 368 184 159649 126
1293 G 1153446 1401 1705 1192 988784 282 388 187 159358 149
1294 A 1147023 980319 1598 1764 1783 160321 371 321 352 194
1295 A 1138276 975070 1809 1650 1657 156899 368 295 362 166
1296 T 1131752 1845 969198 1888 1026 390 156686 310 215 194
1297 A 1124978 964539 1476 1174 1120 155650 350 225 238 206
1298 C 1116689 1247 1568 959073 1133 333 304 152614 213 204
1299 A 1110854 957149 1083 1247 1745 148720 248 219 283 160
1300 G 1103288 855 1976 892 949677 214 324 142 149081 127
1301 A 1096767 941346 977 862 1037 151678 246 138 216 267
1302 G 1087107 910 1749 656 934546 164 321 185 148465 111
1303 G 1078084 667 1688 813 931578 171 248 109 142670 140
1304 G 1068137 744 1187 765 923492 156 185 107 141356 145
1305 G 1057121 722 1300 720 914050 187 198 106 139713 125
1306 A 1049679 902336 1175 1433 1542 142136 224 212 343 278
1307 G 1040177 1417 1644 1253 892781 274 293 215 142143 157
1308 A 1033422 884230 1386 1283 1130 144516 245 216 228 188
1309 A 1023788 873387 1545 1376 1167 145376 306 244 234 153
1310 C 1014542 1599 1598 863345 1131 359 317 145767 245 181
1311 A 1007391 856831 1550 1095 1142 145919 352 193 206 103
1312 T 999170 1361 849364 1375 1096 274 145117 232 180 171
1313 C 990444 1642 1595 841898 1132 337 279 143229 206 126
1314 T 985537 1451 836825 1504 1198 318 143624 241 215 161
1315 G 975432 1131 1773 1245 830009 255 335 206 140370 108
1316 A 965056 823723 1224 1273 1333 136619 263 194 278 149
1317 C 956677 1213 1394 815683 925 356 263 136546 187 110
1318 A 949876 803686 1850 1689 1575 139979 436 260 277 124
1319 T 938587 1647 792715 1804 1516 271 139978 252 290 114
1320 G 926076 1675 3041 1602 783071 328 513 349 135392 105
1321 A 916338 780250 671 700 1037 133057 124 157 206 136
1322 G 905401 862 1155 604 769161 185 200 151 133005 78
1323 G 896914 700 982 444 761609 281 182 78 132541 97
1324 A 887469 751041 610 714 654 132373 190 168 169 1550
1325 C 877325 481 632 744333 630 154 180 130667 127 121
1326 C 870640 810 804 734895 470 239 219 132905 186 112
1327 G 863554 748 888 542 726237 285 273 107 134377 97
1328 A 855567 719095 538 464 790 134179 123 87 182 109
1329 A 847797 713610 690 206 749 132062 153 40 199 88
1330 A 840525 705558 643 739 583 132327 200 170 214 91
1331 T 832446 615 696732 823 596 176 133013 211 152 128
1332 C 823840 893 626 688082 667 295 164 132827 182 104
1333 A 814344 678661 1059 757 957 132119 295 142 256 98
1334 T 803410 958 667864 849 757 280 132264 180 156 102
1335 A 796504 658030 880 831 1058 135001 204 200 229 71
1336 A 788091 645433 718 658 943 139696 181 146 235 81
1337 G 777089 623 1046 664 633916 163 239 135 140245 58
1338 G 767429 518 891 729 626355 166 199 141 138356 74
1339 A 757274 616835 850 900 1015 136831 240 183 289 131
1340 T 748384 751 605313 886 1004 203 139614 214 295 104
1341 G 736449 714 1122 771 595712 240 315 197 137321 57
1342 A 724926 585664 642 537 741 136648 258 140 207 89
1343 T 715950 479 580387 504 725 141 133285 131 208 90
1344 G 706917 596 826 495 572110 176 248 146 132254 66
1345 G 695538 452 581 416 559034 182 223 99 134504 47
1346 A 686150 548881 470 365 567 135355 115 161 156 80
1347 A 677262 539995 388 404 461 135520 108 143 167 76
1348 A 669844 529821 414 393 525 138121 139 150 230 51
1349 G 660534 387 367 442 520012 115 173 157 138821 60
1350 T 650957 294 510526 445 438 199 138044 166 238 607
1351 G 636774 658 876 422 496756 213 247 189 137367 46
1352 C 620716 670 962 484479 574 277 274 133226 200 54
1353 A 612582 475714 514 382 790 134589 154 138 248 53
1354 A 601535 463420 361 300 633 136322 133 86 223 57
1355 G 588202 373 513 319 455276 162 162 94 131264 39
1356 A 579271 449970 415 374 420 127538 137 140 139 138
1357 C 567275 188 192 438980 283 78 91 127308 113 42
1358 C 559635 335 218 423516 211 265 95 134858 99 38
1359 A 551757 408492 239 135 356 142137 141 42 177 38
1360 G 539937 155 371 161 401603 132 120 57 137290 48
1361 A 528321 394079 219 183 207 133373 72 61 85 42
1362 A 515831 377497 181 212 189 137456 70 84 89 53
1363 G 503121 438 759 586 364416 229 292 230 136136 35
1364 A 493134 351349 610 519 608 139239 288 216 266 39
1365 T 485092 473 334234 519 529 245 148546 241 264 41
1366 G 475134 607 675 732 319860 332 334 392 152173 29
1367 T 466542 611 306717 844 564 388 156464 436 433 85
1368 G 460308 524 676 683 298378 375 440 425 158781 26
1369 T 452280 485 292186 594 598 331 157241 388 416 41
1370 C 448214 538 639 285929 613 382 457 159205 420 31
1371 T 448906 480 282697 510 631 502 163331 306 419 30
1372 T 600010 1112 366430 767 919 808 228827 506 605 36
1373 T 590992 1097 367818 1041 804 737 218026 783 609 77
1374 C 589106 1324 747 368103 1019 877 744 215698 564 30
1375 C 597871 1224 760 366513 846 1259 473 226269 488 39
1376 A 590712 365232 1036 965 1437 219322 746 1014 907 53
1377 G 580414 891 1352 834 365551 901 1080 504 209271 30
1378 G 578684 714 926 644 364087 474 759 455 210594 31
1379 G 571078 927 1115 832 359102 640 686 544 207162 70
1380 G 560821 953 1472 933 354805 626 867 759 200380 26
1381 C 562255 1312 1092 349994 1109 689 1382 205550 1031 96
1382 G 564491 1139 1560 995 348683 737 1244 947 209158 28
1383 G 557777 1082 1658 883 347350 605 1160 535 204472 32
1384 G 557795 1181 1517 1240 347113 633 1205 606 204240 60
1385 G 553517 1147 1074 1312 349349 814 757 672 198273 119
1386 A 557350 345072 1099 1146 1158 190968 606 709 8478 8114
1387 G 558254 684 582 715 356306 694 680 568 197984 41
1388 T 564542 258 328487 937 275 825 187742 855 17038 28125
1389 C 574849 806 472 365528 227 775 723 205795 461 62
1390 T 582368 1389 375296 772 1371 799 201591 439 603 108
1391 T 584838 1278 371961 1135 940 699 207685 692 411 37
1392 C 591672 1361 1230 372868 1102 801 1238 212251 577 244
1393 G 600640 1049 1207 632 379262 981 1326 718 215023 442
1394 A 604462 383117 725 674 862 216705 671 630 771 307
1395 G 610864 704 1181 614 385472 629 1085 610 220506 63
1396 C 620837 1456 1172 394797 1155 967 792 219494 852 152
1397 T 635493 1267 407417 1100 1238 775 221705 832 791 368
1398 C 643874 1584 1258 407196 1225 994 949 229856 753 59
1399 T 654507 594 411655 492 111 485 240375 489 109 197
1400 C 662901 896 761 410097 531 673 1043 248382 463 55
1401 G 669611 575 583 400 417190 581 768 599 248791 124
1402 G 673528 521 629 198 423544 398 485 285 247433 35
1403 A 679236 429935 339 266 563 245275 289 274 1108 1187
1404 C 687973 487 502 443357 443 703 559 241488 366 68
1405 G 695846 511 321 290 453045 498 317 397 240425 42
1406 A 702821 461171 290 177 240 239953 197 154 569 70
1407 A 709678 470616 241 247 215 237694 166 183 274 42
1408 A 715570 482162 483 360 279 231534 310 236 158 48
1409 A 717941 489162 451 502 766 225874 360 307 427 92
1410 G 717358 594 642 365 492416 2369 449 192 211809 8522
1411 G 715359 861 930 682 511683 454 490 380 199845 34
1412 C 718329 1121 1000 527540 734 520 508 186311 426 169
1413 A 723369 537255 843 398 1035 182528 407 225 495 183
1414 G 720848 642 1179 384 550365 267 463 203 167304 41
1415 C 722081 844 1208 561068 177 332 533 157695 134 90
1416 G 729539 665 1354 574 571603 266 516 231 154275 55
1417 A 730127 580097 481 665 422 147427 199 205 209 422
1418 G 729069 643 943 526 588111 244 293 180 138063 66
1419 C 729955 773 875 599837 476 218 217 127269 197 93
1420 C 731890 547 584 612452 305 143 163 117566 72 58
1421 C 733996 905 556 620879 279 270 188 110778 81 60
1422 G 731121 658 492 328 626856 181 121 182 101160 1143
1423 A 728887 634416 734 376 430 92378 167 106 95 185
1424 T 727099 662 638593 458 449 205 86167 82 91 392
1425 C 724968 805 842 638862 351 171 149 83646 53 89
1426 G 721449 1479 1417 933 638534 250 211 151 78394 80
1427 T 719225 1130 643762 1083 965 190 70457 152 146 1340
1428 G 716546 1587 1726 859 652075 178 213 89 59760 59
1429 C 714154 1456 1050 653325 817 151 117 57049 102 87
1430 C 712602 1334 1214 656632 796 143 104 52116 79 184
1431 T 711820 1106 666839 1081 765 148 41494 110 44 233
1432 T 709470 1199 669379 968 773 93 36819 72 62 105
1433 C 706813 1397 1340 669905 665 100 119 33151 53 83
1434 C 705377 1514 1371 671262 679 127 117 30092 39 176
1435 T 704025 1015 675818 1193 802 82 24898 74 35 108
1436 T 701731 969 678021 856 713 35 20991 37 46 63
1437 T 699093 886 676462 730 705 28 20076 26 41 139
1438 G 696724 571 783 505 671643 30 713 34 18321 4124
1439 A 694629 674628 549 531 560 18113 27 49 27 145
1440 C 693029 587 514 673582 440 37 18 17664 31 156
1441 A 692143 672682 556 463 447 17854 27 8 18 88
1442 T 690670 380 671620 588 407 14 17351 13 27 270
1443 G 689515 515 1704 397 670122 34 41 13 16625 64
1444 A 687765 670492 449 289 571 15738 11 4 29 182
1445 G 686025 459 460 314 669632 15 13 13 15071 48
1446 T 684576 277 664114 413 347 24 14202 9 212 4978
1447 A 682925 668453 365 235 315 13469 16 5 8 59
1448 A 680965 667785 339 241 332 12159 15 8 8 78
1449 T 679544 344 666774 299 178 14 11709 9 6 211
1450 G 678875 432 821 471 665439 12 12 2 11649 37
1451 A 677621 664842 535 503 464 11171 3 5 12 86
1452 A 676392 664018 502 418 426 10891 7 4 9 117
1453 G 675329 445 664 379 663470 49 12 6 10226 78
1454 G 674331 355 566 372 663005 18 7 13 9956 39
1455 A 673209 662102 448 314 420 9397 15 39 10 464
1456 T 672382 419 661779 576 380 57 9040 17 6 108
1457 C 671455 560 548 661081 373 18 13 8725 21 116
1458 T 671019 543 660823 429 373 24 8701 13 51 62
1459 T 670211 595 660052 657 550 49 8245 20 6 37
1460 A 669190 659804 573 356 532 7676 47 7 9 186
1461 T 668504 581 659548 514 498 7 7229 45 9 73
1462 T 667848 592 659337 496 419 17 6881 5 38 63
1463 T 667239 520 658822 606 487 19 6690 10 27 58
1464 C 666413 705 616 657501 522 15 65 6116 20 853
1465 T 665838 643 657590 699 624 15 5982 24 4 257
1466 T 665066 732 657423 579 631 4 5503 8 3 183
1467 C 664206 1052 776 656602 662 23 16 4895 5 175
1468 G 663740 766 1082 659 656336 26 7 11 4716 137
1469 G 663143 659 1184 647 656174 9 12 7 4414 37
1470 A 662532 655984 709 567 867 4089 15 4 10 287
1471 G 662096 573 732 339 656510 9 6 3 3877 47
1472 A 661162 656017 505 476 511 3528 0 6 5 114
1473 C 660184 540 611 655183 472 8 8 3285 7 70
1474 A 659231 654540 461 459 595 3102 3 8 5 58
1475 A 657664 653158 551 430 582 2855 8 4 3 73
1476 T 655739 525 651275 457 518 10 2686 5 4 259
1477 G 654141 638 899 475 649556 6 7 5 2509 46
1478 C 652964 939 807 648376 439 11 6 2300 4 82
1479 A 651803 647814 516 426 604 2142 4 1 4 292
1480 G 649819 557 1196 420 645656 6 7 4 1937 36
1481 A 647294 643511 568 533 751 1850 1 2 6 72
1482 G 644880 664 923 469 640987 3 2 2 1777 53
1483 G 642353 616 1155 480 638329 3 4 1 1709 56
1484 A 638467 634527 686 636 875 1567 2 3 2 169
1485 G 635899 741 711 454 632449 12 1 2 1486 43
1486 T 634141 474 616468 539 575 7 1419 1 70 14588
1487 A 632969 629627 546 422 789 1472 1 2 10 100
1488 C 629729 580 708 626246 648 8 1 1437 2 99
1489 G 625355 533 755 318 622265 10 6 2 1416 50
1490 A 623363 620188 521 383 689 1465 3 5 4 105
1491 C 619728 517 481 616598 495 17 5 1453 35 127
1492 A 615174 610645 1004 763 911 1606 4 2 17 222
1493 A 611521 607030 1013 780 907 1695 8 1 31 56
1494 T 608510 853 603975 771 864 20 1828 31 5 163