# amino-acid counts among definitively called codons
# POSITION TOTAL_COUNTS WT N_A N_C N_D N_E N_F N_G N_H N_I N_K N_L N_M N_N N_P N_Q N_R N_S N_T N_V N_W N_Y N_STOP
1 1153571 M 0 0 0 0 0 0 0 708 101 89 1152298 0 0 0 4 0 151 220 0 0 0
2 1158406 A 1149885 122 158 1450 181 360 250 200 147 503 5 126 802 204 565 1599 475 989 71 141 173
3 1160140 S 347 153 140 143 317 3 261 328 218 579 95 350 665 263 420 1154454 491 22 65 408 418
4 1161519 Q 287 185 121 213 115 330 388 322 1653 625 87 240 517 1153262 1234 553 512 267 94 217 297
5 1163706 G 321 609 459 89 164 1157304 224 233 140 482 24 193 536 108 487 591 346 812 163 212 209
6 1164540 T 398 173 171 150 168 417 207 389 118 569 43 248 592 202 503 695 1158733 275 76 168 245
7 1167546 K 377 206 231 270 215 449 174 388 1160389 738 88 320 464 271 613 655 422 422 117 276 461
8 1171396 R 228 104 173 167 167 441 207 269 279 826 85 195 421 410 1165378 458 337 353 22 175 701
9 1175196 S 430 219 192 187 295 438 302 367 149 640 99 214 885 168 531 1168283 666 340 107 436 248
10 1178393 Y 452 467 231 215 263 384 409 398 242 738 122 322 511 156 711 753 578 420 100 1170338 583
11 1183402 E 343 126 200 1176786 201 588 51 388 466 455 69 170 431 113 433 493 446 378 64 158 1043
12 1189801 Q 228 96 87 170 122 283 601 164 306 473 62 130 318 1184891 458 262 269 165 67 107 542
13 1196926 M 309 256 108 132 115 282 184 924 184 556 1191050 112 332 176 366 439 461 482 115 139 204
14 1194173 E 186 86 573 1188166 153 968 112 182 207 476 24 81 430 206 305 385 217 486 84 97 749
15 1187203 T 461 90 134 85 55 271 242 276 148 385 56 309 395 175 322 555 1182624 266 86 143 125
16 1176106 D 354 168 1168975 283 185 805 283 280 133 471 60 456 435 193 394 432 340 548 77 1011 223
17 1151372 G 487 232 186 252 278 1142541 280 371 171 775 78 221 670 241 868 616 517 1181 135 309 963
18 1140289 E 407 185 192 1132995 235 503 349 223 583 541 78 156 745 287 585 515 441 300 71 254 644
19 1109952 R 301 609 72 63 90 438 845 139 168 1835 42 147 511 170 1103020 564 343 238 36 140 181
20 1077293 Q 328 129 123 152 146 283 733 239 668 626 40 125 489 1070510 1060 368 398 319 73 127 357
21 1035290 N 366 70 242 120 106 181 239 239 168 501 49 1030559 388 118 428 524 273 229 93 251 146
22 977307 A 971027 103 709 142 151 270 146 151 72 373 25 109 477 130 338 1239 735 788 89 101 132
23 951414 T 511 123 124 118 150 312 204 337 173 521 68 305 621 154 478 654 945760 368 53 156 224
24 912001 E 273 251 234 905215 308 389 153 344 368 642 70 200 424 153 420 629 415 417 62 297 737
25 862518 I 260 115 116 95 263 203 147 858185 130 481 118 173 328 108 319 383 416 352 65 101 160
26 831854 R 114 97 94 80 148 667 114 880 222 294 11 156 196 103 827655 270 251 72 51 118 261
27 798960 A 794955 75 45 616 83 279 91 79 98 262 45 84 192 86 241 680 288 515 26 61 159
28 778681 S 239 111 88 81 193 155 113 145 82 253 15 95 346 71 231 775423 338 155 35 405 107
29 756423 V 325 80 179 87 218 276 51 406 98 335 24 117 207 113 311 205 130 752961 30 112 158
30 727493 G 161 66 54 227 95 724059 54 94 64 203 43 87 144 58 704 209 137 422 60 51 501
31 706903 K 87 36 70 183 88 160 136 180 704194 256 27 177 174 95 270 174 176 197 12 51 160
32 668712 M 221 74 84 148 58 182 110 579 154 324 664832 118 208 130 268 309 301 281 50 95 186
33 643092 I 145 73 47 82 111 169 119 640382 112 266 57 155 158 66 252 236 203 209 35 94 121
34 644395 G 185 360 149 81 40 641713 75 110 105 206 24 111 99 64 234 254 166 200 34 65 120
35 460647 G 113 24 48 99 30 458808 26 34 52 110 21 52 92 40 260 94 82 284 16 40 322
36 482627 I 58 7 52 30 46 30 36 481480 44 140 10 76 81 60 131 74 114 107 0 33 18
37 496358 G 100 25 17 69 14 494965 29 43 32 59 7 43 61 16 216 95 61 232 1 20 253
38 514359 R 71 22 21 39 17 60 61 73 48 347 11 35 187 185 512714 88 102 28 0 20 230
39 530975 F 153 88 81 68 528092 218 84 159 71 545 30 76 183 54 233 268 175 111 53 118 115
40 552183 Y 143 260 51 73 101 162 217 114 107 215 44 123 121 13 193 151 145 166 52 549524 208
41 572333 I 60 54 38 111 118 111 118 569961 92 201 40 136 183 69 196 209 239 207 27 66 97
42 595973 Q 184 71 48 126 98 165 142 127 352 307 28 103 256 592756 336 264 212 123 27 60 188
43 618382 M 123 73 67 52 83 134 83 380 109 306 615529 99 177 56 220 181 250 216 50 103 91
44 647584 C 130 644237 49 54 643 132 90 72 52 143 34 52 159 57 301 270 116 95 80 346 472
45 669430 T 215 38 50 23 56 121 47 225 78 102 20 134 161 46 133 214 667588 63 18 50 48
46 692265 E 146 45 175 689122 86 239 78 124 437 205 29 90 156 97 118 213 140 198 50 59 458
47 715084 L 116 40 37 75 227 98 143 156 80 712667 12 63 491 58 285 155 108 121 24 54 74
48 734786 K 136 64 71 279 107 173 92 127 732022 229 32 170 126 85 321 188 142 115 37 104 166
49 745007 L 264 113 124 80 160 261 253 203 120 740990 39 165 470 198 384 300 389 208 30 101 155
50 760749 S 253 193 124 110 174 626 176 318 175 429 104 242 363 171 635 755350 368 331 103 151 353
51 778840 D 214 82 775201 145 162 303 149 164 79 234 59 174 120 81 237 207 183 318 61 542 125
52 796790 Y 174 174 81 84 125 245 189 234 81 314 49 157 243 58 283 301 264 144 66 793305 219
53 824450 E 175 79 871 818813 31 676 72 171 186 217 46 96 167 154 186 230 204 329 54 72 1621
54 839939 G 180 80 50 312 34 836027 122 133 86 233 47 129 294 107 456 249 238 438 0 81 643
55 848227 R 133 108 60 54 86 246 150 114 92 710 64 125 321 374 844229 251 251 169 472 106 112
56 856350 L 235 144 85 93 318 272 100 150 90 852741 109 68 358 96 248 461 209 209 34 130 200
57 868256 I 231 93 74 65 198 161 144 864746 90 281 80 232 255 87 270 323 414 289 26 98 99
58 878616 Q 218 135 86 119 138 244 177 147 364 432 35 106 564 874122 414 335 247 245 67 123 298
59 876459 N 282 149 214 118 193 231 119 323 292 361 41 872025 166 100 292 503 316 256 40 194 244
60 880857 S 119 139 44 36 73 277 66 907 56 202 53 176 169 65 773 877197 170 128 32 79 96
61 883998 L 192 92 101 46 231 137 129 182 95 881159 41 81 184 67 246 259 140 207 35 141 233
62 896151 T 282 109 61 62 76 187 128 261 238 234 37 115 390 128 381 394 892693 146 32 63 134
63 910601 I 156 67 82 104 84 151 81 907525 115 267 467 53 178 80 182 248 281 216 41 112 111
64 923319 E 194 71 605 918530 123 447 125 149 208 294 45 97 227 146 248 345 253 261 37 95 819
65 923381 R 190 55 73 114 112 263 48 564 254 368 27 81 250 97 919795 263 259 201 37 117 213
66 924748 M 10 54 20 43 34 55 48 615 140 209 922560 57 90 22 98 141 209 201 34 49 59
67 914266 V 178 36 25 124 6 189 4 8 18 237 135 3 23 5 44 60 9 913099 24 4 35
68 916268 L 131 62 42 54 256 102 128 678 87 913328 30 98 428 78 200 157 123 117 26 69 74
69 910457 S 237 106 113 86 184 175 109 130 76 283 24 114 505 96 260 906509 300 161 58 767 164
70 901248 A 897803 67 511 75 57 171 64 67 45 123 20 56 121 51 99 972 530 230 34 81 71
71 893426 F 174 78 56 101 890544 172 110 184 78 370 37 69 137 93 259 303 161 216 36 115 133
72 885678 D 113 76 882693 195 70 412 154 73 38 150 12 154 211 87 137 118 128 260 24 458 115
73 887346 E 156 36 161 884366 43 310 85 96 299 199 15 52 123 119 138 178 132 211 35 68 524
74 904853 R 74 38 41 24 44 376 42 59 205 108 513 20 125 23 902094 664 132 80 73 45 73
75 904804 R 82 79 12 47 29 316 75 307 227 171 20 27 176 31 902630 162 106 94 8 55 150
76 905020 N 93 43 153 59 46 137 61 124 162 167 20 902941 122 69 123 243 150 75 48 109 75
77 901135 K 148 63 32 296 53 92 81 150 898561 198 26 118 170 118 258 198 171 120 22 59 201
78 911403 Y 167 322 59 83 111 193 213 120 81 251 65 213 181 86 240 247 183 130 31 908181 246
79 917916 L 169 132 116 89 150 166 181 519 91 914272 36 119 443 104 298 308 238 242 4 108 131
80 906120 E 333 114 259 900398 155 435 183 190 265 525 45 168 267 203 428 463 309 420 61 227 672
81 904694 E 262 124 196 899847 113 413 161 192 270 316 51 145 298 261 371 332 279 384 75 126 478
82 905151 H 166 90 115 71 46 277 901755 112 137 336 40 169 245 175 338 223 256 187 41 205 167
83 905079 P 255 164 122 81 79 164 659 181 125 462 84 162 900440 122 349 423 666 233 41 152 115
84 918952 S 185 125 79 60 98 452 103 284 106 266 9 217 175 41 444 915607 202 141 71 119 168
85 920111 A 915106 94 87 668 72 191 97 100 73 151 22 41 218 83 144 1815 263 733 27 42 84
86 919707 G 183 98 89 409 77 915094 84 99 52 324 39 58 155 68 514 221 126 779 1007 114 117
87 923368 K 189 99 62 316 101 317 71 195 919744 247 20 299 203 79 502 271 206 159 63 62 163
88 930875 D 278 174 925604 206 169 399 251 215 124 564 80 226 398 163 380 425 251 363 59 300 246
89 932667 P 506 171 204 127 173 474 466 278 265 736 94 248 925727 233 655 674 636 396 111 188 305
90 935055 K 363 200 200 301 188 622 221 298 928477 610 146 380 208 198 606 578 329 390 147 260 333
91 931255 K 317 99 150 251 143 309 196 255 926470 477 78 196 314 163 432 398 329 238 34 141 265
92 923585 T 214 58 40 47 41 116 71 133 87 183 16 186 229 65 191 263 921396 117 20 53 59
93 925892 G 203 48 101 164 78 922551 59 93 70 153 19 98 116 51 456 246 145 509 46 107 579
94 923516 G 169 52 40 155 51 920796 61 72 46 157 30 68 125 61 421 170 108 408 23 56 447
95 917169 P 121 68 36 20 39 97 513 50 43 212 5 60 915099 55 147 209 204 75 16 36 64
96 913483 I 132 106 55 101 49 163 83 910214 198 418 122 115 115 125 330 237 310 252 67 135 156
97 908617 Y 151 208 72 76 146 120 166 98 75 188 36 126 200 69 149 230 196 110 36 905889 276
98 906913 R 125 77 66 41 85 577 112 100 152 230 554 102 259 87 902911 824 239 104 108 78 82
99 898500 R 143 57 32 51 65 347 114 1223 170 253 37 83 473 60 894468 250 253 124 46 73 178
100 889216 V 239 65 35 139 77 159 88 394 70 362 19 74 397 68 135 147 163 886471 12 36 66
101 892556 N 50 41 130 34 26 125 55 121 198 127 22 890750 216 18 76 204 170 61 15 77 40
102 887774 G 115 50 40 101 62 885118 92 77 34 131 13 40 204 48 416 127 142 365 29 44 526
103 892321 K 98 46 31 155 43 85 97 101 889706 193 60 221 311 95 405 183 210 88 10 63 120
104 885282 W 127 517 38 49 54 114 91 103 99 607 19 75 309 80 228 190 152 88 881917 68 357
105 878746 M 105 43 21 21 36 83 92 1277 154 301 875237 87 250 64 182 130 289 254 16 54 50
106 871344 R 64 17 22 38 36 371 69 538 149 134 12 49 270 40 868966 146 188 35 23 30 147
107 867146 E 33 9 97 865994 9 220 12 5 193 26 12 17 19 34 27 28 15 72 5 14 305
108 866736 L 37 22 14 7 112 66 128 93 18 865463 4 20 327 24 94 88 73 67 23 30 26
109 856094 I 69 21 17 14 77 75 43 854713 26 78 46 105 122 56 61 93 162 193 11 31 81
110 842010 L 23 14 12 10 68 50 34 473 9 840956 7 13 118 6 24 25 40 39 4 20 65
111 833946 Y 65 143 25 10 75 41 168 41 26 40 2 56 104 12 62 88 75 47 6 832715 145
112 817944 D 96 50 815323 210 33 348 100 81 53 154 20 189 160 45 126 162 173 233 14 320 54
113 803178 K 128 33 39 140 53 96 68 113 801179 169 18 124 152 38 219 182 174 67 13 60 113
114 804541 E 95 51 84 802558 57 163 39 76 140 155 16 47 143 78 77 173 127 167 30 37 228
115 800792 E 158 65 103 798223 56 220 73 77 215 142 10 61 187 137 162 198 143 163 18 47 334
116 790819 I 187 90 87 42 119 173 129 787324 156 297 335 106 315 129 276 251 311 290 17 78 107
117 792967 R 157 78 65 63 79 401 82 149 190 244 360 103 195 77 789324 667 288 137 92 74 142
118 793446 R 99 61 37 25 32 176 79 69 33 577 14 48 320 320 790902 113 158 65 13 36 269
119 789441 I 85 25 38 46 71 148 41 787568 66 146 90 134 118 46 109 141 199 197 9 45 119
120 792552 W 119 833 57 69 20 252 54 78 35 475 30 19 170 48 502 187 147 148 788993 61 255
121 791270 R 171 410 51 62 62 226 527 58 72 1108 19 74 345 74 786397 1125 214 78 52 72 73
122 790144 Q 315 122 122 219 123 390 235 297 419 312 65 158 586 784591 608 418 338 230 55 180 361
123 790028 A 783868 149 974 159 92 654 115 168 138 370 65 177 507 137 416 753 474 408 105 97 202
124 799832 N 174 98 213 163 148 373 148 257 207 372 55 795484 333 124 240 448 252 223 110 189 221
125 805263 N 225 137 305 189 141 258 216 409 291 495 90 799273 429 223 466 666 427 383 94 260 286
126 797415 G 498 425 303 215 152 790808 231 335 287 443 84 251 309 230 641 634 491 479 120 191 288
127 800194 D 273 92 794111 307 186 425 274 256 194 548 80 316 404 188 437 399 371 459 46 545 283
128 800884 D 208 121 796188 244 147 358 173 235 190 326 43 358 307 71 273 272 287 279 65 578 161
129 815087 A 808626 79 108 793 88 237 173 244 168 341 38 167 489 119 305 890 753 1171 40 114 144
130 821726 T 409 56 67 136 104 232 166 164 289 395 350 212 471 196 391 408 817087 170 90 110 223
131 821331 A 814697 165 1272 151 145 375 114 215 208 368 53 134 370 155 442 966 611 392 73 154 271
132 813621 G 359 452 200 113 83 809280 146 118 89 231 47 141 336 112 366 527 274 414 64 107 162
133 816293 L 223 98 105 96 100 296 187 171 122 811952 377 175 739 153 372 257 231 242 79 150 168
134 814394 T 498 93 144 151 195 285 141 386 194 425 72 349 409 130 364 521 809271 289 63 124 290
135 825459 H 213 139 211 153 155 235 818692 272 217 598 67 1543 456 275 465 519 343 304 57 332 213
136 836308 M 243 180 163 124 262 409 147 949 315 640 829400 219 351 143 482 559 517 554 64 260 327
137 848391 M 184 112 89 91 114 122 149 448 241 391 844511 120 212 93 322 198 280 373 63 142 136
138 846856 I 125 54 86 44 166 119 99 844081 146 200 54 172 262 64 187 223 270 228 18 105 153
139 855663 W 70 690 35 77 27 153 23 70 105 433 33 58 107 58 720 184 92 71 852128 54 475
140 860089 H 121 79 137 99 82 179 856188 157 104 326 49 783 214 126 361 209 197 190 27 317 144
141 866934 S 180 135 120 106 205 151 37 167 84 172 31 93 411 41 168 863751 271 164 37 466 144
142 865919 N 136 74 205 60 90 148 98 204 133 248 43 863252 170 66 158 274 142 114 38 137 129
143 867865 L 69 37 38 81 632 93 29 120 79 865233 59 74 130 28 177 375 168 119 37 103 184
144 869571 N 92 48 349 31 78 82 76 183 223 211 23 866693 114 72 165 452 212 117 17 211 122
145 863408 D 53 118 860139 192 72 299 104 97 75 244 37 166 196 60 260 251 121 299 61 461 103
146 862419 A 859154 33 45 760 24 135 34 70 34 124 15 62 185 32 142 502 443 518 2 48 57
147 863179 T 292 49 84 61 39 151 98 197 93 222 32 175 309 74 318 268 860395 114 28 74 106
148 860445 Y 145 139 84 76 137 136 297 133 87 249 50 86 318 61 222 228 219 95 16 857498 169
149 864472 Q 141 60 57 86 69 221 1124 57 479 297 40 63 209 859987 802 150 144 113 35 64 274
150 852392 R 165 38 73 63 65 471 69 129 294 182 467 95 208 78 848959 501 198 129 97 49 62
151 844405 T 470 91 106 105 137 208 115 261 227 392 73 146 518 131 325 471 839977 221 75 160 196
152 850285 R 321 112 166 148 150 508 154 638 211 484 67 196 514 136 844999 406 364 268 71 140 232
153 859650 A 855466 99 725 85 73 206 126 114 63 252 44 98 270 118 227 796 372 268 27 81 140
154 860201 L 215 76 76 97 218 190 204 686 123 855995 83 118 386 176 344 310 214 326 57 111 196
155 857481 V 329 117 201 129 233 401 125 245 168 437 51 191 387 194 442 366 344 852569 131 127 294
156 855239 R 460 522 164 124 136 302 847 182 181 1025 54 160 455 177 848500 935 364 279 91 138 143
157 858618 T 544 180 166 113 131 328 161 376 138 293 56 220 280 90 426 511 854000 245 34 140 186
158 851784 G 392 102 182 282 173 845680 145 178 166 366 74 187 446 171 1006 333 281 718 40 140 722
159 853707 M 123 152 81 222 167 240 176 936 322 539 847563 200 470 89 540 487 399 377 60 228 336
160 868985 D 408 201 861987 351 166 513 206 310 273 506 95 386 539 180 472 607 506 408 117 382 372
161 870310 P 270 130 133 198 113 363 484 224 256 569 81 201 865030 80 357 394 583 280 74 237 253
162 876905 R 328 228 197 269 196 824 181 380 496 803 615 313 473 226 868711 938 449 430 212 285 351
163 886784 M 196 128 150 204 170 355 123 636 331 533 881111 195 181 169 549 344 386 437 89 152 345
164 883495 C 152 877717 141 139 700 330 88 191 117 291 64 126 285 113 485 494 255 221 135 743 708
165 881895 S 282 153 105 166 210 321 84 202 200 392 57 157 411 161 320 876742 340 292 61 964 275
166 884952 L 124 125 101 86 105 145 128 262 245 879920 824 228 523 238 324 483 261 314 54 199 263
167 895005 M 192 169 54 113 119 257 119 1504 240 536 888715 133 255 146 513 474 501 371 108 153 333
168 899748 Q 259 113 123 182 127 252 278 194 971 431 58 167 391 894200 654 312 326 171 78 99 362
169 895067 G 226 448 286 125 91 891208 92 150 139 270 62 115 162 93 318 436 186 362 64 96 138
170 903522 S 229 141 105 159 90 206 146 159 123 572 32 127 592 114 353 898976 260 209 71 109 749
171 905570 T 192 46 17 4 68 25 90 224 22 266 77 137 292 84 269 359 903244 19 30 49 56
172 907132 L 158 140 66 58 229 262 219 1189 86 902060 74 188 583 117 408 444 265 286 54 94 152
173 906236 P 412 181 219 232 222 485 1104 383 238 679 131 277 898251 182 631 706 912 378 75 207 331
174 913115 R 111 216 168 161 190 584 142 273 242 555 594 167 363 147 906930 919 410 409 105 183 246
175 912946 R 147 91 49 66 77 460 127 181 288 295 465 110 321 103 908925 395 294 145 123 113 171
176 916254 S 200 161 84 112 166 184 167 163 108 319 30 113 703 102 286 912177 348 153 62 411 205
177 932314 G 195 162 172 217 122 926650 216 221 145 428 79 200 326 154 793 374 159 859 41 193 608
178 944878 A 937629 232 663 119 153 451 120 318 147 328 83 206 329 159 352 1742 613 681 72 217 264
179 960149 A 953884 92 108 1646 82 172 84 231 131 222 63 83 311 68 247 1117 1016 315 65 105 107
180 955699 G 394 657 302 157 145 950304 211 199 171 343 23 135 380 132 480 411 302 467 129 163 194
181 953827 A 946633 198 732 156 138 485 192 184 169 505 66 196 302 138 546 1331 793 608 93 150 212
182 961905 A 954678 108 127 845 121 442 112 203 128 408 46 135 289 104 498 1166 1071 1103 65 112 144
183 962391 V 275 111 131 106 242 341 89 272 92 404 41 96 387 116 379 307 196 958510 74 101 121
184 979811 K 300 104 114 266 187 416 136 324 974602 459 56 436 340 157 396 358 286 319 67 201 287
185 986095 G 285 169 119 210 189 980239 124 186 128 379 35 155 237 159 598 395 256 1235 85 153 759
186 993199 V 377 77 127 107 215 336 101 377 122 377 47 60 374 98 277 334 261 989275 41 96 120
187 998249 G 266 73 77 234 74 994004 104 176 89 268 26 65 184 125 510 222 197 745 57 72 681
188 1000753 T 370 125 76 56 92 203 148 291 204 209 61 116 380 140 329 372 997176 150 34 80 141
189 1012474 M 199 105 72 94 79 286 107 834 199 460 1007714 117 268 99 380 319 334 339 132 178 159
190 1011240 V 379 117 48 237 85 256 96 103 72 357 159 62 269 70 211 212 134 1008113 63 74 123
191 1014035 M 153 89 73 26 78 122 94 847 184 464 1010046 81 289 73 317 241 385 239 38 63 133
192 1015375 E 98 32 144 1012634 58 301 66 51 161 179 33 39 129 137 217 205 105 205 43 43 495
193 1015682 L 154 110 66 53 573 171 79 79 72 1012528 116 68 366 56 180 359 162 143 78 108 161
194 1017214 V 456 101 238 88 242 292 157 197 67 384 23 49 497 135 377 270 182 1013258 40 75 86
195 1009309 R 341 171 135 103 226 570 146 639 170 486 65 83 372 144 1004008 515 302 262 82 136 353
196 1006604 M 157 85 78 73 71 260 81 446 106 357 1003199 38 145 93 283 238 252 325 65 97 155
197 1004770 I 154 76 56 67 195 213 79 1001640 54 246 110 203 220 56 273 295 274 354 24 61 120
198 998317 K 154 84 48 252 77 200 44 91 995792 196 18 149 63 46 309 232 128 162 45 96 131
199 992141 R 284 366 79 54 64 325 368 133 67 486 56 40 377 79 988146 507 198 172 80 139 121
200 996612 G 230 115 72 164 88 992639 58 104 38 199 11 48 147 82 413 201 98 530 1228 57 90
201 984005 I 221 101 115 92 194 267 76 980797 62 274 93 130 185 66 258 251 225 308 48 93 149
202 975070 N 188 64 463 81 87 294 129 212 181 234 40 971397 246 60 265 446 163 186 63 146 125
203 972450 D 570 188 965461 360 168 717 228 237 186 506 98 275 488 163 541 579 387 552 112 399 235
204 966759 R 590 258 195 228 215 725 217 256 171 1262 132 150 427 549 958984 547 350 501 588 164 250
205 954625 N 485 169 304 164 215 383 253 275 256 607 64 948319 569 149 417 629 406 390 99 256 216
206 937118 F 317 195 148 107 932004 374 167 175 87 955 49 66 445 152 441 519 222 312 96 134 153
207 916774 W 424 1354 143 191 163 591 153 138 119 978 77 91 607 141 937 414 295 353 909081 118 406
208 903765 R 373 132 81 89 110 799 159 136 225 351 910 37 411 117 897397 1417 306 281 183 75 176
209 890934 G 413 628 300 136 108 886164 119 93 49 345 43 46 436 89 537 565 169 390 79 90 135
210 891306 E 399 136 472 885493 101 885 90 121 280 316 25 98 281 112 451 338 222 390 73 96 927
211 886043 N 254 70 228 72 83 225 147 194 128 436 44 882056 487 93 375 431 229 193 82 100 116
212 886273 G 460 135 123 195 122 881166 109 127 78 350 25 90 330 98 710 452 270 677 93 86 577
213 876643 R 314 115 48 82 99 406 187 96 60 805 28 97 671 519 871608 328 276 293 80 102 429
214 860802 K 268 176 122 243 120 546 167 182 855206 461 77 207 477 165 675 468 354 356 152 193 187
215 852874 T 201 39 59 30 30 140 64 121 110 104 13 56 231 34 204 208 851057 71 19 37 46
216 845080 R 110 51 31 18 45 343 49 290 76 150 23 44 104 18 843268 149 90 78 32 19 92
217 838452 I 163 61 40 38 64 174 48 836174 33 240 42 91 191 55 283 151 220 212 45 33 94
218 836438 A 834032 46 412 32 21 172 36 35 21 77 23 23 172 13 99 701 196 236 21 47 23
219 845097 Y 45 136 73 53 77 103 139 62 95 106 27 38 55 20 127 139 62 113 36 843468 123
220 849657 E 16 2 54 848656 5 166 10 4 134 13 2 6 18 50 12 16 8 87 0 4 394
221 855294 R 27 16 18 16 31 205 7 256 127 69 17 19 23 9 854176 79 67 35 6 24 67
222 845421 M 35 19 11 13 36 69 17 262 56 147 844068 21 72 40 96 65 147 154 20 41 32
223 841119 C 57 838743 22 10 525 135 16 25 7 65 2 11 34 7 227 195 41 81 80 302 534
224 843478 N 59 28 140 13 25 44 13 96 143 86 8 842204 74 17 64 193 63 62 22 87 37
225 848958 I 36 43 27 38 84 88 29 847713 32 77 33 53 49 28 72 89 139 171 32 65 60
226 856559 L 65 25 25 13 136 123 132 286 22 855124 4 22 298 38 61 45 31 68 7 20 14
227 856625 K 128 67 64 227 61 122 55 159 854296 181 36 144 119 41 245 147 129 117 44 78 165
228 852775 G 204 75 60 206 59 849275 99 76 34 153 35 47 196 73 365 152 127 557 881 41 60
229 860396 K 123 93 79 276 60 191 51 104 857664 236 34 114 200 50 393 175 152 148 77 52 124
230 866820 F 137 82 46 67 864430 195 63 154 40 340 25 66 181 58 214 288 95 137 23 109 70
231 872306 Q 179 51 68 106 75 155 237 91 452 235 17 68 241 868753 873 165 174 91 18 73 184
232 878719 T 295 79 95 43 60 212 57 154 78 227 33 150 212 47 301 306 876048 144 16 79 83
233 880879 A 876203 105 726 48 80 296 93 83 46 278 30 43 277 60 314 1208 339 475 27 52 96
234 880281 A 876109 61 69 759 38 249 48 58 30 220 25 40 238 56 156 773 760 445 16 55 76
235 882635 Q 164 80 73 84 83 209 156 64 167 306 23 43 203 879829 360 204 112 134 75 39 227
236 884605 K 64 82 92 176 100 166 91 162 881735 247 36 134 213 99 330 238 224 141 33 111 131
237 887850 A 883298 129 97 707 83 281 123 120 45 278 14 77 281 62 334 688 346 614 59 87 127
238 888190 M 119 131 74 51 123 194 82 715 132 388 884180 61 235 100 309 345 301 343 61 95 151
239 884522 M 235 97 104 110 126 211 78 695 188 404 880045 108 233 72 338 391 284 464 77 79 183
240 877285 D 436 199 871060 326 246 628 208 232 118 507 50 249 447 177 498 525 331 424 62 375 187
241 876321 Q 339 154 193 165 164 324 300 249 297 573 76 169 353 870328 903 432 415 347 68 166 306
242 869103 V 556 154 189 218 176 501 190 222 113 750 166 109 685 145 667 462 317 863001 100 113 269
243 870694 R 367 208 160 116 201 614 292 948 277 535 85 133 601 169 863925 687 414 322 108 207 325
244 853199 E 466 171 882 845919 125 890 213 173 364 433 76 94 501 218 558 370 245 450 88 147 816
245 838567 S 384 211 122 119 135 667 158 1384 136 467 106 269 593 155 1073 831470 378 320 111 121 188
246 826214 R 339 138 95 130 91 463 176 175 88 868 45 95 483 684 820878 314 249 252 348 107 196
247 812877 N 324 145 210 148 134 304 122 209 190 453 33 808110 409 130 429 527 331 289 47 152 181
248 793701 P 272 165 127 117 167 229 219 254 191 648 101 181 788017 904 478 395 527 304 60 198 147
249 773165 G 110 171 76 206 147 767538 156 162 133 397 77 106 372 158 616 294 248 745 1008 212 233
250 759269 N 197 138 237 104 117 289 83 223 179 418 71 755326 185 67 296 452 216 234 74 196 167
251 751038 A 745184 78 752 182 159 391 124 164 169 374 57 106 234 118 419 802 773 594 73 126 159
252 738136 E 169 72 182 733593 64 291 101 90 184 262 60 77 216 134 274 299 172 267 22 93 1514
253 722614 F 243 85 85 87 718986 274 108 103 81 770 25 46 294 91 331 308 148 260 50 123 116
254 700885 E 124 74 103 698062 62 545 47 80 195 150 20 35 84 90 275 132 83 211 85 29 399
255 675662 D 146 105 672929 87 76 346 115 58 41 194 18 112 207 54 279 239 97 266 67 163 63
256 650266 L 308 196 100 94 235 364 213 180 60 646045 53 73 638 94 347 422 182 319 73 82 188
257 628930 T 308 90 72 46 95 261 87 135 63 206 30 91 380 76 197 285 626081 176 62 77 112
258 612470 F 232 99 92 61 608938 400 41 182 85 423 45 76 236 72 306 379 157 235 92 116 203
259 598931 L 167 98 93 75 86 264 62 272 54 595997 45 77 299 132 267 223 178 258 66 74 144
260 581786 A 579244 56 48 437 37 237 55 67 20 101 36 17 128 35 148 548 287 179 41 22 43
261 562479 R 87 51 14 22 35 141 22 42 34 353 19 22 85 232 560781 77 69 78 243 25 47
262 541353 S 130 78 54 56 91 151 44 36 24 169 27 41 227 42 135 539460 120 132 34 221 81
263 508564 A 504886 77 102 427 58 269 45 64 73 186 40 48 129 64 248 590 515 519 38 74 112
264 486647 L 278 148 75 86 267 246 177 216 86 483070 45 67 317 107 354 288 197 314 97 104 108
265 457436 I 210 102 53 49 74 189 125 453970 122 411 128 111 261 107 331 292 263 332 83 80 143
266 434396 L 151 114 82 132 531 399 80 74 90 430821 79 93 178 64 351 355 154 250 118 78 202
267 413282 R 92 18 81 69 135 290 87 441 164 288 34 99 176 53 410323 283 167 241 14 108 119
268 399472 G 23 76 44 125 45 397357 55 37 40 149 38 46 120 60 311 143 108 289 318 34 54
269 372918 S 132 47 53 60 69 136 86 66 68 290 19 65 150 42 167 370753 164 115 82 83 271
270 347322 V 212 79 96 98 145 204 82 236 72 303 33 87 153 66 282 181 143 344594 38 57 161
271 327904 A 322935 156 264 176 140 295 155 230 97 411 54 116 303 137 319 688 527 452 77 134 238
272 315164 H 330 135 179 164 220 195 309418 292 203 485 109 533 381 199 557 500 401 341 93 177 252
273 292325 K 339 214 171 317 191 488 59 316 286998 516 119 223 177 84 270 515 288 430 110 219 281
274 276609 S 112 157 107 75 247 110 65 208 111 312 43 153 200 27 171 273578 203 213 63 280 174
275 267430 C 180 263002 93 113 393 363 97 194 135 423 86 55 305 111 362 371 143 298 107 187 412
276 258918 L 141 108 48 19 54 149 56 67 64 256940 163 38 161 96 215 150 59 156 74 55 105
277 254383 P 108 56 64 40 86 168 153 112 55 184 17 59 252317 14 94 322 294 140 11 59 30
278 251417 A 247828 55 287 73 119 331 86 87 90 202 24 95 236 62 294 609 267 401 59 89 123
279 246277 C 124 242748 80 96 173 205 109 94 70 388 48 62 270 68 600 325 152 182 83 174 226
280 257010 V 268 110 87 113 75 249 68 79 47 349 107 58 167 48 179 240 198 254210 107 104 147
281 273278 Y 182 299 114 185 239 616 171 147 97 545 69 90 201 82 492 272 105 354 162 268554 302
282 271929 G 649 401 280 347 247 263927 184 267 313 628 154 221 425 271 899 656 371 589 219 216 665
283 321244 P 537 226 193 200 222 612 424 230 229 584 68 157 314489 108 657 792 425 510 133 131 317
284 347618 A 340883 115 531 159 78 377 52 151 180 457 115 88 431 118 484 1537 716 568 152 117 309
285 360633 V 429 185 119 275 248 447 145 378 118 796 73 125 353 128 518 445 113 355167 106 171 294
286 375035 A 373225 68 271 41 34 214 4 22 9 91 9 35 29 17 141 257 46 216 52 91 163
287 389538 S 29 91 12 18 29 146 24 70 11 153 10 66 84 26 222 388326 61 25 59 29 47
288 406051 G 108 58 38 101 87 403761 46 61 55 186 41 59 76 48 225 186 64 299 392 56 104
289 433303 Y 147 164 127 123 177 300 226 160 81 244 48 104 177 51 233 259 166 240 71 429993 212
290 461696 D 122 94 458881 143 96 240 108 152 89 197 30 177 154 53 240 204 141 247 38 202 88
291 487210 F 156 70 96 88 484255 427 70 134 77 365 31 92 142 73 273 269 160 182 48 93 109
292 517147 E 151 94 113 513979 95 409 54 115 160 235 36 95 188 94 218 230 187 167 54 81 392
293 532217 R 88 66 60 63 67 436 45 100 220 109 571 62 121 64 529134 494 159 118 96 57 87
294 544389 E 153 109 608 540619 99 420 80 94 145 212 23 53 217 100 149 193 131 189 32 76 687
295 570897 G 128 60 52 218 65 568430 60 70 36 206 24 53 159 77 279 109 107 332 30 42 360
296 598625 Y 72 176 29 32 86 72 129 59 26 92 20 108 85 43 88 77 64 50 16 597144 157
297 624971 S 132 88 53 82 134 163 74 147 85 241 70 80 303 54 182 621803 203 151 28 778 120
298 657056 L 234 144 110 90 106 235 164 779 109 653020 28 107 293 227 300 293 208 284 50 128 147
299 670854 V 223 89 142 90 143 279 57 162 41 228 50 77 60 36 214 189 110 668488 49 44 83
300 684416 G 184 26 118 145 52 681675 71 105 60 150 13 52 93 46 443 186 101 458 7 39 392
301 701763 I 135 74 40 29 49 123 64 699613 55 263 267 24 124 31 145 86 152 227 43 98 121
302 732983 D 154 60 730477 226 63 264 106 36 66 126 29 157 176 55 174 177 83 179 32 243 100
303 760392 P 85 36 48 40 61 180 754 55 22 139 11 32 757965 15 109 194 462 77 36 39 32
304 784984 F 144 108 80 66 781409 188 109 171 107 857 29 105 205 82 253 377 131 184 49 183 147
305 808579 R 245 185 107 138 206 744 165 536 198 534 61 99 393 136 803315 475 330 269 1 157 285
306 823478 L 143 111 55 86 106 176 131 148 74 820185 148 66 483 149 372 254 189 228 132 85 157
307 847648 L 216 139 73 116 293 308 264 666 109 842872 60 110 536 143 405 383 262 319 45 166 163
308 872642 Q 132 132 109 153 190 131 189 286 714 468 51 167 262 867799 469 379 233 204 79 159 336
309 888390 N 325 126 249 109 176 331 221 319 363 493 94 882899 357 89 301 679 406 301 69 263 220
310 908614 S 214 218 77 99 142 398 108 1341 86 390 50 659 257 77 972 902761 214 196 58 138 159
311 917405 Q 153 116 106 165 126 202 213 179 399 656 61 151 453 912712 457 322 195 186 93 135 325
312 931297 V 364 117 127 213 159 376 163 222 120 713 172 135 377 113 402 373 274 926471 87 111 208
313 947810 Y 196 362 129 140 279 204 357 122 97 316 86 213 277 100 306 395 204 252 131 943291 353
314 962571 S 212 223 120 84 97 635 98 938 115 262 52 276 153 75 1056 957530 213 196 30 67 139
315 967951 L 266 81 98 125 133 434 162 519 125 963176 71 142 642 207 474 326 161 350 73 131 255
316 974127 I 197 112 118 111 139 394 124 970142 144 322 86 185 251 86 333 360 317 347 78 102 179
317 980961 R 208 138 146 137 113 894 148 595 317 460 89 160 213 140 975646 449 336 339 55 116 262
318 974220 P 284 140 122 140 123 311 153 182 174 545 92 144 969264 600 436 488 390 244 46 115 227
319 976037 N 300 174 204 171 200 456 175 314 300 535 73 970088 380 203 492 678 360 315 132 223 264
320 978278 E 279 95 532 971983 176 900 102 161 282 381 45 149 218 196 409 385 223 463 127 120 1052
321 966783 N 124 92 192 121 103 267 91 214 246 269 52 963120 212 103 280 404 255 194 71 174 199
322 963875 P 263 129 115 134 115 224 108 152 130 498 42 123 959352 475 364 361 638 228 65 161 198
323 962503 A 956365 141 135 989 84 472 97 199 119 383 64 146 294 109 363 1062 505 617 71 112 176
324 959119 H 192 134 158 102 111 258 955082 218 101 493 31 177 203 214 451 352 180 136 62 328 136
325 944828 K 113 84 86 346 105 196 43 153 940985 157 141 949 109 51 590 148 160 171 17 94 130
326 935378 S 127 98 63 109 57 318 67 218 144 205 29 311 183 97 320 932538 226 137 7 48 76
327 924394 Q 43 43 38 91 35 122 139 66 424 158 16 47 79 922175 387 137 68 31 23 61 211
328 912826 L 273 165 108 177 151 545 133 228 179 907612 191 130 365 260 614 430 282 409 144 146 284
329 918909 V 296 117 73 182 161 418 113 170 97 522 137 85 302 79 439 307 227 914762 96 140 186
330 923409 W 230 652 105 138 107 397 103 172 130 714 47 134 264 43 470 408 218 157 918351 146 423
331 908195 M 350 247 135 212 193 412 296 861 292 619 900295 308 750 160 539 596 699 632 113 204 282
332 909280 A 900911 205 175 871 152 369 212 324 149 566 88 161 710 209 481 1121 1119 851 123 190 293
333 911782 C 261 905639 49 76 844 328 62 174 125 502 34 130 266 117 682 502 267 241 155 580 748
334 898837 H 201 100 193 159 178 158 893827 202 135 450 84 423 390 202 599 286 222 383 75 304 266
335 887830 S 246 212 143 144 305 301 53 243 124 380 48 102 130 107 379 883576 253 338 89 462 195
336 880244 A 875127 76 518 79 56 229 84 95 64 154 10 91 256 61 249 1451 790 660 42 77 75
337 869942 A 865002 110 56 934 57 267 72 77 76 204 22 60 281 117 247 1076 688 320 51 81 144
338 867638 F 138 88 60 89 864756 291 69 150 67 439 37 67 159 58 283 319 103 210 33 117 105
339 869061 E 212 58 262 864857 135 731 58 92 133 274 49 93 196 117 266 216 150 359 71 101 631
340 860271 D 193 83 857301 138 65 298 119 94 65 202 25 143 278 89 243 245 153 227 49 180 81
341 858386 L 154 54 72 91 102 247 166 286 97 855078 56 91 493 134 350 227 214 293 31 58 92
342 864836 R 180 87 84 120 50 420 70 887 158 235 50 116 173 96 861090 270 273 222 45 66 144
343 868287 V 139 34 34 97 30 65 36 182 33 227 6 40 67 30 113 70 61 866901 9 53 60
344 870785 L 119 48 70 64 211 257 94 204 33 868402 22 54 162 41 203 254 111 152 54 49 181
345 861017 S 102 113 33 27 51 262 66 694 50 161 41 142 100 47 796 857858 163 153 29 49 80
346 858966 F 120 96 44 95 856144 143 41 140 71 772 18 47 175 50 191 342 85 127 35 117 113
347 853977 I 164 92 60 36 127 153 107 851131 76 259 93 194 135 73 296 317 301 170 34 59 100
348 848829 K 261 108 114 287 79 90 144 218 844967 218 57 324 298 141 391 380 206 179 48 100 219
349 856219 G 174 39 83 250 74 852552 49 82 52 179 26 57 192 69 368 165 99 694 840 68 107
350 858090 T 488 74 74 116 97 277 71 92 183 324 312 62 377 110 330 264 854418 168 55 68 130
351 857372 K 240 110 96 220 108 389 81 122 852687 325 158 544 199 97 711 362 274 243 77 112 217
352 850555 V 279 96 99 151 101 320 102 148 67 328 229 91 171 66 325 232 152 847332 56 58 152
353 864337 L 243 101 65 124 580 297 147 703 111 859552 109 98 568 150 389 256 229 257 83 95 180
354 868346 P 396 156 266 185 212 504 179 218 147 531 56 222 861298 1038 604 564 860 339 54 244 273
355 870682 R 303 186 122 134 146 521 107 1283 202 333 69 120 191 126 865584 298 303 180 68 143 263
356 884971 G 205 161 121 267 125 879709 102 247 122 387 63 94 152 117 602 289 163 838 915 102 190
357 870907 K 174 143 79 322 145 389 45 182 865949 338 106 842 304 152 519 288 198 253 93 124 262
358 875003 L 175 107 61 65 166 298 103 718 85 871622 43 49 302 58 314 212 122 250 47 93 113
359 883325 S 144 73 35 60 183 94 29 74 66 184 34 51 237 38 138 881102 168 148 8 380 79
360 896127 T 288 99 58 123 65 222 63 153 90 201 49 205 214 101 317 408 893042 191 43 71 124
361 888932 R 308 120 88 147 87 416 63 1064 146 251 49 68 155 74 884527 366 288 310 68 80 257
362 896324 G 195 64 54 129 39 893071 98 96 55 124 41 61 175 44 324 137 119 885 47 37 529
363 902697 V 320 90 120 88 204 340 75 270 55 262 11 61 138 44 168 180 86 900006 44 53 82
364 910321 Q 82 31 51 105 7 124 151 106 570 217 27 54 142 907766 291 69 162 89 25 32 220
365 917196 I 101 62 43 86 118 297 68 914814 63 162 36 145 161 66 179 130 268 183 19 109 86
366 926176 A 923285 40 411 45 23 138 56 66 53 97 40 23 132 33 116 758 397 297 17 61 88
367 922552 S 163 129 92 72 185 207 70 92 71 181 51 44 280 52 230 919558 254 190 49 422 160
368 922071 N 107 72 229 54 76 195 92 173 142 163 46 919514 78 57 191 285 139 130 100 108 120
369 929840 E 106 19 123 927968 42 246 26 42 184 46 6 48 95 79 84 122 59 140 7 36 362
370 927344 N 25 51 168 61 58 168 97 195 116 144 31 925320 80 53 145 185 97 90 19 122 119
371 934500 M 70 49 43 60 20 122 43 504 144 240 932168 60 95 53 153 145 208 194 24 39 66
372 944643 E 137 48 331 941976 24 581 90 40 129 132 24 61 109 89 116 119 86 188 19 46 298
373 946191 T 271 47 62 39 49 111 42 114 49 160 29 149 181 58 175 278 944119 96 18 46 98
374 952073 M 68 31 37 49 28 129 29 662 111 200 949702 26 36 51 139 127 292 235 29 16 76
375 953667 E 83 12 115 951793 66 205 23 85 125 75 10 63 100 66 44 44 62 212 13 30 441
376 952682 S 89 53 40 45 49 112 79 59 44 225 22 57 236 52 169 950340 167 87 30 82 645
377 945416 S 150 161 106 107 93 396 58 252 112 215 48 195 101 57 410 942488 168 115 46 56 82
378 939196 T 245 72 68 63 96 214 112 354 196 161 25 102 236 83 281 209 936235 187 21 104 132
379 940384 L 123 86 68 50 208 172 141 208 68 937725 60 48 410 72 187 221 158 135 44 92 108
380 933529 E 112 71 167 930392 124 276 58 128 201 279 20 59 104 115 123 184 124 283 43 64 602
381 934972 L 148 74 79 79 87 233 103 141 82 931844 168 75 479 130 352 264 147 215 60 116 96
382 933712 R 97 127 99 101 215 588 85 361 339 475 54 181 227 96 929260 373 317 312 37 97 271
383 933009 S 176 130 79 91 142 489 87 800 71 306 81 289 134 59 1227 927966 208 212 57 179 226
384 933172 R 151 93 69 132 94 1053 116 196 171 319 463 113 163 93 928494 416 207 238 239 131 221
385 931697 Y 121 144 55 83 127 110 183 72 94 223 50 99 164 66 230 223 173 187 60 928958 275
386 932035 W 146 515 38 56 39 298 104 38 71 980 15 41 110 66 562 188 111 124 928175 29 329
387 930785 A 926363 10 705 111 17 456 60 91 85 172 20 73 320 79 288 794 474 508 33 30 96
388 922806 I 66 27 73 46 42 41 43 920621 125 237 457 43 98 53 165 94 195 189 28 36 127
389 922841 R 220 123 152 152 147 763 80 182 275 318 543 112 123 85 917941 642 276 236 177 90 204
390 917099 T 360 139 97 172 131 423 72 286 102 268 65 203 119 103 345 483 913022 291 99 123 196
391 928016 R 285 135 130 183 167 848 140 555 220 454 71 182 188 68 922781 320 229 341 107 173 439
392 927275 S 405 167 127 235 100 745 148 335 119 331 87 239 317 175 700 921830 304 385 118 142 266
393 935460 G 266 89 118 151 58 931107 56 90 99 240 33 56 137 61 526 274 120 1301 65 88 525
394 939597 G 262 118 113 296 103 935378 91 105 106 286 52 69 196 89 537 296 152 574 94 82 598
395 935669 N 431 240 299 256 196 704 205 359 427 566 107 928125 557 182 672 737 442 469 137 267 291
396 938024 T 384 135 137 134 79 385 140 281 149 263 73 183 381 144 477 455 933589 265 105 73 192
397 941912 N 245 123 292 179 90 401 134 179 195 298 75 937398 249 156 488 354 216 314 125 166 235
398 932929 Q 230 177 111 157 233 231 332 308 680 703 52 235 472 926571 613 506 361 254 43 205 455
399 925209 Q 505 225 254 217 321 363 1411 457 419 965 102 280 1092 914916 970 754 580 497 64 355 462
400 925020 R 371 228 131 168 232 793 167 307 379 598 799 193 386 133 917677 908 444 376 191 213 326
401 933687 A 925043 193 161 799 224 424 260 323 261 607 123 246 633 204 631 1131 769 975 75 335 270
402 931896 S 383 269 214 183 395 330 251 434 266 750 91 286 717 202 558 924290 618 416 92 709 442
403 935812 A 925836 198 87 857 226 340 199 228 163 610 96 184 635 261 515 2888 702 1214 72 239 262
404 947534 G 491 707 1022 148 351 938925 183 384 204 647 51 168 321 173 645 755 391 1323 57 255 333
405 961889 Q 619 270 350 234 373 533 374 514 641 939 130 288 659 952209 766 824 528 596 126 345 571
406 947491 I 442 241 170 183 552 489 309 939142 167 984 171 374 699 273 300 854 661 524 96 479 381
407 960850 S 384 311 235 140 288 767 153 1173 135 628 91 520 425 129 1247 952808 437 492 106 151 230
408 968114 I 331 215 230 159 225 379 189 961685 266 646 299 252 221 120 525 576 521 575 80 322 298
409 970400 Q 404 218 235 234 221 367 311 329 249 804 110 167 527 963280 669 616 426 430 44 202 557
410 977405 P 252 86 95 110 94 425 465 249 78 399 99 76 973212 97 402 392 250 351 75 63 135
411 984122 T 204 28 32 62 22 155 24 55 227 143 314 19 112 76 145 165 982100 71 39 36 93
412 992043 F 165 122 68 118 988555 230 90 162 56 754 37 89 195 67 284 395 134 161 58 143 160
413 997946 S 269 168 160 148 122 430 114 166 148 507 60 91 632 118 479 992458 305 300 64 100 1107
414 1012615 V 441 119 107 194 102 321 122 271 165 592 39 62 216 136 307 331 188 1008545 52 110 195
415 1016964 Q 126 87 76 132 96 138 839 114 235 377 57 97 288 1012715 484 263 184 195 58 88 315
416 1014598 R 216 165 82 68 103 432 106 468 230 286 40 116 206 100 1010769 320 213 258 71 125 224
417 1029987 N 141 124 202 74 103 268 171 235 179 287 52 1026465 270 116 302 348 90 226 69 126 139
418 1037601 L 137 91 69 77 186 222 157 445 61 1034292 42 42 564 107 249 219 126 243 57 68 147
419 1037465 P 271 58 77 95 78 286 1104 143 101 364 42 104 1032849 68 329 321 748 203 70 52 102
420 1046998 F 139 104 50 80 1044344 246 110 127 60 454 38 63 141 69 222 269 139 38 80 134 91
421 1054034 D 294 135 1049367 313 106 719 168 79 45 274 35 224 302 69 258 347 208 325 69 608 89
422 1054416 R 384 193 138 124 251 782 115 630 363 574 51 160 537 129 1048236 569 361 340 85 116 278
423 1050174 T 341 114 149 92 159 165 151 343 249 458 16 124 354 130 412 467 1045737 255 53 184 221
424 1059073 T 334 122 97 79 141 178 184 325 73 345 39 187 312 98 375 521 1055123 217 56 101 166
425 1056706 I 139 150 98 152 253 201 104 1052656 144 403 52 264 243 67 310 369 338 358 50 152 203
426 1053140 M 128 103 41 32 192 122 122 703 244 538 1048219 131 305 150 348 424 421 342 103 169 303
427 1051111 A 1044828 156 71 1036 103 334 151 249 102 361 34 168 324 108 370 907 655 824 85 115 130
428 1034650 A 1029582 107 78 831 84 263 70 97 87 236 34 77 268 130 257 1059 708 411 48 114 109
429 1022142 F 206 108 159 136 1017018 302 50 366 140 1091 90 179 129 97 360 559 228 366 66 223 269
430 1006443 N 319 140 347 162 207 402 138 448 354 578 86 1000364 268 139 345 723 396 319 64 333 311
431 985773 G 317 195 142 300 169 979639 121 183 128 440 25 111 296 79 607 406 213 1057 988 127 230
432 965933 N 339 167 340 190 268 407 237 373 250 614 62 959352 509 178 542 764 374 461 50 232 224
433 951566 T 443 167 76 120 249 217 172 494 224 489 76 97 246 159 448 414 946696 240 74 193 272
434 930004 E 186 75 978 924432 121 493 58 154 174 351 65 90 225 169 268 328 180 277 58 94 1228
435 910227 G 209 62 59 302 98 905851 67 87 41 229 46 59 242 70 471 249 124 707 1071 70 113
436 884060 R 279 183 173 115 202 644 160 563 395 476 94 141 432 152 878610 354 358 284 64 148 233
437 856159 T 368 127 98 148 204 236 238 464 264 562 62 215 358 198 354 487 850840 281 133 241 281
438 833181 S 276 187 133 130 326 279 154 302 127 608 89 133 422 169 342 827913 429 241 68 546 307
439 815866 D 408 192 810271 295 161 469 283 222 129 398 45 226 266 127 407 468 237 377 73 619 193
440 786917 M 320 216 180 123 265 333 202 1686 270 632 778879 213 536 189 514 608 528 573 106 219 325
441 761285 R 131 63 59 105 63 516 59 76 254 232 580 100 179 82 757540 518 187 185 137 54 165
442 731352 T 259 97 28 43 45 179 61 196 44 230 25 113 278 54 179 303 728916 124 26 60 92
443 711532 E 147 82 111 708615 56 311 38 21 392 232 0 17 88 112 267 127 147 222 27 75 445
444 687061 I 140 66 69 39 153 128 88 684370 82 210 132 134 239 80 217 257 270 194 34 58 101
445 658828 I 197 127 89 85 140 182 112 655119 143 332 364 125 187 111 230 252 261 357 72 167 176
446 626810 R 150 84 81 56 112 441 59 111 158 226 383 76 151 64 623514 477 200 196 112 64 95
447 595333 M 183 115 90 108 80 293 76 491 123 397 591489 85 306 72 341 235 250 298 75 102 124
448 572093 M 97 120 32 61 89 232 58 515 104 268 569249 54 112 50 230 153 187 292 54 49 87
449 539206 E 101 55 82 537179 51 281 52 64 146 156 31 32 98 59 130 116 80 163 22 32 276
450 509755 S 119 79 32 19 36 228 35 84 30 110 31 153 125 30 209 508082 98 97 51 40 67
451 476652 A 473521 75 57 364 60 223 35 64 41 153 27 32 138 45 135 534 367 637 48 44 52
452 450087 R 106 59 68 32 48 300 21 200 122 118 25 23 80 19 448376 128 92 114 18 46 92
453 408068 P 84 19 21 23 19 88 11 15 21 123 10 14 407076 203 71 80 95 47 2 19 27
454 376805 E 45 41 56 375902 26 91 14 33 56 77 4 6 52 16 26 60 24 72 12 13 179
455 333533 D 121 81 331320 78 97 209 105 75 39 197 27 90 136 38 173 171 89 181 43 170 93
456 295919 V 269 61 63 121 93 162 75 97 54 264 79 63 242 64 184 235 140 293463 31 76 83
457 277081 S 134 112 50 46 114 178 64 82 61 234 33 42 160 35 189 274966 146 144 44 170 77
458 355625 F 231 98 114 136 351759 170 89 218 153 548 68 140 203 137 272 390 259 232 59 144 205
459 356616 Q 238 53 61 70 97 244 586 181 404 419 82 116 317 351806 958 258 198 219 24 94 191
460 350232 G 262 139 92 232 92 346917 80 159 87 247 42 101 216 82 179 295 142 537 36 104 191
461 342815 R 265 132 91 104 97 384 112 152 127 966 69 80 353 421 338269 319 143 234 248 88 161
462 333447 G 376 129 96 211 142 328575 135 162 103 319 80 143 357 135 653 382 245 331 80 174 619
463 321304 V 205 43 31 12 133 50 37 305 14 307 23 27 318 20 110 185 230 319115 15 55 69
464 371070 F 311 142 162 152 366362 343 145 339 176 598 105 180 191 105 188 509 267 371 44 166 214
465 374117 E 146 87 354 370360 95 352 90 132 247 288 83 148 149 129 204 296 178 101 39 141 498
466 389094 L 239 132 96 154 232 315 174 530 179 384723 74 136 390 127 403 312 227 203 56 148 244
467 402835 S 20 90 6 10 90 36 56 144 94 421 43 45 156 51 214 400462 108 33 88 94 574
468 416208 D 25 60 414398 155 37 233 38 93 32 84 22 151 36 40 127 149 90 83 37 244 74
469 449777 E 33 14 32 448461 24 88 39 71 239 106 28 40 78 44 81 42 54 57 6 24 216
470 470288 K 27 40 29 126 58 41 55 127 467992 161 41 229 162 34 600 151 176 53 2 67 117
471 507388 A 503862 57 103 400 69 238 74 154 121 309 42 67 186 116 172 480 306 362 38 74 158
472 550159 A 546684 35 44 434 78 52 31 146 49 168 34 69 220 37 37 818 291 753 11 95 73
473 577399 S 70 88 63 58 59 164 68 605 42 203 3 180 243 74 505 574636 104 48 21 59 106
474 607622 P 87 43 44 19 59 54 32 63 48 309 29 44 605314 571 96 247 299 90 38 66 70
475 630975 I 76 57 57 43 118 83 56 628909 94 236 42 128 62 47 125 184 180 150 25 121 182
476 637996 V 265 125 107 137 190 158 119 221 131 523 406 174 239 116 386 409 269 633527 79 185 230
477 652654 P 201 105 95 86 176 151 424 247 188 457 54 152 648294 117 288 460 550 262 50 131 166
478 668056 S 193 130 119 111 352 148 137 312 157 424 44 153 378 114 169 663900 328 193 34 436 224
479 675211 F 143 111 138 72 671450 155 126 267 126 636 60 114 226 133 242 338 238 287 36 128 185
480 670956 D 142 60 668309 176 79 249 120 73 82 139 13 178 134 52 173 165 121 235 24 353 79
481 672378 M 80 95 25 25 50 57 32 1430 74 303 668968 73 126 57 135 170 258 256 24 40 100
482 664921 S 48 121 50 27 51 312 27 178 31 111 21 195 75 29 202 663095 106 98 22 61 61
483 667457 N 47 41 105 23 64 47 39 83 77 90 10 666169 75 11 94 142 73 92 29 100 46
484 665241 E 139 66 123 662884 75 207 55 97 104 183 12 22 139 80 96 154 117 168 29 42 449
485 663169 G 109 64 27 115 82 661203 44 74 46 157 22 29 108 31 248 121 82 229 23 30 325
486 661944 S 90 86 53 41 144 76 89 73 45 195 27 46 215 61 115 660063 150 108 25 148 94
487 660918 Y 75 112 104 80 106 143 257 133 102 151 36 101 77 122 149 135 126 147 27 658575 160
488 659223 F 112 66 69 49 656885 97 59 141 53 463 33 56 91 61 180 329 155 91 28 98 107
489 658652 F 122 58 67 70 655635 157 73 159 103 666 49 77 152 79 238 246 122 204 57 151 167
490 657941 G 184 57 55 122 121 654454 75 117 87 294 23 85 188 53 474 186 124 626 45 111 460
491 656643 D 109 54 654298 162 66 239 74 117 61 100 27 127 111 77 89 175 135 195 40 301 86
492 652642 N 96 63 192 53 55 137 69 160 120 179 40 650447 114 74 171 239 136 115 39 85 58
493 649232 A 646026 25 42 573 79 155 46 94 35 189 8 63 103 48 188 643 334 436 6 60 79
494 642937 E 180 84 525 639519 88 356 42 95 147 155 24 54 117 73 161 173 114 204 48 42 736
495 634130 E 179 44 181 630889 91 444 25 91 120 250 43 49 113 81 186 258 164 208 56 83 575
496 613760 Y 124 257 73 66 148 170 155 68 49 185 34 96 101 36 252 128 94 107 39 611336 242
497 617928 D 132 81 615425 190 64 401 70 65 50 168 20 220 86 31 103 134 75 200 28 273 112
498 606184 N 181 128 133 77 131 263 93 213 131 364 52 602708 204 77 268 305 218 248 70 163 157
