# nucleotide counts
# upper case indicates nucleotide called by both reads
# lower case indicates nucleotide called by one read with other ambiguous
# N indicates disagreement between reads, or both ambiguous
# POSITION WT COUNTS A T C G a t c g N
1 A 1241353 1235341 110 21 145 5600 3 4 1 128
2 T 1243696 129 1236921 152 8 3 6347 2 0 134
3 G 1245973 201 230 74 1238455 3 12 6 6852 140
4 G 1247422 104 202 76 1239755 0 1 2 7150 132
5 C 1249265 349 385 1240037 86 11 32 8194 1 170
6 G 1250521 527 146 74 1240791 3 7 0 8841 132
7 T 1251987 293 1240437 1037 72 1 9810 12 3 322
8 C 1253520 440 799 1241091 175 3 9 10777 3 223
9 T 1255031 383 1241910 686 215 4 11652 8 5 168
10 C 1256838 1230 530 1241214 572 13 13 12798 4 464
11 A 1258685 1237867 1595 4273 406 14004 33 54 4 449
12 A 1260270 1238961 1264 800 3998 15020 32 17 52 126
13 G 1260824 715 542 171 1244167 6 24 6 15060 133
14 G 1262350 433 272 238 1245321 8 11 9 15916 142
15 C 1264777 301 247 1246654 83 7 20 17349 2 114
16 A 1266443 1246169 93 22 232 18425 6 12 2 1482
17 C 1268780 89 112 1248722 46 11 7 19716 1 76
18 C 1271366 294 126 1249515 63 12 10 21248 10 88
19 A 1274445 1250368 64 25 131 23710 14 3 3 127
20 A 1276983 1252075 45 31 118 24570 3 9 1 131
21 A 1279316 1252704 56 76 158 25739 12 2 4 565
22 C 1282224 190 240 1254419 57 7 42 27165 2 102
23 G 1284374 205 217 74 1255785 4 24 13 27881 171
24 A 1287385 1257439 63 52 192 29382 0 6 8 243
25 T 1290388 357 1257888 679 815 12 30382 21 19 215
26 C 1292588 461 564 1260682 213 13 18 30560 5 72
27 T 1295887 493 1256772 5557 343 19 32152 159 9 383
28 T 1299304 471 1259413 3786 124 21 35236 134 4 115
29 A 1302615 1263889 607 213 493 37035 38 14 23 303
30 C 1307418 422 884 1266335 357 33 76 38998 9 304
31 G 1310171 693 282 87 1268684 35 48 8 40148 186
32 A 1314386 1271863 115 300 196 41743 17 16 10 126
33 A 1317754 1274251 156 239 527 42354 20 18 23 166
34 C 1322816 602 611 1276042 570 24 32 44343 20 572
35 A 1328604 1279415 635 479 326 47505 56 12 9 167
36 G 1331499 623 319 966 1281342 16 39 50 47810 334
37 A 1334301 1286182 131 23 220 47569 8 4 6 158
38 T 1338927 121 1288598 193 58 11 49521 17 6 402
39 G 1341314 255 251 82 1292141 14 112 18 48203 238
40 G 1344688 203 281 66 1295433 8 42 4 48520 131
41 A 1349619 1290581 168 41 471 57901 47 5 24 381
42 G 1353416 183 362 88 1289246 7 21 15 63104 390
43 A 1357981 1289266 145 333 285 67589 25 18 16 304
44 C 1363904 429 433 1287864 91 28 29 74786 6 238
45 T 1372398 150 1282840 456 203 12 88467 28 28 214
46 G 1376835 280 248 76 1278136 29 69 18 97493 486
47 A 1381667 1273607 156 69 348 107166 20 10 25 266
48 T 1387319 532 1268950 237 116 42 117256 19 14 153
49 G 1389984 325 627 11095 1244154 35 176 1184 132272 116
50 G 1393897 352 417 680 1247291 70 144 94 144705 144
51 A 1398546 1228903 257 712 11472 155409 131 86 1378 198
52 G 1402405 1451 552 1886 1237685 199 81 252 159837 462
53 A 1409805 1228105 1602 2529 431 176370 221 351 50 146
54 A 1414569 1222015 1462 1535 1291 187398 246 210 216 196
55 C 1421435 292 299 1216163 121 70 81 204274 49 86
56 G 1421897 578 354 209 1202090 271 120 66 217988 221
57 C 1424774 275 231 1191895 53 67 201 231928 41 83
58 C 1430152 310 266 1177146 147 152 97 251868 45 121
59 A 1435722 1167552 158 797 500 265910 267 177 152 209
60 G 1430848 169 357 79 1160561 59 232 41 269226 124
61 A 1428855 1142785 923 574 417 283446 262 151 192 105
62 A 1423660 1121696 515 548 545 298206 198 228 1640 84
63 T 1423310 382 1107492 606 392 207 312256 205 1527 243
64 G 1410722 600 1128 433 1080960 191 542 167 326556 145
65 C 1408174 333 803 1062857 252 200 352 341961 1325 91
66 C 1408779 1121 254 1039715 520 1484 262 365165 188 70
67 A 1413667 1020686 805 1346 657 387307 387 569 1278 632
68 C 1407472 740 783 1012428 623 1177 362 390975 310 74
69 T 1410036 549 1015379 674 817 1014 390754 355 331 163
70 G 1404503 1433 473 436 1005145 696 246 747 395224 103
71 A 1395267 991186 860 771 333 400959 429 386 230 113
72 A 1388020 978993 786 620 531 405705 722 330 248 85
73 A 1375273 959772 80 53 399 414267 162 239 225 76
74 T 1368233 83 942375 171 33 107 425124 121 83 136
75 C 1361912 646 223 924634 62 472 207 435489 121 58
76 A 1352236 912479 274 217 244 438207 359 121 223 112
77 G 1330851 210 358 60 900551 151 428 92 428868 133
78 A 1317803 890201 302 55 334 426132 381 72 211 115
79 G 1297078 542 435 596 877348 444 300 427 416829 157
80 C 1283924 395 670 873297 556 387 531 407611 398 79
81 A 1269053 864505 388 588 436 402050 239 426 305 116
82 T 1256660 855 854092 282 137 555 400180 317 109 133
83 C 1249321 671 335 847543 548 603 439 398583 396 203
84 C 1259787 566 308 845088 143 932 388 412069 211 82
85 G 1252421 390 171 55 842377 634 375 218 408123 78
86 T 1236794 98 833634 155 43 147 402113 178 248 178
87 C 1226208 295 350 820875 112 286 317 403493 380 100
88 G 1204135 405 175 58 818167 385 205 255 384414 71
89 G 1186683 168 138 50 805005 201 171 71 380790 89
90 A 1176571 796690 71 21 260 378877 149 67 266 170
91 A 1169039 790187 228 405 247 377045 259 269 207 192
92 A 1163059 778599 376 297 547 382200 331 280 348 81
93 A 1151900 771017 429 90 526 378949 332 102 358 97
94 A 1144065 762462 77 45 119 380762 312 72 142 74
95 T 1142183 111 754529 107 30 287 386585 135 271 128
96 G 1130885 235 161 53 750285 391 377 100 379206 77
97 A 1121146 743828 388 101 164 375577 458 111 307 212
98 T 1115130 112 731184 261 303 226 382497 179 271 97
99 T 1111227 654 726976 395 109 493 381904 289 292 115
100 G 1104073 308 287 264 729854 292 554 173 372254 87
101 G 1093515 346 146 215 724052 314 259 295 367788 100
102 T 1087554 228 729753 430 143 380 354774 289 418 1139
103 G 1090160 254 147 129 738966 299 259 102 349876 128
104 G 1080107 137 166 101 732635 253 305 110 346298 102
105 A 704072 554833 83 41 183 148690 51 31 88 72
106 A 701970 562098 26 86 107 139446 58 21 55 73
107 T 705134 37 569239 65 1 21 135620 45 12 94
108 T 713221 73 572915 125 63 47 139809 41 35 113
109 G 715017 102 163 22 579126 57 174 25 135264 84
110 G 716244 66 103 86 587549 28 50 26 128259 77
111 A 720836 592720 44 43 260 127533 28 17 60 131
112 C 729537 219 160 598512 82 52 127 130254 27 104
113 G 736623 225 165 81 603185 57 96 39 132698 77
114 A 745595 612228 90 148 133 132807 35 19 46 89
115 T 753969 121 614642 120 77 37 138815 38 18 101
116 T 762986 104 620378 144 98 39 142058 46 44 75
117 C 766680 181 115 629483 123 62 47 136554 46 69
118 T 776424 158 636683 1536 73 43 137435 363 26 107
119 A 784884 646273 193 76 162 137870 78 29 40 163
120 C 795132 171 146 655770 140 65 62 138642 38 98
121 A 805520 661149 351 125 306 143253 87 56 69 124
122 T 813403 312 668117 600 551 107 143351 128 108 129
123 C 823243 281 246 679775 507 96 88 142043 104 103
124 C 833597 325 113 687435 45 148 63 145323 24 121
125 A 844446 694383 62 168 133 149372 43 82 104 99
126 A 852346 701934 44 53 123 149909 103 25 47 108
127 A 859229 712395 134 43 110 146259 68 78 43 99
128 T 866777 61 723255 102 45 29 143118 33 19 115
129 G 871628 228 107 121 732943 59 83 101 137858 128
130 T 879604 148 741591 205 203 45 136810 104 57 441
131 G 886001 325 215 113 750740 142 111 32 134231 92
132 C 895786 281 425 753864 99 71 149 140773 34 90
133 A 906985 764758 88 52 137 141194 41 113 58 544
134 C 915200 73 160 771972 40 50 135 142653 10 107
135 C 924742 223 191 780298 122 111 175 143449 54 119
136 G 932771 295 154 190 787945 137 135 54 143717 144
137 A 940005 793751 213 22 103 145623 62 35 62 134
138 A 948842 801537 73 184 209 146489 40 63 71 176
139 C 955488 397 103 810642 99 112 47 143968 27 93
140 T 965292 79 819990 278 17 39 144639 86 15 149
141 C 973306 415 171 825863 109 110 80 146386 51 121
142 A 983440 830854 107 205 288 151677 66 55 69 119
143 A 988633 835049 129 215 247 152682 40 79 54 138
144 A 995646 836708 226 171 230 157941 71 55 57 187
145 C 1002483 207 179 843005 108 65 39 158737 37 106
146 T 1010533 62 845780 144 23 26 164231 57 11 199
147 C 1017385 287 130 852402 68 98 45 164190 37 128
148 A 1021999 857857 1067 741 931 160722 234 144 155 148
149 G 1025956 733 552 723 864486 140 124 156 158928 114
150 T 1033089 752 869862 634 630 146 160072 128 133 732
151 G 1038554 737 318 201 878181 161 136 49 158660 111
152 A 1041993 883733 698 259 238 156629 137 65 64 170
153 T 1048411 263 886131 590 297 83 160695 127 56 169
154 T 1055464 1313 888767 368 407 303 163980 82 99 145
155 A 1063479 897887 378 409 781 163448 128 108 163 177
156 T 1070365 420 904954 822 567 111 163035 181 120 155
157 G 1074744 190 202 58 917103 51 122 35 156855 128
158 A 1080476 924625 110 136 248 154854 253 24 61 165
159 G 1080702 1759 345 120 926439 323 204 20 151377 115
160 G 1083981 265 253 198 933441 54 145 51 149450 124
161 G 1086441 410 298 164 939085 98 113 33 146105 135
162 A 1090713 943411 216 245 347 145949 123 81 92 249
163 C 1095060 197 662 943696 123 113 184 149845 105 135
164 G 1101545 304 615 151 940467 141 255 83 159401 128
165 G 1099052 555 312 189 943446 107 98 55 154171 119
166 T 1102676 443 946786 290 67 89 154547 73 84 297
167 T 1108632 72 948249 267 60 34 159649 63 79 159
168 G 1108987 656 376 83 949048 169 161 87 158295 112
169 A 1112825 952952 199 28 191 159065 50 78 106 156
170 T 1117437 116 956595 201 88 89 160021 117 35 175
171 C 1122921 312 646 963204 86 155 210 158165 23 120
172 C 1131126 480 146 963008 107 302 125 166759 49 150
173 A 1138303 965942 134 144 158 171446 111 162 58 148
174 A 1139883 963093 99 257 183 175913 113 49 47 129
175 A 1143475 961663 76 30 110 181292 60 34 78 132
176 A 1145036 961230 56 120 164 183070 59 112 75 150
177 C 1148629 180 148 961939 36 142 111 185847 56 170
178 A 1150299 963955 108 22 198 185637 88 49 98 144
179 G 1146858 124 231 130 966986 58 116 120 178965 128
180 C 1147504 221 232 963737 52 90 117 182872 52 131
181 T 1151366 774 962941 286 95 167 186839 64 56 144
182 T 1155032 436 969697 343 68 178 184003 110 35 162
183 A 1157702 972159 371 345 173 184276 112 78 44 144
184 A 1159925 975226 174 51 508 183549 70 38 135 174
185 C 1164618 184 261 977500 306 181 89 185876 78 143
186 A 1171262 980974 422 217 225 189053 111 66 55 139
187 A 1169617 983445 365 182 160 185093 99 37 87 149
188 T 1172014 94 987982 245 22 57 183346 107 16 145
189 A 1177410 991841 425 73 532 184006 229 31 138 135
190 G 1174936 99 268 49 995986 46 118 24 178194 152
191 A 1177335 997473 93 35 177 179179 118 21 58 181
192 G 1177423 161 201 44 1003126 48 82 33 173573 155
193 A 1180270 999555 143 67 177 179946 111 35 40 196
194 G 1178812 240 253 57 996715 69 77 24 181224 153
195 A 1181792 1000125 114 80 166 181013 49 21 59 165
196 A 1183149 1004273 129 103 158 178216 24 28 47 171
197 T 1186616 102 1002199 134 34 67 183667 40 15 358
198 G 1185203 263 244 95 1000244 70 154 27 183649 457
199 G 1185089 311 169 43 992859 121 56 28 191242 260
200 T 1186280 123 988016 221 118 58 195678 55 70 1941
201 G 1190245 337 247 88 987462 100 89 52 201687 183
202 C 1191991 429 155 985425 129 94 86 205509 44 120
203 T 1200576 128 982466 230 74 102 217276 76 19 205
204 C 1206419 311 260 986616 129 158 76 218668 39 162
205 T 1212077 192 979530 192 184 144 231476 139 48 172
206 C 1213855 266 180 975252 151 138 81 237592 89 106
207 T 1218856 269 969905 523 65 229 247536 148 30 151
208 G 1216931 664 741 33 965354 333 256 39 249384 127
209 C 1216095 199 124 958897 86 104 217 256260 83 125
210 T 1222067 313 955344 739 91 127 265029 230 46 148
211 T 1225849 156 953717 206 40 88 271196 113 168 165
212 T 1222656 157 950807 161 87 131 271040 87 45 141
213 T 1224605 140 943137 228 113 91 280533 102 122 139
214 G 1216341 147 167 60 940963 272 152 34 274394 152
215 A 1210230 937961 88 10 212 271512 62 97 129 159
216 C 1210232 138 657 937517 52 162 414 270953 220 119
217 G 1210502 368 295 110 939199 235 167 158 269857 113
218 A 1208805 944908 144 133 292 262836 152 53 143 144
219 A 1212707 946672 86 99 264 265102 128 61 154 141
220 A 1208660 950936 62 350 418 256288 170 116 191 129
221 G 1202223 295 266 239 956251 128 226 90 244608 120
222 G 1200229 467 210 228 963039 248 93 70 235736 138
223 A 1196345 962459 107 651 237 232386 61 139 126 179
224 G 1189411 163 167 48 961756 126 81 30 226874 166
225 A 1185243 961111 89 41 207 223486 33 30 77 169
226 A 1183006 960004 65 43 360 222199 38 29 124 144
227 A 1179390 955980 204 261 157 222420 90 70 61 147
228 T 1178027 237 957301 705 27 143 219148 183 45 238
229 A 1177975 954774 71 85 244 222498 74 56 60 113
230 A 1173296 955526 189 65 318 216859 74 19 103 143
231 A 1172574 959465 159 100 384 212075 70 53 128 140
232 T 1174849 85 959609 243 25 90 214512 94 15 176
233 A 1172964 963206 95 48 188 206772 87 71 68 2429
234 C 1175578 147 165 971313 88 76 87 203521 38 143
235 C 1177197 336 132 973235 66 124 80 203048 51 125
236 T 1181616 192 964790 227 49 72 216035 84 23 144
237 T 1185765 142 962035 220 231 110 222728 62 82 155
238 G 1180295 742 1156 412 957252 232 395 124 219853 129
239 A 1181077 952552 592 677 974 225516 190 189 258 129
240 A 1181289 949977 817 801 397 228437 370 210 134 146
241 G 1175393 294 295 270 949897 142 140 92 224117 146
242 A 1179180 950480 369 61 242 227628 149 34 78 139
243 A 1178167 948941 260 155 268 228112 96 71 93 171
244 C 1177616 254 425 947734 167 140 145 228564 56 131
245 A 1185920 946382 138 244 280 238503 72 88 79 134
246 T 1187335 354 944469 409 214 139 241346 142 63 199
247 C 1189784 513 224 943944 229 233 119 244310 83 129
248 C 1193654 397 324 943663 319 279 123 248324 95 130
249 C 1200202 834 229 946880 275 383 99 251276 99 127
250 A 1205539 951628 205 131 472 252596 138 84 133 152
251 G 1201042 298 181 219 956712 135 82 139 243144 132
252 T 1198050 303 962943 446 120 155 233254 106 292 431
253 G 1190082 1218 589 1706 957773 438 280 343 227594 141
254 C 1186597 632 641 960798 1735 245 453 221485 440 168
255 G 1180745 2265 723 582 962610 560 298 201 213380 126
256 G 1176532 205 541 90 959175 66 376 44 215912 123
257 G 1170541 209 312 168 959428 82 156 98 209951 137
258 G 1165923 260 299 147 958668 142 104 82 206108 113
259 A 1164232 961012 70 94 207 202467 83 34 115 150
260 A 1164146 968761 81 86 325 194228 401 44 70 150
261 A 1161371 968943 88 212 334 190984 136 40 490 144
262 G 1155448 339 237 63 969397 173 410 48 184603 178
263 A 1154070 972433 93 26 221 180619 440 23 51 164
264 T 1152775 113 975843 297 27 43 175772 428 15 237
265 C 1151736 410 347 972633 680 119 429 176844 137 137
266 C 1153223 713 324 969655 497 236 393 181152 113 140
267 T 1155164 371 967278 1262 564 226 184755 471 104 133
268 A 1155689 963345 661 493 3592 186370 176 126 786 140
269 A 1154002 965088 5842 467 346 180722 1146 126 124 141
270 G 1150311 554 1151 2126 968652 186 285 423 176742 192
271 A 1151046 970424 83 187 201 179769 26 51 143 162
272 A 1150257 966148 61 49 415 183256 75 14 91 148
273 A 1149296 965599 55 51 155 183170 54 17 56 139
274 A 1146091 963989 84 51 140 181485 37 63 47 195
275 C 1146075 134 64 964599 29 102 49 180950 25 123
276 T 1150100 59 965324 203 21 48 184208 73 22 142
277 G 1145642 171 182 44 966276 52 176 28 178577 136
278 G 1143411 152 146 48 966370 145 96 27 176310 117
279 A 1142966 966447 85 148 475 175283 97 53 212 166
280 G 1141139 117 156 22 967116 64 172 20 173356 116
281 G 1138671 123 177 46 966195 54 188 40 171703 145
282 A 1135746 963756 90 22 258 170776 139 23 105 577
283 C 1135417 139 155 961704 61 42 71 173004 110 131
284 C 1136490 337 108 960068 37 186 108 175509 23 114
285 T 1139728 117 956868 498 44 117 181715 140 63 166
286 A 1140447 956995 326 44 196 182502 151 33 58 142
287 T 1137600 120 956074 217 40 78 180838 57 26 150
288 A 1137978 957640 196 118 177 179510 74 68 52 143
289 T 1135505 80 953226 826 31 57 180896 200 17 172
290 A 1135314 953015 457 43 154 181202 118 44 43 238
291 C 1134598 170 305 955487 57 82 148 178109 53 187
292 A 1135360 951818 120 289 240 182414 129 96 91 163
293 G 1132400 302 346 56 949393 120 220 36 181790 137
294 G 1130271 260 337 59 947414 109 105 30 181848 109
295 A 1128610 943707 153 50 240 184059 126 17 74 184
296 G 1124736 205 245 94 941632 60 104 29 182229 138
297 A 1120324 939813 92 75 191 179881 58 24 52 138
298 G 1118236 285 300 620 939120 109 96 128 177446 132
299 T 1117218 138 934524 635 45 327 175042 233 200 6074
300 A 1118370 937763 289 155 624 179133 88 40 126 152
301 A 1119412 937143 374 83 209 181240 75 117 54 117
302 A 1118313 934956 173 379 461 181875 51 169 91 158
303 C 1119619 179 321 934702 83 166 136 183830 46 156
304 G 1119652 489 317 175 932239 112 226 64 185896 134
305 G 1117075 305 283 333 931886 107 135 73 183842 111
306 A 1118188 931298 199 432 197 185640 74 137 60 151
307 A 1118038 930097 205 545 419 186316 102 122 97 135
308 A 1120020 929484 211 299 891 188623 73 71 227 141
309 G 1117402 213 193 200 928335 73 75 62 188113 138
310 T 1117522 175 926884 195 20 143 188828 69 101 1107
311 G 1114527 152 416 50 922480 64 211 23 190977 154
312 G 1108709 99 360 65 918315 70 119 35 189530 116
313 A 1103432 916939 161 42 345 185613 46 17 94 175
314 T 1107032 129 921356 334 141 56 184662 68 44 242
315 G 1102080 390 213 157 923701 115 99 35 177238 132
316 A 1098861 920369 120 223 217 177521 145 46 55 165
317 G 1094729 283 218 64 914696 71 84 33 179149 131
318 A 1093836 912164 258 50 827 180046 132 23 167 169
319 G 1090057 280 167 27 914224 87 83 23 175047 119
320 A 1088399 909914 53 3 150 178016 40 30 42 151
321 A 1084243 908963 98 14 140 174623 65 14 56 270
322 C 1082181 97 95 910512 98 63 38 171117 33 128
323 T 1082197 202 905107 259 40 90 176250 79 12 158
324 C 1083340 253 126 903597 75 104 60 178965 32 128
325 A 1084502 902341 117 290 152 181263 43 102 41 153
326 T 1082863 264 898548 172 40 92 183514 38 20 175
327 C 1083046 191 88 892443 45 64 72 189995 31 117
328 C 1087645 335 92 889224 30 201 71 197493 35 164
329 T 1089698 29 888358 161 21 160 200731 89 12 137
330 T 1087995 65 883245 162 34 61 204140 130 29 129
331 T 1084139 28 880713 181 30 57 202911 66 16 137
332 A 1077028 875888 138 16 154 200478 167 21 30 136
333 T 1075072 155 875369 186 17 65 199040 65 40 135
334 G 1068105 253 186 66 870474 112 145 102 196651 116
335 A 1064463 867516 135 31 219 196163 54 94 72 179
336 C 1065575 118 184 862248 66 144 66 202462 91 196
337 A 1069262 857484 66 111 128 211179 85 47 45 117
338 A 1067757 853715 47 23 314 213353 62 13 89 141
339 A 1069429 850251 38 73 377 218266 120 28 129 147
340 G 1067978 242 223 217 851459 234 89 98 215294 122
341 A 1068711 852353 142 194 258 215322 35 87 188 132
342 A 1068874 852339 110 194 308 215442 91 150 130 110
343 G 1067682 101 107 34 858722 177 71 40 208317 113
344 A 1065550 851291 41 16 167 213706 60 9 146 114
345 A 1061414 844844 65 17 171 216086 31 17 84 99
346 A 1057856 842330 123 106 158 214815 59 37 125 103
347 T 1061081 123 835001 171 43 123 225340 46 38 196
348 A 1064263 834552 73 88 209 229048 66 45 80 102
349 A 1065836 833963 682 1392 332 228608 242 383 122 112
350 G 1061747 689 1865 358 836958 290 539 134 220794 120
351 G 1055232 1133 803 588 836940 324 234 221 214895 94
352 C 1052553 773 328 839062 313 242 181 211343 165 146
353 G 1058087 241 808 487 838024 168 235 138 217883 103
354 A 1057269 838690 537 248 475 216765 223 61 137 133
355 A 1058117 835400 99 37 123 222179 41 24 87 127
356 T 1056646 84 834285 321 49 102 221517 90 27 171
357 C 1055904 194 255 836546 121 104 93 218406 87 98
358 T 1065152 89 838659 162 39 145 225817 70 25 146
359 G 1057904 245 149 57 839182 95 95 36 217926 119
360 G 1052073 147 163 26 838817 71 59 42 212635 113
361 C 1053033 232 567 838841 500 118 229 212216 166 164
362 G 1049119 313 459 532 840598 109 183 156 206646 123
363 C 1051263 529 333 846135 195 150 131 203620 54 116
364 C 1058094 811 2127 844067 525 202 583 209525 124 130
365 A 1063309 837755 1196 92 2098 221138 347 48 512 123
366 A 1061381 833284 1697 655 719 224023 475 175 191 162
367 G 1059132 329 382 71 842196 128 140 37 215750 99
368 C 1057899 283 480 850833 335 83 146 205531 105 103
369 T 1061504 256 857907 335 328 71 202289 106 75 137
370 A 1060872 856595 153 112 263 203424 67 45 111 102
371 A 1060859 856120 248 58 192 203902 79 24 82 154
372 T 1063732 156 860198 406 135 67 202468 119 59 124
373 A 1067844 864296 635 487 820 200867 228 156 245 110
374 A 1067525 862701 1130 505 594 201809 344 164 181 97
375 T 1067809 1129 859035 581 483 397 205744 180 116 144
376 G 1068421 1146 386 531 858299 334 220 163 207232 110
377 G 1064312 620 425 730 859804 208 152 209 202041 123
378 T 1065559 836 863288 458 997 272 198248 132 303 1025
379 G 1066613 582 927 583 867156 199 306 198 196541 121
380 A 1064486 868665 804 707 762 192617 221 263 258 189
381 C 1064958 1092 882 869936 418 403 477 191490 122 138
382 G 1068709 764 561 640 870936 226 272 222 194972 116
383 A 1067729 876354 696 338 275 189515 174 119 108 150
384 T 1071139 802 875356 617 453 250 193230 181 101 149
385 G 1067162 691 552 287 874628 220 191 75 190396 122
386 C 1068566 627 916 876163 285 228 291 189840 88 128
387 A 1077795 882711 630 182 411 193353 198 66 82 162
388 A 1073141 881324 370 3866 370 186047 116 786 111 151
389 C 1075407 1382 353 886275 314 396 217 186255 99 116
390 G 1082963 2151 384 1485 885952 574 158 322 191806 131
391 G 1078080 842 512 1388 887160 218 143 288 187413 116
392 C 1082590 1248 981 884680 534 301 252 194348 134 112
393 T 1088341 384 885345 786 1882 141 199070 178 415 140
394 G 1082531 172 428 137 885480 65 157 53 195918 121
395 G 1078805 160 97 302 885089 69 56 96 192832 104
396 T 1079133 250 883442 330 85 78 191508 98 275 3067
397 C 1078810 327 239 886465 103 91 70 191368 29 118
398 T 1084914 192 886239 417 92 117 197511 100 28 218
399 G 1081835 737 219 479 888146 198 111 131 191621 193
400 A 1083399 892791 199 78 925 188637 107 39 213 410
401 C 1086546 240 597 894338 410 93 132 190422 100 214
402 T 1094830 366 899464 383 424 129 193560 113 116 275
403 C 1097125 683 510 898452 182 200 185 196716 52 145
404 A 1101380 902671 265 150 473 197123 121 86 126 365
405 C 1104880 307 1113 908797 256 118 318 193736 79 156
406 A 1108986 911224 354 218 241 196533 100 92 80 144
407 T 1113615 266 916098 335 42 84 196437 91 34 228
408 G 1110124 337 445 794 925161 100 209 147 182757 174
409 A 1109248 929819 247 421 210 178070 92 105 58 226
410 T 1112142 194 929501 144 62 102 181728 51 36 324
411 G 1113970 299 220 344 932388 102 125 108 180218 166
412 A 1115154 934579 695 338 260 178741 166 79 71 225
413 T 1116584 151 941672 150 28 59 174137 46 59 282
414 C 1119161 526 232 938729 728 181 111 178320 177 157
415 T 1125120 98 941573 318 38 124 182679 77 29 184
416 G 1119898 210 217 94 944207 94 153 94 174648 181
417 G 1115971 228 143 123 947468 63 120 54 167661 111
418 C 1116924 286 614 947873 135 108 196 167451 53 208
419 A 1121086 949605 870 94 169 169740 205 46 88 269
420 T 1121616 172 951669 182 136 78 169104 71 44 160
421 T 1122551 256 953620 177 400 147 167573 77 139 162
422 C 1124802 360 156 956296 633 191 66 166753 179 168
423 C 1129063 460 426 953503 931 280 120 172996 201 146
424 A 1131031 953635 60 186 167 176571 43 96 125 148
425 A 1129545 955483 61 77 128 173432 38 51 138 137
426 T 1131784 133 959815 163 58 114 171231 96 32 142
427 T 1136197 100 961611 154 145 33 173841 132 55 126
428 T 1137309 89 960811 195 41 109 175779 76 84 125
429 G 1135594 371 236 84 961779 133 148 67 172593 183
430 A 1135333 964033 108 104 326 170334 84 63 104 177
431 A 1135563 962255 130 225 254 172333 56 103 74 133
432 T 1137105 238 959130 323 103 112 176873 94 32 200
433 G 1132590 121 191 41 960891 51 195 33 170895 172
434 A 1132034 963267 120 24 207 168096 52 17 69 182
435 T 1132187 102 962548 202 35 89 168924 45 29 213
436 G 1133486 502 309 58 960330 194 120 38 171756 179
437 C 1135554 191 284 959863 71 137 69 174688 91 160
438 A 1140377 960738 265 163 282 178442 69 112 85 221
439 A 1140101 961023 135 290 498 177629 102 76 124 224
440 C 1140600 425 576 959849 64 135 245 179076 49 181
441 T 1145129 224 958530 303 359 113 185266 76 119 139
442 T 1145906 35 956531 146 14 55 188802 156 15 152
443 A 1144517 956773 46 16 158 187116 42 116 39 211
444 T 1145260 102 955227 172 9 41 189349 47 112 201
445 C 1149477 246 167 955532 79 131 97 192919 152 154
446 A 1156502 955487 105 68 396 199906 240 28 96 176
447 G 1155698 278 256 58 958996 98 128 49 195633 202
448 A 1155006 949866 53 19 236 204288 86 165 95 198
449 G 1150365 158 219 37 945895 73 183 27 203638 135
450 G 1144974 190 131 51 943803 220 76 45 200339 119
451 A 1143395 940202 154 64 262 201916 73 36 94 594
452 C 1142319 139 215 941232 86 97 108 200183 59 200
453 A 1145106 941567 138 240 345 202359 119 73 105 160
454 A 1143760 942463 80 222 175 200441 129 46 58 146
455 G 1141308 253 112 47 939542 196 89 21 198993 2055
456 A 1141624 944993 79 29 287 195884 32 28 83 209
457 G 1138996 232 306 67 950742 76 115 30 187266 162
458 C 1138582 205 114 946203 104 90 53 191617 43 153
459 T 1143944 75 946186 256 45 36 197009 97 21 219
460 C 1145540 295 226 948480 54 122 87 195897 57 322
461 T 1150068 124 953447 187 59 109 195915 62 27 138
462 T 1151264 424 946324 397 126 126 203456 211 83 117
463 G 1149116 718 187 92 941698 240 115 46 205700 320
464 T 1148433 209 936630 303 135 72 210587 82 226 189
465 T 1148292 410 931360 451 208 311 215038 301 66 147
466 C 1148769 606 290 932202 65 267 157 214952 49 181
467 G 1149820 365 189 87 934552 292 259 46 213874 156
468 C 1152252 878 342 943215 427 347 123 206707 101 112
469 A 1156241 941717 413 250 1060 210391 292 205 279 1634
470 C 1155421 410 636 939469 486 267 270 213361 414 108
471 C 1160069 622 571 936190 1051 496 428 220340 271 100
472 G 1168458 429 454 145 934823 295 396 143 231604 169
473 G 1164944 421 256 210 937321 482 214 96 225805 139
474 A 1163752 935855 409 127 340 226249 199 198 132 243
475 A 1161226 935329 131 238 260 224546 54 85 446 137
476 T 1163263 127 934083 145 59 422 227978 103 138 208
477 G 1159920 500 307 96 933458 602 365 113 224353 126
478 G 1156666 177 188 91 939284 173 89 614 215933 117
479 A 1157879 942280 70 62 212 214833 44 53 147 178
480 T 1160167 180 944783 351 125 85 214084 197 93 269
481 C 1165464 607 545 945958 268 204 229 217410 130 113
482 C 1168748 406 281 951304 211 248 134 215921 100 143
483 C 1176108 891 417 952600 255 377 170 221136 120 142
484 A 1180901 955214 202 260 273 224409 139 84 131 189
485 G 1179652 240 410 129 957444 119 231 70 220884 125
486 G 1177460 306 308 93 960955 145 119 45 215353 136
487 A 1178517 964197 536 437 652 212024 179 101 185 206
488 T 1180948 253 965118 703 156 95 214193 174 80 176
489 G 1179581 957 301 735 965373 305 123 194 211439 154
490 T 1182053 761 964101 729 467 207 215012 173 178 425
491 G 1181745 1225 626 385 964368 323 235 92 214352 139
492 C 1184796 686 381 962498 586 197 129 220031 149 139
493 T 1194138 493 961602 247 44 173 231255 65 58 201
494 C 1201897 320 81 962241 408 213 61 238215 125 233
495 T 1207827 135 967348 242 107 204 239515 71 39 166
496 C 1209018 562 376 965032 335 226 125 242092 108 162
497 T 1215815 256 967796 675 158 233 246269 192 71 165
498 G 1211630 351 599 396 974093 152 244 137 235535 123
499 A 1213597 979370 138 55 213 233490 61 41 86 143
500 T 1217746 151 981999 241 79 69 234910 100 36 161
501 G 1217634 372 253 149 977490 174 113 54 238900 129
502 C 1215071 324 247 978515 422 174 78 235020 147 144
503 A 1221844 981605 172 330 405 238850 98 100 138 146
504 A 1223603 986644 302 167 271 235723 175 54 111 156
505 G 1221688 289 332 141 987352 106 158 61 233125 124
506 G 1219256 375 140 78 987139 145 84 68 231098 129
507 T 1217368 101 988153 306 99 56 227787 126 216 524
508 T 1218808 286 994540 233 169 102 223145 133 58 142
509 C 1220606 363 235 997612 253 164 160 221603 76 140
510 A 1225094 996034 274 647 369 227239 86 157 118 170
511 A 1224342 996906 166 54 133 226277 102 60 108 536
512 C 1224055 166 125 1002270 120 134 52 221019 53 116
513 T 1228550 141 998147 227 56 78 229413 135 49 304
514 C 1229687 473 496 997671 215 161 168 230320 66 117
515 T 1236471 182 997434 421 62 158 237708 151 41 314
516 C 1238780 900 312 997652 272 241 126 239049 97 131
517 C 1244171 563 296 996359 587 293 122 245652 153 146
518 C 1249114 1002 279 1001024 202 460 107 245863 65 112
519 T 1259963 1002 1002670 357 325 403 254829 126 104 147
520 A 1264038 999652 140 77 171 263550 150 46 87 165
521 G 1257965 167 267 140 998299 100 167 62 258644 119
522 G 1257381 190 204 85 1003398 91 92 54 253147 120
523 A 1258745 1003297 121 103 233 254500 66 56 114 255
524 G 1258447 291 265 79 1003659 124 125 43 253742 119
525 G 1257803 637 165 91 1009713 195 68 49 246749 136
526 T 1258216 521 1004795 197 261 268 248707 120 538 2809
527 C 1259777 223 184 1009773 313 154 88 248814 88 140
528 T 1265216 638 1015257 1585 1079 282 245516 429 272 158
529 G 1265364 279 169 108 1024030 204 198 40 240189 147
530 G 1261770 226 147 136 1029096 87 71 36 231831 140
531 A 1265409 1036289 154 162 453 227804 42 56 131 318
532 G 1262108 504 492 352 1039811 129 133 100 220463 124
533 C 1264057 439 578 1045247 398 149 144 216836 96 170
534 C 1272263 627 462 1055282 307 148 157 215016 92 172
535 G 1276828 516 301 161 1061204 272 146 61 214020 147
536 C 1280767 265 136 1056330 68 97 149 223540 36 146
537 A 1291061 1057673 167 190 1005 231328 195 92 227 184
538 G 1286865 200 259 74 1061257 49 209 29 224675 113
539 G 1285108 210 107 51 1060231 64 165 33 224117 130
540 T 1289010 310 1056783 188 163 112 228527 90 257 2580
541 G 1287302 1315 884 650 1054824 312 475 162 228531 149
542 C 1289140 1383 379 1057262 650 356 398 228372 169 171
543 T 1296373 291 1066481 966 1261 75 226202 668 275 154
544 G 1301530 1279 313 243 1066325 335 161 72 232677 125
545 C 1305867 380 651 1065108 867 133 185 238137 239 167
546 A 1311329 1069746 633 301 759 239252 196 80 169 193
547 G 1305835 396 426 214 1069061 136 139 88 235221 154
548 T 1311096 132 1074316 499 92 132 235437 157 49 282
549 C 1317328 561 293 1083362 250 187 126 232276 75 198
550 A 1321172 1089843 161 112 207 230398 85 124 63 179
551 A 1321918 1098592 128 53 444 222198 153 25 145 180
552 A 1325985 1108908 103 89 778 215536 91 113 186 181
553 G 1327531 254 373 63 1104265 107 507 111 221701 150
554 G 1327909 283 239 115 1105529 126 475 54 220943 145
555 A 1329662 1107883 525 98 566 219710 109 43 470 258
556 G 1326167 304 152 117 1109615 111 94 50 215597 127
557 T 1327386 100 1113769 188 27 306 212314 72 82 528
558 T 1330816 113 1121386 309 143 227 208264 79 113 182
559 G 1327633 285 302 51 1121899 133 309 55 204447 152
560 G 1324984 176 203 247 1125647 115 80 64 198295 157
561 A 1327821 1127963 229 112 519 198605 54 56 95 188
562 A 1329779 1125928 164 233 316 202649 58 98 90 243
563 C 1333338 195 211 1130372 119 125 101 202012 50 153
564 A 1336229 1133679 280 488 211 201099 116 101 74 181
565 A 1336718 1136906 323 103 547 198342 144 42 120 191
566 T 1340038 139 1141027 270 123 68 198019 62 140 190
567 G 1337654 475 812 175 1143182 166 231 85 192384 144
568 G 1334652 392 160 86 1142949 119 98 47 190665 136
569 T 1336006 170 1134903 1488 103 83 194063 350 138 4708
570 G 1334080 320 432 1404 1141247 95 189 286 189989 118
571 A 1332768 1141430 145 194 241 190306 36 109 84 223
572 T 1333341 174 1141444 189 69 50 191109 65 36 205
573 G 1335656 401 258 129 1142809 131 157 37 191567 167
574 G 1335403 154 191 75 1139461 92 74 46 195160 150
575 A 1336016 1135890 128 27 300 199309 51 19 80 212
576 A 1331817 1139810 175 37 229 191248 49 11 74 184
577 T 1330260 159 1144860 211 91 48 184644 50 29 168
578 T 1332079 97 1146721 201 140 40 184621 52 47 160
579 G 1331184 339 365 70 1147781 91 142 46 182190 160
580 G 1326923 353 241 440 1147151 85 114 101 178297 141
581 T 1326181 170 1143389 873 132 45 180968 163 51 390
582 C 1331221 349 835 1137716 106 174 220 191618 34 169
583 A 1335038 1136610 178 149 258 197329 135 101 80 198
584 G 1330158 224 246 81 1137223 121 113 44 191977 129
585 A 1329395 1134381 157 92 452 193986 47 27 77 176
586 A 1329278 1133620 103 72 207 194938 44 86 59 149
587 T 1329114 100 1132272 163 48 51 196200 49 33 198
588 G 1324237 208 209 54 1130663 55 168 84 192651 145
589 A 1321506 1130276 119 68 698 189918 29 76 148 174
590 T 1320350 158 1126409 208 448 59 192703 62 91 212
591 C 1323322 314 219 1123003 89 227 104 199154 38 174
592 A 1330520 1124259 139 56 204 205525 71 32 60 174
593 A 1330984 1121202 132 47 175 209119 43 24 67 175
594 A 1327149 1116803 87 144 257 209466 47 63 74 208
595 C 1325187 1220 310 1109391 135 293 115 213506 80 137
596 G 1324736 427 319 97 1113607 103 137 60 209850 136
597 T 1323898 178 1111509 337 1169 58 209593 97 272 685
598 G 1323029 295 587 58 1115679 99 220 37 205912 142
599 G 1319166 171 329 164 1111299 56 161 79 206753 154
600 G 1314164 360 512 42 1105994 109 106 54 206850 137
601 A 1310439 1103080 723 1434 496 203941 184 252 143 186
602 T 1306410 911 1101345 327 104 188 203176 96 67 196
603 C 1306695 435 492 1096154 857 226 166 207998 163 204
604 A 1302670 1095934 154 76 547 205166 58 469 115 151
605 A 1298440 1091052 89 343 227 206280 144 89 62 154
606 T 1298832 217 1088186 439 53 58 209445 110 136 188
607 G 1300322 267 249 230 1090061 89 457 129 208708 132
608 A 1294041 1089022 201 45 249 203957 66 286 49 166
609 T 1291743 173 1085720 187 98 54 204935 315 81 180
610 C 1291290 376 243 1082526 57 203 204 207312 210 159
611 G 1294661 342 246 65 1079398 285 205 63 213900 157
612 G 1288706 584 329 34 1076590 163 263 75 210530 138
613 A 1288583 1070610 244 104 382 216756 77 47 176 187
614 A 1286641 1059677 95 193 461 225689 46 99 125 256
615 C 1286071 266 185 1049134 59 112 80 236035 64 136
616 T 1284388 103 1045542 216 83 90 238047 77 57 173
617 T 1278547 84 1040091 245 82 63 237731 70 33 148
618 C 1273516 233 302 1038226 124 89 134 234234 49 125
619 T 1277065 139 1028415 241 58 114 247775 105 50 168
620 G 1269882 195 274 104 1022065 119 201 32 246753 139
621 G 1262747 161 306 73 1015401 73 150 37 246414 132
622 A 1260681 1010179 105 67 279 249373 152 36 130 360
623 G 1254663 208 440 32 1002627 96 191 42 250909 118
624 G 1251355 213 507 67 995863 123 194 28 254240 120
625 G 1243444 217 345 110 997758 65 113 80 244626 130
626 G 1238276 200 165 126 996415 133 95 43 240957 142
627 T 1237652 191 979961 430 105 288 245792 279 713 9893
628 G 1233252 212 226 69 987404 115 116 81 244905 124
629 A 1232749 984374 188 72 311 247178 194 29 198 205
630 G 1224116 403 356 82 983850 186 171 32 238908 128
631 A 1220357 980134 421 336 592 238297 133 127 171 146
632 A 1216120 975824 679 338 502 238136 216 125 153 147
633 T 1215554 406 974662 665 182 149 239028 205 99 158
634 G 1210746 354 295 98 977628 126 305 58 231768 114
635 G 1207051 218 200 188 974530 132 130 62 231475 116
636 A 1202251 972045 85 97 639 228796 58 95 205 231
637 C 1201425 329 377 969478 78 231 184 230524 64 160
638 G 1198224 336 284 102 961620 166 148 97 235312 159
639 A 1196527 958446 121 92 435 237023 69 42 161 138
640 A 1196795 952394 856 741 739 241225 261 189 264 126
641 A 1194101 944843 1343 618 541 245827 436 173 176 144
642 A 1188426 944185 790 322 716 241742 216 132 210 113
643 A 1184816 942690 98 318 187 240992 61 156 119 195
644 C 1182336 99 79 944209 82 238 60 237361 80 128
645 A 1183784 937600 93 49 428 245188 49 106 140 131
646 A 1180362 934183 99 52 199 245459 85 31 124 130
647 G 1178104 192 155 48 932175 198 124 45 245036 131
648 A 1174733 930016 97 55 241 243959 79 35 109 142
649 A 1169072 925358 141 176 407 242488 111 60 188 143
650 T 1168259 181 924753 341 162 123 242348 138 76 137
651 T 1167977 230 924361 205 64 93 242688 92 74 170
652 G 1164017 211 245 42 925118 84 216 66 237894 141
653 C 1161744 177 156 924004 52 90 163 236917 72 113
654 T 1164892 60 926773 263 69 86 237318 147 40 136
655 T 1168400 13 932196 225 24 123 235541 107 32 139
656 A 1165315 932719 139 33 125 231940 89 87 76 107
657 T 1168050 88 932756 172 109 84 234551 77 66 147
658 G 1167561 160 160 46 936712 155 160 39 229995 134
659 A 1170203 938165 61 10 180 231465 84 21 68 149
660 A 1170602 942902 35 13 142 227184 56 12 114 144
661 A 1173599 943098 148 19 221 229698 88 12 163 152
662 G 1173336 370 134 146 944060 163 101 58 228060 244
663 A 1173244 940987 40 18 340 231425 31 14 262 127
664 A 1170133 935905 52 27 200 233554 58 17 166 154
665 T 1166923 96 931055 116 33 109 235294 29 31 160
666 G 1163507 321 85 29 931035 181 95 21 231610 130
667 T 1163295 220 931169 201 42 100 230875 64 45 579
668 G 1158510 169 166 57 930112 82 132 42 227593 157
669 C 1156775 139 338 929291 76 117 188 226405 61 160
670 A 1162455 927826 55 1144 143 232710 54 301 80 142
671 A 1162677 927826 93 30 141 234260 63 30 43 191
672 C 1163592 1142 100 929599 45 365 59 232088 77 117
673 A 1168156 928872 221 476 376 237611 111 197 129 163
674 T 1166648 502 933436 382 520 164 231185 174 148 137
675 T 1170736 95 937715 273 843 72 231259 136 202 141
676 C 1170482 227 88 940900 108 163 87 228724 47 138
677 T 1171316 103 937514 246 19 127 232967 108 42 190
678 C 1169919 185 166 936475 107 159 128 232405 134 160
679 A 1176675 938021 83 42 221 237966 85 53 64 140
680 A 1176322 937598 46 80 170 238070 108 46 70 134
681 A 1175233 936649 93 36 336 237667 139 36 143 134
682 G 1169860 534 785 55 932967 217 295 52 234826 129
683 G 1167707 176 309 1025 931242 81 141 293 234313 127
684 G 1163939 441 382 113 935885 168 158 61 226607 124
685 A 1159447 940312 57 101 215 218423 31 63 90 155
686 A 1154436 936131 104 16 173 217712 66 37 57 140
687 A 1154757 940617 113 42 239 213399 82 32 83 150
688 T 1154925 92 942996 146 75 78 211313 71 31 123
689 T 1155150 63 945247 157 105 32 209317 59 44 126
690 T 1154581 85 945822 349 30 35 207947 130 28 155
691 C 1154787 559 475 947044 193 179 140 205978 77 142
692 A 1156157 950675 569 287 749 203317 158 110 154 138
693 A 1157026 954888 497 243 784 200111 122 68 172 141
694 A 1155195 957573 171 242 300 196496 82 81 66 184
695 C 1156262 999 204 957463 156 285 97 196901 53 104
696 T 1161624 181 957851 268 838 86 201918 94 205 183
697 G 1159116 563 205 262 955308 178 146 91 202205 158
698 C 1158048 185 413 954349 109 65 168 202564 82 113
699 T 1160155 112 955411 485 213 54 203405 185 83 207
700 G 1159982 2302 298 193 952892 515 150 95 203394 143
701 C 1159828 220 273 956317 94 90 123 202494 84 133
702 A 1163044 956838 217 113 1313 203771 65 117 313 297
703 C 1162630 143 157 959849 172 190 50 201758 84 227
704 A 1164371 959056 76 74 217 204583 39 118 63 145
705 A 1166462 959682 55 27 175 206227 44 64 48 140
706 A 1165000 961371 144 393 150 202541 72 120 73 136
707 A 1162219 963866 157 44 608 197101 74 32 193 144
708 A 1159209 964758 149 214 1040 192448 75 107 276 142
709 G 1155538 347 229 145 965456 146 86 122 188866 141
710 C 1151237 278 339 967959 166 187 92 181930 117 169
711 A 1148934 969663 110 283 225 178275 50 116 68 144
712 A 1144297 967202 148 173 290 175910 71 73 303 127
713 T 1140996 149 965307 235 57 83 174839 66 94 166
714 G 1138741 217 313 197 967035 171 352 58 170276 122
715 A 1133195 961814 170 46 1215 169215 284 33 245 173
716 T 1131608 135 963530 256 105 48 167049 55 244 186
717 G 1128122 380 311 91 959268 281 173 53 167422 143
718 G 1123055 333 227 68 958888 340 98 39 162912 150
719 A 1118628 953402 192 117 326 164183 65 73 91 179
720 T 1113622 190 951975 596 35 125 160149 113 31 408
721 C 1110407 220 209 948762 84 222 131 160523 42 214
722 A 1109283 950930 121 96 256 157433 120 38 133 156
723 A 1103052 944461 106 57 439 157537 145 56 93 158
724 G 1097507 1310 247 213 939722 308 100 43 155424 140
725 T 1096274 155 939172 1055 231 158 154193 273 60 977
726 G 1090992 1076 385 266 939154 244 103 55 149560 149
727 A 1085162 937867 259 312 355 145853 165 64 91 196
728 G 1077629 243 299 274 937266 76 92 55 139162 162
729 A 1074465 933591 894 164 1128 138055 235 38 186 174
730 G 1066960 236 173 94 928329 65 47 27 137795 194
731 A 1061601 923439 202 97 401 137078 88 27 76 193
732 G 1052342 263 225 141 914913 60 54 33 136442 211
733 A 1049767 908466 101 324 712 139630 54 105 125 250
734 G 1039807 295 266 555 902579 77 50 142 135456 387
735 C 1035305 325 879 898213 466 202 162 134800 130 128
736 C 1031126 620 354 891795 100 145 204 137492 166 250
737 G 1030655 452 395 194 890535 272 242 108 138307 150
738 G 1023465 799 539 369 886088 197 95 110 135128 140
739 A 1019369 882796 419 543 1359 133624 86 126 260 156
740 A 1013461 876307 1141 771 643 132274 214 964 133 1014
741 C 1007123 776 981 869979 525 141 168 134292 127 134
742 C 1002155 197 123 864869 95 73 69 136587 30 112
743 C 999178 378 261 856249 56 117 100 141840 31 146
744 A 995052 843736 183 2522 883 146640 99 684 182 123
745 G 986523 147 461 69 837195 53 365 39 148075 119
746 G 980158 187 239 70 830628 38 83 262 148520 131
747 G 973605 519 186 195 825633 144 49 273 146477 129
748 A 968909 820211 515 211 501 147033 133 42 124 139
749 A 963716 812700 303 280 739 149064 79 61 342 148
750 T 958762 280 808567 332 641 203 148351 62 145 181
751 G 949955 468 436 152 805061 200 115 54 143328 141
752 C 942603 353 477 803951 112 79 112 137279 130 110
753 T 940096 137 799459 540 190 39 139419 102 49 161
754 G 935536 138 176 78 795971 77 94 29 138862 111
755 A 927781 790074 41 39 132 137235 35 37 43 145
756 G 919951 150 109 112 786832 33 68 27 132450 170
757 T 912761 84 784832 405 306 76 126529 67 60 402
758 T 904770 164 778707 185 32 44 125445 44 43 106
759 C 895105 428 262 770031 119 168 125 123803 28 141
760 G 885157 158 145 39 759821 243 54 23 124531 143
761 A 878474 753687 91 13 138 124267 90 24 41 123
762 A 870652 743749 56 38 200 126381 43 17 51 117
763 G 862109 92 126 25 732252 39 101 25 129335 114
764 A 852436 723964 76 8 133 127987 35 67 33 133
765 T 846270 72 717924 118 31 27 127875 93 10 120
766 C 839092 207 370 708988 388 71 95 128767 112 94
767 T 835711 153 698715 276 139 112 136051 84 26 155
768 C 827759 446 176 689788 383 192 54 136543 84 93
769 A 822727 680944 248 118 472 138712 89 183 96 1865
770 C 816087 218 412 672563 166 86 401 140134 58 2049
771 T 810778 113 666463 548 115 53 143200 156 36 94
772 T 807486 65 656115 98 66 53 150950 39 18 82
773 T 800011 77 647061 119 28 31 152552 30 25 88
774 T 793000 74 644152 154 68 36 148347 52 12 105
775 C 784482 211 309 636160 1193 75 104 146073 288 69
776 T 777194 78 634034 194 55 98 142556 65 20 94
777 A 767172 626443 63 1065 628 138465 22 254 132 100
778 G 754283 809 230 38 621317 206 69 24 131500 90
779 C 747465 171 270 612686 447 112 72 133518 123 66
780 A 741614 605336 407 610 169 133648 91 203 71 1079
781 C 732589 138 129 599365 27 81 59 132571 55 164
782 G 721610 142 111 21 592916 50 70 17 128212 71
783 G 712523 178 53 43 584761 47 34 21 127293 93
784 T 703745 74 574852 84 50 30 128352 32 35 236
785 C 694369 153 75 567887 84 64 22 125928 37 119
786 T 684497 52 560265 498 48 71 123319 119 25 100
787 G 672729 250 214 81 551397 127 55 32 120489 84
788 C 660909 154 242 542355 745 75 70 117011 175 82
789 A 654460 523550 234 61 239 122422 86 581 64 7223
790 C 647078 118 235 521578 64 50 73 124805 68 87
791 T 641172 110 511047 129 98 103 129503 62 37 83
792 C 635414 229 271 497986 82 182 116 136239 66 243
793 A 629177 484524 87 35 138 144086 81 28 112 86
794 T 619247 56 475660 133 59 50 143071 61 88 69
795 A 611033 465163 633 99 99 143293 272 67 49 1358
796 T 604744 285 450678 128 241 184 152998 66 96 68
797 T 599148 81 442460 158 189 95 155642 72 254 197
798 G 592561 335 198 214 437669 186 111 98 153699 51
799 A 583311 433769 80 205 106 148701 107 88 92 163
800 G 575713 148 160 33 429688 92 91 20 145431 50
801 A 569640 414846 73 106 329 145331 75 72 1334 7474
802 G 560126 181 170 409 416820 83 106 143 142177 37
803 G 552155 69 108 452 410041 74 109 186 141069 47
804 G 541395 142 124 512 402471 77 116 183 137700 70
805 T 533488 183 394627 107 249 157 137216 106 246 597
806 C 523451 149 272 383794 278 141 160 134971 1037 2649
807 G 514783 342 208 352 379946 290 142 171 133288 44
808 G 501355 626 358 623 373087 261 389 243 125361 407
809 T 494538 641 361963 551 100 309 130589 231 67 87
810 T 487884 548 352245 682 107 263 133603 293 66 77
811 G 476667 16025 944 116 332487 6537 447 131 119848 132
812 C 469674 15854 226 332378 1156 6115 108 113328 461 48
813 T 467788 215 335443 420 196 165 130313 430 91 515
814 C 466174 178 96 328676 25 212 294 136602 31 60
815 A 464037 325632 58 36 102 137703 231 59 110 106
816 C 458528 103 155 323583 42 1722 317 130675 43 1888
817 A 456948 312867 36 28 69 143497 287 67 60 37
818 A 453471 305834 24 30 96 146857 52 144 304 130
819 G 447476 76 41 34 303429 128 282 42 143356 88
820 T 443086 106 301330 51 533 93 136621 2211 451 1690
821 C 438538 240 64 297952 419 217 100 139281 225 40
822 C 435009 533 206 294737 104 476 152 138677 64 60
823 T 434450 139 289198 156 1258 161 142229 128 918 263
824 G 426543 80 1134 417 285918 127 677 519 137451 220
825 C 422522 412 433 284938 396 216 236 135666 186 39
826 C 422436 242 341 282493 150 146 237 138630 101 96
827 T 425916 62 280940 229 54 104 143829 203 238 257
828 G 419251 148 210 130 280125 161 142 336 137842 157
829 C 417172 148 79 280203 31 70 95 136485 29 32
830 C 421799 113 63 276993 33 62 152 144216 36 131
831 T 428766 55 274360 29 31 102 153835 79 135 140
832 G 426425 432 795 101 272761 297 445 162 151361 71
833 C 426872 143 523 271114 1311 88 904 152128 624 37
834 C 430357 312 239 266597 1385 214 2147 156180 1234 2049
835 T 436383 77 266377 247 172 125 168931 154 201 99
836 G 435699 92 161 239 263222 102 212 179 171437 55
837 T 436860 92 265309 213 107 103 170569 128 186 153
838 G 436353 529 264 83 269266 745 247 54 165073 92
839 T 437823 46 269403 331 109 84 167476 193 105 76
840 G 437559 279 473 256 274973 294 636 136 160304 208
841 T 437936 60 283288 240 48 107 153789 117 244 43
842 A 439166 290522 226 21 234 147602 172 26 223 140
843 T 441122 174 294028 104 76 95 140384 170 2866 3225
844 G 443180 281 661 215 304655 168 249 171 136749 31
845 G 446552 287 185 445 312005 145 230 207 132832 216
846 A 450279 288779 257 298 919 111552 151 16336 349 31638
847 C 453796 1236 1143 323142 3031 274 284 123995 657 34
848 C 461542 1485 1096 329829 2913 348 261 124991 591 28
849 T 471672 1460 338981 1555 1484 320 127175 369 303 25
850 G 476675 625 5174 685 344581 202 1114 177 124066 51
851 C 479698 309 5363 348025 567 76 1244 123923 149 42
852 C 487873 371 991 352071 5095 156 321 127703 1107 58
853 G 498072 460 513 344 359709 291 169 145 136406 35
854 T 504577 317 364079 588 937 81 138051 231 249 44
855 A 517016 368023 717 534 843 146283 227 150 199 40
856 G 524290 107 104 83 374245 173 157 28 149365 28
857 C 539158 168 167 379980 258 110 182 158142 114 37
858 C 554859 242 195 387550 101 118 144 166419 47 43
859 A 563789 389046 131 713 165 173174 86 284 141 49
860 G 565962 151 69 114 394645 132 91 75 170648 37
861 T 574699 107 401344 784 214 92 171667 316 109 66
862 G 578628 96 223 35 408661 63 275 37 169201 37
863 G 579777 144 222 31 419883 69 177 27 159189 35
864 G 585960 186 199 186 432230 86 102 81 152843 47
865 T 594835 405 440616 383 429 184 152425 151 135 107
866 A 605360 451435 475 421 404 152036 198 183 156 52
867 C 617164 282 832 465217 276 120 352 149928 121 36
868 G 632150 412 168 180 477804 176 87 113 153177 33
869 A 644193 489061 173 206 209 154149 85 89 136 85
870 C 656111 279 167 501500 131 144 94 153675 67 54
871 T 664905 204 507513 224 384 68 156208 115 126 63
872 T 673802 91 518847 420 113 44 154017 170 39 61
873 T 683984 250 532427 233 306 89 150422 94 113 50
874 G 691672 758 333 98 542125 236 198 49 147827 48
875 A 702959 548046 216 239 310 153778 96 101 108 65
876 A 714781 557348 267 617 186 155895 139 204 57 68
877 A 724531 562425 207 171 330 160946 221 45 124 62
878 G 731147 411 329 217 563571 151 248 95 166067 58
879 G 736655 201 379 176 569275 83 212 61 166204 64
880 G 743260 411 1103 1148 575761 138 337 344 163943 75
881 A 751149 584356 1110 270 502 164139 411 70 186 105
882 G 754821 736 1809 377 593762 242 604 129 157105 57
883 G 758612 102 151 28 611041 33 177 20 146988 72
884 G 760674 173 128 26 621964 55 76 19 138161 72
885 A 767641 633079 288 25 170 133776 118 31 46 108
886 T 776322 158 643209 152 29 49 132570 46 12 97
887 A 786902 650448 106 47 141 134470 194 150 78 1268
888 C 795610 131 172 663979 33 52 94 131066 14 69
889 T 809070 287 672914 259 99 80 135188 71 79 93
890 C 817487 178 84 685320 384 111 42 131213 97 58
891 T 827006 91 699515 400 50 77 126627 105 18 123
892 C 835982 227 130 710436 54 53 46 124918 63 55
893 T 845328 96 716113 152 53 26 128672 91 21 104
894 A 857233 722265 86 92 270 134267 53 26 65 109
895 G 863245 195 96 70 729532 58 54 32 133134 74
896 T 870804 100 737677 179 75 37 132449 57 15 215
897 C 882663 200 238 742150 201 70 124 139531 57 92
898 G 895388 281 202 44 747892 65 212 39 146568 85
899 G 902155 161 121 123 749977 41 133 46 151465 88
900 A 910460 757523 75 145 220 152193 50 56 75 123
901 A 918771 766731 392 257 380 150660 114 73 63 101
902 T 929769 316 779592 462 86 81 148987 98 24 123
903 A 939399 788362 261 157 450 149762 165 40 81 121
904 G 947908 419 407 393 801525 85 150 93 144734 102
905 A 959455 812887 107 335 308 145021 69 130 77 521
906 C 969221 308 185 822507 211 84 46 145716 58 106
907 C 982939 214 199 835242 64 65 53 146959 19 124
908 C 993004 425 89 846752 31 76 46 145463 10 112
909 T 1001453 55 858553 360 89 36 142127 90 25 118
910 T 1007240 114 864725 214 168 31 141788 65 30 105
911 T 1015038 173 871871 277 143 33 142357 53 22 109
912 C 1024060 438 417 882906 174 64 103 139829 37 92
913 A 1033903 893383 667 1475 556 137167 221 228 84 122
914 G 1040133 804 915 580 897424 169 230 110 139809 92
915 A 1046238 903030 819 1076 446 140198 184 202 76 207
916 C 1055172 1025 424 910294 176 216 68 142792 66 111
917 T 1067129 193 921577 614 286 62 144061 122 54 160
918 G 1075752 403 675 632 932110 76 246 143 141382 85
919 C 1085888 239 195 940463 882 39 38 143750 158 124
920 T 1096655 76 950979 815 146 21 144303 152 25 138
921 T 1105469 436 958720 712 140 63 145087 144 29 138
922 C 1117647 905 592 970142 259 190 152 145227 47 133
923 A 1129645 978638 790 334 1034 148263 169 83 180 154
924 A 1136342 985419 1204 559 437 148195 225 100 59 144
925 A 1144010 992531 566 740 788 148889 107 124 134 131
926 A 1151759 996216 647 1097 1171 151950 131 179 197 171
927 C 1160255 469 766 1004963 1111 120 165 152356 180 125
928 A 1167845 1014134 429 263 766 151839 106 52 120 136
929 G 1171167 485 745 283 1018324 93 142 91 150845 159
930 C 1179018 472 618 1019940 435 106 131 157087 103 126
931 C 1186553 512 387 1021792 2005 101 88 161140 360 168
932 A 1194768 1030871 2190 230 1296 159384 396 54 203 144
933 A 1201491 1038788 2450 321 480 158685 481 53 84 149
934 G 1206048 1445 548 238 1045879 271 123 50 157366 128
935 T 1213627 201 1051162 817 205 40 160215 149 59 779
936 G 1216023 2049 418 372 1053875 356 97 83 158626 147
937 T 1221898 149 1061645 315 132 28 159098 52 31 448
938 A 1228069 1070877 185 218 492 155858 44 46 101 248
939 C 1234274 336 1235 1074077 167 105 215 157933 31 175
940 A 1243045 1078754 136 60 319 163487 43 18 64 164
941 G 1245107 188 334 106 1081842 37 101 30 162324 145
942 C 1248536 263 191 1086956 116 64 54 160715 33 144
943 C 1256715 303 1490 1089138 339 60 291 164901 60 133
944 T 1264763 145 1089963 267 109 59 173965 56 28 171
945 A 1266264 1089945 342 1017 358 174068 112 186 80 156
946 A 1265543 1095332 327 207 1045 168172 65 45 188 162
947 T 1272264 289 1100493 758 216 70 170015 159 55 209
948 C 1279787 674 413 1101750 638 188 153 175669 143 159
949 A 1284313 1100803 94 125 275 182662 93 31 57 173
950 G 1283187 229 193 51 1103737 67 72 37 178623 178
951 A 1285977 1101407 121 52 460 183337 41 19 99 441
952 C 1288459 966 1743 1094399 1266 223 338 189106 277 141
953 C 1293273 2964 3419 1091225 461 645 698 193617 95 149
954 A 1298342 1092317 3660 1454 1675 197647 710 336 375 168
955 A 1298322 1085976 1184 1107 12967 193758 263 216 2694 157
956 A 1296696 1094858 952 1340 1113 197520 210 303 264 136
957 T 1301617 1512 1083928 13299 952 375 198420 2745 195 191
958 G 1297950 256 243 70 1105342 79 145 40 191633 142
959 A 1297880 1106117 170 55 322 190798 70 22 117 209
960 G 1295267 272 230 64 1102664 86 74 54 191652 171
961 A 1296100 1097301 276 109 229 197799 95 61 66 164
962 A 1295602 1091524 345 118 372 202856 74 42 106 165
963 T 1295867 312 1090355 291 230 84 204075 77 54 389
964 C 1297217 290 246 1090275 276 87 83 205746 72 142
965 C 1301312 331 239 1088708 215 181 116 211310 62 150
966 A 1298528 1082050 175 176 468 215227 81 65 118 168
967 G 1293430 357 498 547 1081926 95 152 172 209517 166
968 C 1295100 644 588 1085601 1399 224 155 206012 300 177
969 A 1295791 1085250 376 318 1515 207276 125 95 305 531
970 C 1293085 197 272 1081686 109 80 98 210466 47 130
971 A 1292223 1076626 156 192 299 214399 65 69 96 321
972 C 1289609 257 214 1075133 70 135 90 213506 32 172
973 A 1292261 1068660 65 40 195 223009 47 19 64 162
974 A 1289897 1066071 84 17 251 223067 153 19 84 151
975 G 1282238 247 195 39 1059093 82 98 16 222286 182
976 A 1278069 1056615 152 39 388 220482 65 45 109 174
977 G 1269835 173 97 161 1056903 74 69 50 212135 173
978 T 1265346 234 1048995 231 25 131 214265 133 54 1278
979 C 1262385 157 200 1041992 65 139 87 219549 45 151
980 A 1264155 1039331 159 22 192 224083 75 14 86 193
981 A 1259285 1033760 105 21 228 224779 92 22 74 204
982 C 1257289 575 201 1027943 137 189 153 227890 56 145
983 T 1259826 155 1024496 239 69 94 234355 102 129 187
984 G 1255838 514 351 134 1021087 156 177 169 233095 155
985 G 1251364 1348 163 110 1020821 331 50 50 228356 135
986 T 1248579 92 1026799 255 88 94 219445 123 216 1467
987 G 1244720 1331 357 73 1024388 320 159 184 217755 153
988 T 1241769 128 1027747 129 43 200 213013 58 49 402
989 G 1239357 845 411 52 1026182 182 168 66 211284 167
990 G 1234277 149 215 809 1021368 223 132 202 211028 151
991 A 1230777 1007452 212 593 319 221615 90 169 124 203
992 T 1230251 178 998877 250 216 84 230132 93 105 316
993 G 1220519 554 565 354 998801 182 217 104 219615 127
994 G 1212717 722 239 63 1004997 223 121 38 206188 126
995 C 1209300 302 279 1006209 434 170 133 201491 138 144
996 A 1208591 1007764 377 580 330 198936 145 158 119 182
997 T 1204373 234 1006684 431 275 63 196337 96 64 189
998 G 1196806 332 671 260 1005349 161 221 66 189579 167
999 C 1194349 313 1076 1003314 171 103 307 188864 66 135
1000 C 1196617 399 384 993759 78 178 129 201438 102 150
1001 A 1199791 986700 196 171 290 211929 92 64 165 184
1002 T 1195751 140 980524 272 68 169 214276 82 48 172
1003 T 1194212 305 974417 240 579 113 217813 444 149 152
1004 C 1191298 426 234 967981 527 149 113 221570 167 131
1005 T 1194320 617 962559 755 175 392 229421 161 79 161
1006 G 1183362 521 344 97 957127 147 118 228 224635 145
1007 C 1177065 222 255 957627 775 240 87 217541 209 109
1008 C 1179102 371 576 941221 8786 144 193 225534 2111 166
1009 G 1185283 592 281 198 946072 365 195 236 237213 131
1010 C 1184556 306 295 946423 68 236 158 236886 40 144
1011 A 1189639 947742 360 241 210 240503 160 108 162 153
1012 T 1190872 157 944861 191 43 60 245302 72 49 137
1013 T 1189582 130 940519 170 65 79 248375 63 21 160
1014 T 1190063 123 938721 592 147 82 249966 180 110 142
1015 G 1178934 87 216 51 940382 93 160 25 237736 184
1016 A 1175251 941478 55 13 180 233237 41 18 79 150
1017 A 1170690 940916 95 42 230 229046 96 44 69 152
1018 G 1163652 184 248 36 937732 84 111 35 225067 155
1019 A 1159664 933363 106 117 183 225362 45 245 71 172
1020 T 1156575 71 934324 206 94 224 221418 53 46 139
1021 C 1153642 436 110 932887 45 189 80 219548 209 138
1022 T 1155638 71 933331 326 105 147 221370 115 36 137
1023 A 1156374 932528 75 368 287 222562 78 264 74 138
1024 A 1153901 937158 278 298 172 215438 286 83 60 128
1025 G 1148161 395 220 127 935383 146 116 48 211607 119
1026 A 1146185 939720 212 245 614 204940 81 53 155 165
1027 G 1141566 297 81 37 943607 156 82 19 197157 130
1028 T 1143089 70 937677 316 8 326 198866 125 197 5504
1029 A 1140325 946650 215 17 154 192947 67 20 121 134
1030 T 1140179 160 942299 148 69 42 197153 54 100 154
1031 T 1143784 103 944646 223 32 117 198408 62 42 151
1032 A 1151094 942494 130 47 491 207559 66 26 118 163
1033 A 1154235 936578 24 43 195 217115 44 26 61 149
1034 G 1151469 189 181 152 930892 92 117 58 219680 108
1035 C 1152455 300 136 927065 47 115 52 224568 48 124
1036 T 1154636 295 922531 311 1535 95 229137 90 475 167
1037 T 1154554 202 926861 1665 82 96 224858 492 148 150
1038 C 1151533 408 1723 925556 114 158 632 222741 64 137
1039 A 1151650 924127 107 180 403 226425 46 65 133 164
1040 T 1148501 110 919114 205 40 121 228546 198 27 140
1041 C 1152284 242 148 910293 167 408 123 240688 64 151
1042 A 1158444 903827 195 241 234 253374 136 197 85 155
1043 A 1156267 906649 63 75 391 248584 163 28 173 141
1044 A 1157591 906228 334 154 771 249276 359 97 228 144
1045 G 1153773 138 419 45 910775 75 238 33 241946 104
1046 G 1148071 172 240 118 915414 71 121 38 231775 122
1047 G 1140928 225 222 62 919924 98 71 98 220102 126
1048 A 1139569 919565 325 716 536 217729 139 178 138 243
1049 C 1137345 230 902 917225 1849 137 259 216072 502 169
1050 G 1145150 2119 666 501 917635 639 212 172 223054 152
1051 A 1145672 923838 271 302 248 220585 115 69 109 135
1052 A 1148237 922918 285 456 570 223388 175 135 174 136
1053 G 1142568 355 621 291 922360 129 238 66 218384 124
1054 G 1138812 485 261 83 922885 161 102 73 214615 147
1055 T 1138762 241 919481 340 132 186 214984 122 228 3048
1056 G 1134305 951 362 60 918869 305 164 41 213428 125
1057 C 1132954 1247 776 922572 181 300 208 207472 85 113
1058 T 1142139 1209 927201 386 1261 335 211100 130 306 211
1059 C 1147565 1243 729 928790 899 357 235 214962 209 141
1060 C 1152752 457 900 922602 1508 311 254 226221 382 117
1061 C 1158698 976 1769 918873 502 405 480 235427 147 119
1062 A 1167538 921809 685 453 1743 241901 234 140 440 133
1063 A 1169042 927055 106 187 126 241151 192 49 48 128
1064 G 1166868 146 253 78 928725 83 153 42 237265 123
1065 A 1166664 944789 106 18 342 220867 194 49 117 182
1066 G 1161368 224 623 55 950136 161 271 28 209752 118
1067 G 1156879 121 249 142 947816 122 251 44 208015 119
1068 G 1151081 655 462 155 937897 190 228 44 211319 131
1069 A 1151841 934029 176 639 376 215963 187 182 117 172
1070 A 1152085 921971 146 53 13196 213474 138 27 2903 177
1071 G 1149194 1064 13124 477 922858 300 2887 145 208224 115
1072 C 1149749 263 136 936165 71 213 49 212656 52 144
1073 T 1155781 36 941338 215 61 132 213722 91 26 160
1074 T 1156110 67 943047 246 262 32 212061 182 86 127
1075 T 1155820 554 945188 300 148 168 209163 105 42 152
1076 C 1157808 223 226 950454 217 113 103 206251 66 155
1077 C 1160262 278 321 954807 521 173 127 203722 173 140
1078 A 1162720 957816 337 77 287 203451 168 54 90 440
1079 C 1163396 185 281 957655 89 86 94 204836 45 125
1080 T 1168244 217 958788 387 178 121 208230 138 43 142
1081 A 1169445 948657 121 525 153 219417 204 190 58 120
1082 G 1168765 161 243 43 946730 55 220 36 221149 128
1083 A 1169491 947856 128 12 691 220286 163 16 177 162
1084 G 1167351 121 212 56 954988 65 184 32 211570 123
1085 G 1167207 132 195 43 956887 75 74 37 209656 108
1086 A 1165692 961864 79 23 416 202921 53 23 111 202
1087 G 1164916 184 182 644 967686 245 87 207 195541 140
1088 T 1163081 64 971544 837 171 251 188819 386 100 909
1089 T 1163195 128 973458 1083 137 198 187570 274 192 155
1090 C 1164754 391 186 976753 125 173 56 186827 43 200
1091 A 1170335 978161 191 313 248 190763 215 195 84 165
1092 A 1169193 980565 179 56 385 187425 316 24 89 154
1093 A 1165618 980108 97 131 182 184613 147 157 33 150
1094 T 1169175 135 982960 202 138 42 185246 262 30 160
1095 T 1172777 157 988520 277 51 52 183332 143 111 134
1096 G 1172437 195 192 41 990615 57 228 42 180925 142
1097 C 1174200 186 122 989824 104 55 44 183681 50 134
1098 T 1178910 60 989904 258 98 26 188264 85 47 168
1099 T 1183106 204 987586 217 270 63 194464 62 63 177
1100 C 1185127 293 157 987019 106 113 71 197187 37 144
1101 C 1190004 258 252 984315 1047 222 95 203413 257 145
1102 A 1190747 983579 496 427 264 205533 120 130 69 129
1103 A 1188197 983067 339 312 387 203641 113 71 106 161
1104 T 1190182 351 987523 281 365 113 201206 85 89 169
1105 G 1193919 163 147 39 990969 95 98 34 202259 115
1106 A 1193120 996854 67 25 152 195734 44 19 71 154
1107 A 1194409 998420 56 42 184 195442 23 17 82 143
1108 A 1193315 992372 162 224 1462 198493 68 69 337 128
1109 A 1194136 992106 376 124 1469 199423 115 43 332 148
1110 T 1195550 231 994644 197 1420 121 198402 59 313 163
1111 A 1195215 998695 135 211 280 195539 54 68 89 144
1112 T 1199604 416 1003322 177 94 117 195259 42 42 135
1113 G 1199511 264 246 205 1007993 95 219 61 190322 106
1114 G 1196806 150 143 72 1007916 60 81 33 188219 132
1115 A 1197885 1008407 182 122 377 188304 126 41 93 233
1116 G 1197929 368 197 51 1012316 118 81 37 184639 122
1117 A 1196779 1009387 258 915 447 184925 80 240 109 418
1118 C 1197198 200 954 1008371 563 82 270 186492 122 144
1119 T 1202432 92 1011857 498 476 63 189108 99 112 127
1120 A 1201818 1012364 155 91 301 188528 45 77 76 181
1121 T 1205217 227 1018324 343 34 49 185954 86 16 184
1122 G 1204783 215 291 92 1021103 61 199 85 182613 124
1123 G 1201852 137 186 222 1020291 132 96 55 180578 155
1124 A 1202210 1019810 223 34 240 181509 93 13 134 154
1125 A 1201155 1019404 75 64 173 181156 76 17 44 146
1126 T 1202835 139 1018213 317 199 52 183594 73 61 187
1127 C 1205546 233 103 1018999 291 131 53 185496 102 138
1128 A 1208585 1013926 390 122 514 193189 118 47 133 146
1129 A 1202808 1008819 487 121 227 192812 115 31 59 137
1130 G 1199185 317 260 296 1009454 88 94 56 188491 129
1131 T 1201735 324 1008886 331 117 120 191360 78 34 485
1132 A 1201102 1008329 209 26 435 191475 104 27 92 405
1133 C 1204725 207 168 1007543 292 78 71 196132 83 151
1134 A 1210855 1009033 198 229 180 200498 56 71 50 540
1135 C 1211602 210 125 1009015 74 81 70 201881 37 109
1136 T 1217288 86 1006914 253 24 63 209678 86 15 169
1137 T 1220267 160 1003640 263 58 44 215831 91 31 149
1138 G 1218789 230 291 55 998963 82 110 29 218894 135
1139 A 1220090 995761 133 44 329 223463 83 16 91 170
1140 A 1221220 993668 122 141 270 226579 133 42 74 191
1141 C 1222003 281 129 996408 129 112 130 224629 55 130
1142 T 1229350 91 1001543 291 57 46 226986 164 31 141
1143 G 1227598 345 359 126 1003622 104 149 122 222645 126
1144 A 1228054 995921 140 109 282 231222 102 31 74 173
1145 G 1226257 222 117 62 989348 75 125 27 236148 133
1146 A 1229756 992168 229 54 256 236663 120 37 66 163
1147 A 1229924 995025 107 55 333 233998 66 28 164 148
1148 G 1225989 264 284 96 995947 154 140 43 228912 149
1149 C 1226824 236 503 1001164 179 101 248 224174 68 151
1150 A 1231253 1000526 394 211 466 229096 189 99 107 165
1151 G 1227507 184 776 138 1001034 78 248 69 224857 123
1152 G 1225618 808 302 206 1000924 226 90 111 222827 124
1153 T 1227104 127 997052 228 106 108 227483 108 92 1800
1154 A 1225517 1000156 184 90 175 224418 96 61 65 272
1155 C 1227010 172 270 1001734 104 83 102 224360 40 145
1156 T 1233976 116 1004184 183 51 71 229149 61 24 137
1157 G 1233582 185 346 73 1007998 91 223 36 224507 123
1158 G 1229915 187 241 44 1004968 83 102 38 224141 111
1159 G 1225183 359 195 52 1005129 134 84 52 219040 138
1160 C 1226405 184 139 1000952 102 93 93 224598 46 198
1161 C 1231773 185 200 1001683 55 129 115 229221 42 143
1162 A 1233219 996336 176 48 155 236160 90 48 62 144
1163 T 1233403 60 991308 179 68 97 241406 68 45 172
1164 A 1241678 994722 130 11 413 245975 137 22 137 131
1165 A 1240834 998899 128 111 251 240995 157 36 123 134
1166 G 1240546 253 281 55 991880 99 194 34 247616 134
1167 G 1242919 627 294 60 990976 259 124 47 250382 150
1168 A 1242484 992980 131 43 248 248503 94 51 75 359
1169 C 1244097 126 176 992267 198 66 61 250981 74 148
1170 C 1250805 338 286 993838 91 169 97 255779 39 168
1171 A 1257251 999816 283 990 336 255167 146 240 123 150
1172 G 1257248 348 340 53 999805 154 160 38 256219 131
1173 A 1259185 1000608 174 194 1094 256535 112 56 267 145
1174 A 1260843 1004225 437 143 925 254463 185 48 269 148
1175 G 1260097 314 214 681 1008384 123 94 246 249913 128
1176 T 1264568 720 1013173 346 175 304 247502 162 132 2054
1177 G 1259798 221 607 82 1017772 105 407 40 240435 129
1178 G 1257773 164 263 281 1021068 74 139 89 235562 133
1179 A 1257380 1022956 286 83 629 232734 223 63 196 210
1180 G 1254214 171 221 68 1024246 99 254 31 228966 158
1181 G 1249450 175 185 81 1026482 120 143 42 222083 139
1182 A 1248723 1023691 126 54 353 224048 73 46 154 178
1183 A 1250349 1022414 389 1728 777 224053 143 421 261 163
1184 A 1249052 1023943 1546 591 790 221066 454 189 270 203
1185 C 1250835 1856 2298 1026257 763 603 583 218018 276 181
1186 A 1250203 1026576 1052 1107 1440 217207 281 425 400 1715
1187 C 1250984 465 1804 1024615 3282 190 603 219144 731 150
1188 C 1256427 2445 713 1025079 1239 731 343 225430 299 148
1189 A 1259693 1024096 293 1643 1695 230759 117 484 444 162
1190 A 1257450 1023214 1345 580 1801 229346 413 147 433 171
1191 T 1255561 1246 1030683 478 1346 348 220690 164 299 307
1192 C 1259289 1926 735 1021993 266 550 296 233334 74 115
1193 A 1264406 1017685 1327 548 915 242968 396 200 220 147
1194 A 1265313 1017352 1030 603 1314 243972 307 184 351 200
1195 C 1269021 3236 684 1012828 517 997 194 250285 145 135
1196 A 1278734 1006877 1575 2865 696 265000 518 806 231 166
1197 G 1276904 1776 2621 764 1008000 544 827 226 261980 166
1198 A 1275845 1015674 210 700 353 258222 188 161 162 175
1199 G 1265294 891 623 271 1015492 265 254 87 247277 134
1200 G 1259480 570 382 640 1018260 182 132 158 239015 141
1201 G 1254865 1465 457 1116 1018383 435 135 312 232413 149
1202 C 1259861 755 1761 1024867 717 276 498 230642 188 157
1203 A 1272226 1028624 1709 856 538 239394 534 227 151 193
1204 T 1271189 2116 1027577 771 491 521 239194 212 130 177
1205 C 1275264 1224 785 1022195 1546 372 250 248359 400 133
1206 T 1283708 1197 1023456 1413 153 405 256383 410 82 209
1207 G 1273847 1466 2171 255 1025941 350 581 96 242825 162
1208 C 1275860 535 888 1034838 407 174 567 238098 175 178
1209 G 1276187 978 2483 406 1035205 270 799 137 235764 145
1210 G 1274201 744 1554 213 1041197 217 403 87 229654 132
1211 G 1270345 747 946 1177 1052411 317 242 301 214031 173
1212 C 1273784 470 1226 1054538 679 145 431 215945 183 167
1213 C 1284920 251 207 1057800 58 119 222 226082 37 144
1214 A 1292888 1054357 87 62 227 237665 66 91 151 182
1215 A 1296431 1053665 150 35 225 241935 95 22 145 159
1216 A 1300290 1051081 307 749 430 247040 183 233 126 141
1217 T 1305777 177 1054390 935 180 75 249417 282 96 225
1218 C 1310419 884 310 1068284 694 326 157 239436 175 153
1219 A 1310455 1068396 704 19 391 240466 195 25 94 165
1220 G 1308602 176 189 850 1074044 47 132 231 232794 139
1221 C 1309631 311 483 1076515 652 122 171 231055 170 152
1222 A 1307935 1075840 362 357 439 230418 128 99 124 168
1223 T 1311507 96 1079678 929 218 80 230021 231 75 179
1224 A 1316675 1086366 650 185 385 228446 214 64 118 247
1225 C 1321523 422 406 1083985 792 213 247 235080 207 171
1226 A 1329265 1082387 686 475 339 244667 334 111 105 161
1227 A 1331931 1085392 571 358 303 244260 323 113 157 454
1228 C 1336188 117 134 1095191 102 69 206 240121 100 148
1229 C 1340293 274 79 1102331 69 114 56 237151 115 104
1230 T 1349107 180 1101445 473 64 310 246241 148 30 216
1231 A 1355597 1102412 87 13 241 251799 168 30 188 659
1232 C 1360985 129 274 1103551 69 210 203 256363 33 153
1233 G 1373877 635 128 65 1109280 181 204 42 263140 202
1234 T 1379530 85 1110975 174 42 57 267791 69 82 255
1235 T 1384722 73 1110482 156 25 53 273657 86 32 158
1236 C 1386244 232 147 1114159 34 121 71 271315 25 140
1237 T 1393256 245 1116700 372 338 207 274892 157 106 239
1238 C 1398397 401 341 1121251 215 166 235 275557 78 153
1239 A 1400722 1123340 179 172 574 275862 221 63 140 171
1240 G 1392706 414 335 104 1127268 107 133 65 264120 160
1241 T 1394839 152 1137503 269 42 255 255992 78 36 512
1242 A 1398019 1142863 239 1831 356 251327 578 439 121 265
1243 C 1401621 257 227 1146944 291 158 97 253399 101 147
1244 A 1405707 1146456 150 243 305 257733 478 89 80 173
1245 G 1403953 267 321 147 1150316 695 145 70 251830 162
1246 A 1405600 1146422 111 100 179 257829 130 37 601 191
1247 G 1404402 169 148 48 1144851 100 519 35 258339 193
1248 A 1404828 1153625 61 62 238 250097 74 42 423 206
1249 A 1404836 1157802 809 1058 1038 242994 503 222 237 173
1250 A 1403382 1159193 353 247 1749 240939 108 200 401 192
1251 T 1405167 550 1162012 842 124 207 240560 443 173 256
1252 C 1409640 651 140 1165836 115 220 452 242041 49 136
1253 T 1415165 102 1170839 455 32 210 243023 199 23 282
1254 C 1417666 496 142 1172236 194 128 117 243797 393 163
1255 C 1420242 542 225 1165044 437 287 80 253245 233 149
1256 C 1424880 646 664 1169403 80 338 307 253257 41 144
1257 T 1427516 497 1173029 449 262 236 252571 209 83 180
1258 T 1426709 103 1179485 183 55 167 246402 59 74 181
1259 T 1423495 126 1183125 252 81 53 239570 76 50 162
1260 T 1425989 103 1183150 425 50 121 241765 115 70 190
1261 G 1416729 355 270 491 1185464 164 186 140 229471 188
1262 A 1414689 1187162 256 218 607 225855 108 98 150 235
1263 C 1417763 216 580 1188944 352 154 188 227076 87 166
1264 A 1422548 1186658 670 731 636 233009 300 181 196 167
1265 G 1416982 521 655 842 1186190 159 194 233 227998 190
1266 A 1417180 1189449 291 825 487 225536 121 192 108 171
1267 A 1414675 1184464 428 1245 1050 226648 119 287 212 222
1268 C 1413234 1177 830 1186213 462 343 211 223747 118 133
1269 A 1415261 1186950 418 830 1411 224820 122 207 306 197
1270 A 1410374 1189543 626 83 438 219059 142 65 82 336
1271 C 1408726 185 430 1192411 603 97 94 214621 137 148
1272 C 1409275 391 477 1193056 149 197 119 214677 57 152
1273 A 1406559 1194402 217 29 334 211216 72 32 87 170
1274 T 1402366 154 1190665 200 71 55 210979 58 18 166
1275 T 1397988 183 1193133 581 108 78 203614 90 31 170
1276 A 1392133 1188902 730 642 213 201154 156 107 42 187
1277 T 1388183 203 1187306 245 99 51 199950 48 37 244
1278 G 1383550 992 304 219 1187843 186 120 53 193682 151
1279 G 1379188 393 590 170 1189155 99 127 53 188461 140
1280 C 1373719 319 767 1179370 298 105 168 192418 81 193
1281 A 1367721 1175235 215 367 882 190532 35 89 167 199
1282 G 1356444 394 486 129 1168859 132 91 56 186117 180
1283 C 1348394 349 745 1163656 181 144 157 182948 41 173
1284 A 1343976 1164998 702 219 431 177189 140 42 75 180
1285 T 1337037 127 1156718 203 57 30 179620 37 58 187
1286 T 1331824 233 1152614 202 45 106 178298 56 73 197
1287 C 1327973 237 387 1148727 133 222 88 177914 73 192
1288 A 1323830 1139232 1973 327 1031 180427 405 66 199 170
1289 A 1315401 1130732 1607 546 1862 179653 293 111 434 163
1290 T 1309200 1689 1123476 1899 348 351 180742 335 160 200
1291 G 1300681 536 1124 183 1116903 192 264 39 181286 154
1292 G 1293684 309 999 855 1109093 70 211 175 181825 147
1293 G 1284746 489 826 430 1100308 254 276 61 181946 156
1294 A 1276763 1092342 260 657 617 182256 172 132 124 203
1295 A 1266989 1086685 357 498 346 178398 94 286 165 160
1296 T 1259751 400 1079208 525 385 91 178519 109 301 213
1297 A 1251809 1070803 1453 1344 568 176451 354 483 136 217
1298 C 1242472 582 1578 1065277 575 179 277 173672 125 207
1299 A 1235643 1062830 419 1311 911 169419 185 212 149 207
1300 G 1226977 505 750 80 1055162 97 146 34 170043 160
1301 A 1219502 1044877 227 512 513 172710 124 109 138 292
1302 G 1208768 816 854 144 1037111 155 167 92 169305 124
1303 G 1198161 220 558 53 1034138 114 134 18 162792 134
1304 G 1186757 183 256 121 1024911 85 89 24 160945 143
1305 G 1174666 197 294 90 1014431 135 59 19 159320 121
1306 A 1165926 1002513 113 104 357 162303 55 28 121 332
1307 G 1155103 199 195 151 991937 102 58 38 162277 146
1308 A 1146820 982077 92 73 353 163880 37 26 73 209
1309 A 1136059 969603 339 167 209 165361 105 55 39 181
1310 C 1125750 301 559 958466 120 122 131 165809 33 209
1311 A 1117604 949816 634 505 318 165860 145 90 74 162
1312 T 1108589 566 941662 287 210 90 165506 95 35 138
1313 C 1098776 431 138 933981 230 142 67 163638 45 104
1314 T 1092980 336 927888 584 135 146 163564 125 34 168
1315 G 1081431 241 189 41 920793 95 54 13 159875 130
1316 A 1069503 913459 99 47 195 155301 123 20 84 175
1317 C 1059658 173 162 903983 87 183 63 154853 31 123
1318 A 1051512 890039 448 102 1907 158260 197 42 388 129
1319 T 1038923 419 879948 188 183 94 157877 34 50 130
1320 G 1025065 472 467 160 870611 133 131 104 152892 95
1321 A 1013824 863654 68 80 243 149448 35 114 69 113
1322 G 1001562 173 227 90 851866 56 94 81 148862 113
1323 G 992051 356 180 90 842895 431 66 50 147856 127
1324 A 980909 830606 339 79 293 147508 116 32 79 1857
1325 C 969778 110 757 822861 218 82 187 145390 57 116
1326 C 961714 309 526 812895 123 125 179 147042 422 93
1327 G 953045 252 213 53 803857 154 448 17 147956 95
1328 A 943853 795802 80 16 137 147641 33 12 37 95
1329 A 935429 789558 64 24 149 145068 42 6 409 109
1330 A 927075 780839 72 137 269 145151 32 45 437 93
1331 T 917891 90 771060 213 109 33 146125 57 38 166
1332 C 908191 169 802 760978 71 113 430 145475 48 105
1333 A 897223 751892 155 41 251 144436 53 15 277 103
1334 T 885520 56 740050 156 47 42 145014 36 19 100
1335 A 877538 728770 215 142 227 147944 49 33 63 95
1336 A 867985 714010 131 98 815 152415 154 29 237 96
1337 G 856032 356 284 260 701427 101 94 75 153343 92
1338 G 845575 260 385 184 692452 120 90 91 151908 85
1339 A 834364 681934 923 102 436 150391 291 27 132 128
1340 T 824644 261 668536 238 1019 103 153701 66 289 431
1341 G 811825 190 1023 280 657827 73 269 64 152019 80
1342 A 799445 647129 101 87 217 151655 77 28 55 96
1343 T 789669 76 640807 115 84 30 148379 35 34 109
1344 G 779942 133 126 130 631736 54 147 69 147483 64
1345 G 767811 93 125 41 616914 80 167 17 150309 65
1346 A 757271 605489 55 22 167 151240 34 100 96 68
1347 A 747528 595164 35 27 117 151878 47 49 128 83
1348 A 739240 582225 204 812 562 154781 92 288 208 68
1349 G 728925 664 222 201 571676 193 118 121 155665 65
1350 T 717948 405 560577 368 652 199 154575 142 315 715
1351 G 702323 672 227 153 546336 254 89 97 154442 53
1352 C 684812 331 771 532643 178 153 244 150334 83 75
1353 A 675259 522601 367 73 290 151598 120 39 100 71
1354 A 662901 508296 207 66 318 153753 58 17 131 55
1355 G 647703 333 349 93 498624 124 107 26 147978 69
1356 A 637470 492922 86 230 225 143697 30 66 73 141
1357 C 624376 66 157 479395 1215 46 77 142917 463 40
1358 C 615429 174 182 462301 1035 201 113 150974 409 40
1359 A 606345 445063 147 1038 268 159172 91 391 128 47
1360 G 593160 136 88 44 438199 74 31 20 154532 36
1361 A 580153 429883 80 28 53 149987 24 17 35 46
1362 A 565908 411649 58 45 178 153773 28 23 97 57
1363 G 551703 218 876 100 396954 109 374 36 152994 42
1364 A 540469 382002 482 335 105 157048 225 168 55 49
1365 T 531150 285 362433 173 125 154 167787 79 72 42
1366 G 519381 198 131 72 346220 119 80 47 172484 30
1367 T 509002 96 330136 190 42 136 178097 113 106 86
1368 G 501379 82 125 98 319819 102 111 98 180913 31
1369 T 491147 274 311365 181 81 195 178791 148 76 36
1370 C 484998 114 205 303433 141 169 199 180605 107 25
1371 T 484350 87 298676 228 279 270 184401 166 213 30
1372 T 608453 126 368627 95 15 189 239257 92 22 30
1373 T 596955 112 368508 112 10 105 227765 113 167 63
1374 C 591610 125 94 366300 136 178 157 224468 108 44
1375 C 596947 212 95 363391 261 605 94 232077 175 37
1376 A 588434 361056 239 142 374 225686 290 342 235 70
1377 G 576598 139 501 83 359507 248 566 58 215473 23
1378 G 572326 47 62 32 356764 221 252 86 214838 24
1379 G 562257 100 114 68 350574 141 211 61 210935 53
1380 G 549056 271 236 33 344482 182 202 162 203454 34
1381 C 546956 189 115 338609 95 170 704 206731 247 96
1382 G 545837 253 253 49 335834 241 509 213 208450 35
1383 G 536761 98 303 76 333582 83 443 108 202041 27
1384 G 534689 78 179 43 332432 122 462 50 201264 59
1385 G 529117 101 56 47 333084 193 131 39 195398 68
1386 A 531015 325124 58 17 260 186006 83 81 9809 9577
1387 G 529839 105 42 43 334566 104 118 54 194759 48
1388 T 534611 13 300068 157 13 471 179755 269 21186 32679
1389 C 542960 204 29 339884 37 304 166 202186 98 52
1390 T 548946 84 349269 70 32 229 198931 213 40 78
1391 T 549942 50 344989 81 12 202 204427 125 21 35
1392 C 555110 130 102 345625 32 336 515 208043 58 269
1393 G 562751 94 83 19 350260 269 403 237 210917 469
1394 A 564850 352766 27 3 70 211405 66 64 199 250
1395 G 569077 32 66 12 354378 62 119 36 214318 54
1396 C 576959 107 125 363396 133 111 152 212715 133 87
1397 T 589319 150 374750 161 39 130 213499 205 69 316
1398 C 596585 198 151 373557 123 226 146 222044 101 39
1399 T 605341 128 374519 143 16 146 230129 161 17 82
1400 C 612564 180 189 372900 101 218 551 238257 104 64
1401 G 617955 150 234 58 377480 290 397 247 238984 115
1402 G 620671 65 102 21 382283 99 79 81 237922 19
1403 A 625016 387181 37 10 104 235673 38 41 758 1174
1404 C 632512 60 89 399783 35 236 259 231929 64 57
1405 G 638619 124 92 26 407650 224 145 107 230214 37
1406 A 644705 414611 21 22 75 229552 54 33 251 86
1407 A 650890 422650 29 8 59 227881 35 29 157 42
1408 A 655694 433655 10 4 53 221786 78 10 56 42
1409 A 657509 440214 17 9 204 216700 113 32 132 88
1410 G 656463 61 76 14 446325 2080 110 39 203304 4454
1411 G 654117 150 60 18 460711 86 69 31 192967 25
1412 C 656241 98 93 474861 50 92 106 180663 124 154
1413 A 660041 482951 34 9 245 176471 52 35 109 135
1414 G 657109 379 171 21 493911 166 90 34 162263 74
1415 C 657539 210 225 503858 31 137 194 152773 40 71
1416 G 664165 202 152 63 514228 123 118 43 149197 39
1417 A 664548 521413 83 143 106 142272 61 68 95 307
1418 G 663221 325 174 63 528992 119 76 57 133358 57
1419 C 663964 220 225 539634 93 103 76 123472 62 79
1420 C 665959 117 57 550678 18 67 43 114918 6 55
1421 C 668136 229 115 558651 31 158 134 108733 13 72
1422 G 664957 227 156 38 563712 113 55 117 99321 1218
1423 A 662653 570938 105 40 92 91186 46 26 57 163
1424 T 660823 88 574733 116 34 66 85389 23 37 337
1425 C 658728 224 142 575216 54 79 31 82899 21 62
1426 G 654998 260 152 163 576483 100 34 45 77683 78
1427 T 652734 47 580895 285 52 28 70097 52 79 1199
1428 G 649926 355 229 48 588993 53 54 17 60127 50
1429 C 647458 138 56 589801 32 30 9 57280 16 96
1430 C 645860 121 53 593031 17 24 11 52399 7 197
1431 T 645193 64 602663 174 7 64 41932 34 1 254
1432 T 642947 131 605469 219 11 14 36984 17 5 97
1433 C 640372 232 266 606476 30 20 50 33241 5 52
1434 C 638874 214 356 607912 112 33 57 30023 13 154
1435 T 637478 119 612381 276 47 48 24470 41 2 94
1436 T 635235 122 614466 115 36 17 20382 10 28 59
1437 T 632652 72 612746 192 84 18 19424 7 5 104
1438 G 630269 131 121 84 608198 23 734 27 17578 3373
1439 A 628177 610308 101 70 134 17397 7 24 23 113
1440 C 626635 115 141 609176 66 25 5 16935 23 149
1441 A 625797 608338 79 17 150 17103 21 3 7 79
1442 T 624312 37 607244 122 52 3 16581 6 16 251
1443 G 623123 131 166 62 606842 24 20 6 15816 56
1444 A 621455 606026 50 23 138 15025 4 13 13 163
1445 G 619786 111 81 30 605148 7 7 0 14359 43
1446 T 618419 69 599811 79 12 20 13583 3 187 4655
1447 A 616886 603789 21 6 83 12925 3 1 1 57
1448 A 614989 603153 77 15 53 11631 2 1 2 55
1449 T 613539 63 602102 73 32 7 11073 3 4 182
1450 G 612890 557 194 156 600908 16 5 6 11000 48
1451 A 611749 600448 247 192 179 10601 6 2 5 69
1452 A 610626 599414 187 44 485 10390 2 0 10 94
1453 G 609588 92 233 34 599306 52 7 1 9780 83
1454 G 608645 90 129 33 598768 7 4 1 9568 45
1455 A 607606 597711 64 72 163 9112 1 44 7 432
1456 T 606830 70 597668 91 8 46 8855 1 3 88
1457 C 605952 98 40 597108 36 9 4 8519 6 132
1458 T 605514 55 596751 99 19 28 8452 3 40 67
1459 T 604709 7 596479 130 3 43 7992 7 0 48
1460 A 603770 595950 30 3 69 7471 37 0 2 208
1461 T 603060 37 595813 60 2 1 7033 33 0 81
1462 T 602459 31 595532 72 3 3 6739 0 29 50
1463 T 601918 41 595121 82 6 8 6572 3 26 59
1464 C 601147 95 62 594093 32 4 53 6021 26 761
1465 T 600572 30 594398 98 2 9 5803 25 2 205
1466 T 599842 75 594151 50 6 2 5360 6 1 191
1467 C 599012 152 160 593709 33 8 9 4789 3 149
1468 G 598518 125 163 32 593459 16 5 1 4583 134
1469 G 597905 55 131 40 593412 2 6 1 4234 24
1470 A 597274 592917 36 23 157 3843 8 2 13 275
1471 G 596804 155 133 28 592804 10 3 2 3621 48
1472 A 595973 592276 101 53 133 3304 1 9 6 90
1473 C 595124 94 71 591686 60 3 7 3115 4 84
1474 A 594240 591020 64 61 110 2932 5 5 0 43
1475 A 592911 589610 71 106 380 2669 3 8 2 62
1476 T 591279 106 587983 443 27 13 2499 0 3 205
1477 G 589885 414 140 80 586855 3 9 1 2330 53
1478 C 588905 172 208 586216 60 4 1 2158 2 84
1479 A 587900 585096 67 73 381 2002 7 2 1 271
1480 G 586238 236 149 69 583904 4 6 0 1833 37
1481 A 584065 581903 159 21 187 1733 0 5 1 56
1482 G 581978 260 235 124 579658 2 4 1 1643 51
1483 G 579831 234 148 115 577713 0 0 0 1581 40
1484 A 576537 574531 96 22 246 1488 0 0 6 148
1485 G 574300 205 127 74 572414 12 2 0 1423 43
1486 T 572747 56 557906 121 94 6 1319 0 72 13173
1487 A 571658 569808 178 17 199 1375 4 0 8 69
1488 C 568704 146 214 566855 78 6 1 1326 1 77
1489 G 565173 206 2620 106 560871 8 8 0 1311 43
1490 A 563361 560992 486 42 396 1357 0 6 2 80
1491 C 560301 199 240 558153 204 6 3 1313 55 128
1492 A 556345 553735 389 97 473 1454 3 4 4 186
1493 A 553331 550553 290 59 820 1491 5 3 53 57
1494 T 550667 764 547607 256 232 9 1574 51 3 171