# amino-acid counts among definitively called codons
# POSITION TOTAL_COUNTS WT N_A N_C N_D N_E N_F N_G N_H N_I N_K N_L N_M N_N N_P N_Q N_R N_S N_T N_V N_W N_Y N_STOP
1 1235341 M 0 0 0 0 0 0 0 505 129 131 1234271 0 0 0 8 0 152 145 0 0 0
2 1239833 A 1238640 0 1 347 0 81 0 2 0 0 1 0 72 0 4 202 100 382 0 1 0
3 1241424 S 60 51 8 2 144 0 184 19 14 634 0 54 261 4 109 1239500 196 2 7 172 3
4 1242970 Q 297 5 6 130 41 41 315 223 352 1147 84 31 3190 1235684 355 262 525 98 1 35 148
5 1245339 G 78 443 288 1 54 1243359 2 1 2 32 0 136 34 3 113 525 82 185 0 0 1
6 1246350 T 232 0 0 0 0 0 0 110 0 1 1 89 15 0 6 133 1245763 0 0 0 0
7 1249891 K 2 0 0 129 1 0 1 39 1249366 5 0 122 1 21 116 0 28 0 0 3 57
8 1254492 R 0 0 0 0 4 57 0 1 0 212 0 2 70 203 1253701 4 3 0 0 0 235
9 1259281 S 468 99 6 25 108 98 12 106 24 120 11 53 478 73 10 1256944 159 217 2 263 5
10 1263186 Y 14 284 13 14 189 7 3593 136 21 205 1 115 27 40 60 197 85 76 29 1257793 287
11 1269453 E 29 1 97 1268028 23 178 0 22 404 5 6 13 12 62 13 19 243 59 0 1 238
12 1277326 Q 102 16 347 75 49 15 373 284 207 270 0 35 40 1274708 227 388 11 31 3 0 145
13 1285916 M 21 7 2 4 3 1 0 505 108 102 1284744 0 3 1 30 3 167 192 18 5 0
14 1283176 E 14 2 333 1281721 41 445 1 2 168 6 0 2 12 49 3 22 11 118 0 0 226
15 1274670 T 235 4 1 2 0 1 212 145 1 104 134 198 27 7 11 175 1273364 44 2 3 0
16 1260872 D 20 2 1259249 538 0 317 70 3 1 1 2 205 0 3 11 14 47 150 1 237 1
17 1232092 G 356 53 6 130 4 1219541 17 12 1 131 43 55 23 128 10798 289 10 222 2 1 270
18 1218806 E 271 68 115 1213539 67 285 12 601 267 146 4 18 1676 84 12 48 520 771 46 78 178
19 1183579 R 12 253 1 0 12 86 531 4 2 310 4 17 171 12 1181885 237 10 18 0 1 13
20 1145101 Q 31 59 3 63 15 9 252 0 233 104 1 9 704 1142942 401 22 39 34 1 3 176
21 1097585 N 43 102 267 4 230 64 299 104 149 147 0 1095186 24 30 136 562 108 21 22 80 7
22 1031301 A 1028455 7 206 3 8 137 10 132 24 192 9 44 178 35 37 998 329 436 57 1 3
23 1002881 T 265 9 18 8 35 36 68 133 3 290 0 330 714 62 414 221 999610 313 114 197 41
24 961480 E 55 52 61 958824 90 193 33 423 236 225 2 58 11 132 29 60 635 102 4 42 213
25 908272 I 26 2 1 2 55 6 4 907521 1 29 40 59 4 0 18 10 133 345 0 9 7
26 877000 R 7 7 0 0 155 227 13 145 176 41 3 0 2 6 876020 71 43 0 0 9 75
27 844065 A 841842 1 1 222 30 104 130 59 10 163 0 17 28 0 410 205 435 388 15 3 2
28 826475 S 53 74 0 1 70 37 5 10 5 128 83 148 147 40 95 824938 159 37 0 444 1
29 806744 V 135 8 68 4 103 24 0 354 8 80 1 2 7 6 3 10 1 805922 0 1 7
30 778123 G 34 0 2 146 0 777200 0 4 4 1 1 1 7 1 412 16 2 126 0 2 164
31 761058 K 3 8 2 132 14 20 38 94 759523 112 70 75 5 20 493 51 228 76 11 34 49
32 724599 M 6 2 0 4 6 7 18 354 69 57 723859 2 2 8 17 3 89 93 1 0 2
33 702662 I 10 221 2 1 45 6 2 701656 2 132 43 95 38 1 2 68 199 131 0 2 6
34 707491 G 150 219 145 13 1 706267 116 0 18 45 2 30 23 6 93 251 4 92 0 7 9
35 530323 G 34 5 0 73 3 529740 3 1 1 2 0 16 0 1 205 10 34 114 3 4 74
36 555038 I 1 0 0 3 24 0 1 554692 7 70 49 21 11 2 1 0 53 101 0 1 1
37 571265 G 66 5 0 62 1 570766 0 6 1 7 0 1 1 0 106 14 4 87 0 0 138
38 592240 R 16 0 1 1 1 62 45 5 0 111 41 0 22 170 591510 70 33 1 0 4 147
39 610694 F 1 16 4 0 610022 59 1 52 0 261 4 1 1 0 0 79 63 12 13 85 20
40 634753 Y 54 116 8 1 73 1 1505 17 3 27 64 56 3 5 4 11 11 9 33 632651 101
41 657580 I 23 24 51 9 54 117 8 655906 13 48 31 64 3 41 49 276 527 106 110 114 6
42 683410 Q 1 2 3 28 0 8 39 2 178 53 0 7 11 682719 116 22 128 4 0 7 82
43 707680 M 20 23 3 5 33 1 0 312 51 116 706934 0 1 0 11 9 79 80 0 0 2
44 737717 C 33 736530 0 46 130 103 1 5 0 48 7 7 1 19 157 193 5 20 32 247 133
45 759091 T 132 0 0 0 0 2 3 117 0 29 7 69 22 0 0 109 758593 1 4 0 3
46 782090 E 9 0 77 781224 0 90 1 1 282 153 0 1 1 29 5 8 6 57 0 3 143
47 805751 L 1 3 4 1 85 0 50 305 0 804899 2 9 191 9 13 5 77 92 0 0 5
48 825238 K 0 4 15 124 0 84 6 30 824328 11 23 93 134 48 142 65 27 64 0 5 35
49 834407 L 10 1 0 2 99 1 51 171 2 833796 20 1 119 2 15 3 11 95 3 2 3
50 849353 S 93 501 10 3 4 496 111 134 16 86 0 125 55 426 286 846595 57 317 6 12 20
51 866110 D 34 37 864357 151 2 188 47 341 22 126 72 158 23 37 3 64 130 143 0 173 2
52 882939 Y 35 229 10 4 222 288 130 12 13 66 1 981 1 9 172 187 237 67 18 880112 145
53 910112 E 128 0 352 908852 0 239 1 0 177 11 1 0 0 44 3 10 2 97 0 0 195
54 924050 G 117 12 5 309 5 922731 2 7 4 97 4 54 27 25 228 19 5 180 0 2 217
55 928695 R 54 33 3 6 96 35 23 5 21 484 1 9 33 231 927312 53 10 21 260 4 1
56 934487 L 9 15 1 0 186 4 8 288 1 933496 74 8 1 0 13 240 33 51 7 0 52
57 944173 I 3 60 3 10 100 4 2 943404 3 35 67 90 4 1 6 13 188 167 5 2 6
58 951855 Q 4 2 1 48 4 2 64 3 207 70 6 254 128 950739 142 8 4 48 7 1 113
59 947588 N 5 0 96 0 1 4 21 48 157 5 0 946919 4 2 0 149 104 2 0 37 34
60 950938 S 3 66 3 0 7 177 3 190 0 20 0 107 3 0 243 949988 110 10 0 7 1
61 953014 L 16 15 8 1 245 22 14 435 6 951459 2 214 19 7 3 202 100 47 2 7 190
62 962949 T 243 2 1 0 0 132 3 115 118 10 2 43 19 16 53 282 961781 128 0 0 1
63 975579 I 13 7 2 3 181 2 0 974272 68 318 316 0 3 1 8 0 224 139 0 1 21
64 986507 E 16 0 185 985654 10 168 1 2 81 6 3 0 2 39 3 13 7 72 0 2 243
65 983451 R 2 0 13 1 40 157 11 185 207 24 0 1 1 0 982615 81 41 3 4 3 62
66 981939 M 0 24 0 2 4 2 0 452 86 160 980907 6 3 0 6 29 100 151 0 0 7
67 966291 V 163 2 0 121 0 112 0 30 0 154 272 0 0 0 3 51 2 965381 0 0 0
68 963905 L 16 6 22 0 112 24 70 378 0 962924 1 4 148 28 31 24 41 66 0 3 7
69 954060 S 80 35 0 8 68 35 0 7 3 29 16 2 154 9 5 953230 87 55 0 236 1
70 940992 A 939188 5 193 0 0 77 0 0 0 1 0 0 33 0 2 714 651 121 0 5 2
71 930892 F 2 15 18 0 930162 7 16 55 27 264 2 18 5 35 35 179 2 13 0 34 3
72 921238 D 6 0 920416 169 2 206 52 3 1 3 0 140 4 0 1 0 0 75 0 152 8
73 922835 E 40 1 83 921655 6 203 4 4 279 30 0 52 5 37 59 95 0 102 2 2 176
74 941177 R 191 0 0 2 2 218 8 4 272 3 252 2 2 0 939906 243 29 3 36 2 2
75 940146 R 4 1 0 3 1 227 1 134 151 30 0 1 5 0 939361 84 38 0 0 0 105
76 939526 N 219 0 114 11 0 4 11 156 97 39 0 938639 0 0 3 157 29 1 0 44 2
77 934729 K 8 8 17 177 22 26 0 80 933792 27 44 111 2 42 274 3 51 13 0 3 29
78 943795 Y 9 162 6 0 78 3 203 2 1 5 0 67 18 3 13 11 11 6 5 943015 177
79 948480 L 16 14 1 1 94 6 88 256 19 947623 6 10 168 68 29 4 34 39 0 1 3
80 933835 E 126 235 112 930893 45 303 45 38 227 353 0 90 4 50 198 618 128 137 0 62 171
81 929837 E 9 8 99 928628 54 190 23 89 161 146 1 6 1 90 10 71 3 71 5 34 138
82 928596 H 38 23 53 33 12 14 927240 8 4 89 0 135 28 277 159 225 21 26 5 205 1
83 927173 P 82 40 0 2 10 130 244 1 36 266 30 13 925536 78 117 128 409 11 19 20 1
84 941664 S 36 28 38 12 22 368 22 115 2 23 1 218 6 0 226 940470 43 16 17 1 0
85 941703 A 937297 2 36 225 0 121 10 2 294 28 0 16 92 11 1542 511 869 594 13 20 20
86 940327 G 44 0 0 172 9 939020 0 2 1 22 0 1 20 4 166 32 73 270 466 21 4
87 944386 K 1 0 0 185 8 6 1 50 943525 7 6 124 1 15 308 5 80 8 0 0 56
88 951273 D 10 63 950329 101 11 142 46 10 0 8 2 313 8 1 3 16 1 60 0 145 4
89 954608 P 278 66 43 17 13 260 497 63 28 170 4 58 952420 17 125 227 209 68 6 27 12
90 957393 K 72 44 6 193 222 128 104 1828 950113 510 30 380 9 27 118 160 232 3151 26 16 24
91 954456 K 4 0 3 187 13 3 0 27 953634 15 2 42 11 17 396 15 26 2 0 7 52
92 947703 T 135 2 0 0 0 0 1 56 0 1 0 129 48 0 1 98 947222 5 0 0 5
93 950413 G 43 1 1 139 0 949695 3 0 2 1 0 0 1 1 185 15 3 145 0 5 173
94 948251 G 42 0 0 115 0 947642 1 2 1 2 0 1 1 0 124 0 3 167 0 0 150
95 942370 P 53 0 5 0 0 2 301 18 4 88 1 0 941578 21 33 150 112 1 0 0 3
96 939644 I 18 15 4 9 11 2 0 938659 80 321 125 14 3 0 14 2 193 161 5 2 6
97 934516 Y 24 148 5 1 209 0 577 3 0 237 0 74 3 3 2 15 0 1 0 933033 181
98 933907 R 2 1 0 0 29 233 4 60 127 3 245 1 0 159 932663 244 52 0 83 1 0
99 925526 R 24 35 2 0 2 206 3 225 182 9 0 0 9 3 924592 87 45 4 4 5 89
100 915285 V 303 2 1 101 30 36 6 247 3 551 0 5 137 12 1 167 21 913657 0 4 1
101 918441 N 0 294 107 2 0 6 20 57 184 25 0 917061 11 0 26 126 361 90 0 71 0
102 913355 G 200 2 5 164 81 911904 18 52 29 15 0 38 100 3 374 2 23 126 1 41 177
103 918166 K 158 0 2 168 9 80 11 9 916412 150 32 113 29 38 797 12 96 5 0 1 44
104 910676 W 0 207 0 1 99 17 8 42 0 260 7 20 10 3 183 62 1 1 909562 1 192
105 903508 M 137 42 1 10 2 19 0 412 104 122 902204 3 8 4 77 4 179 173 0 5 2
106 896202 R 1 0 0 0 8 195 174 181 102 8 1 2 18 1 895287 74 40 15 0 0 95
107 892911 E 2 0 71 892186 0 146 0 2 230 0 0 39 0 27 0 0 0 49 0 0 159
108 893642 L 43 2 1 0 90 27 199 97 0 892930 0 0 214 1 11 0 0 27 0 0 0
109 883047 I 2 29 0 1 66 0 149 882207 5 128 33 99 0 0 4 22 153 146 0 3 0
110 869611 L 0 3 0 0 62 0 23 318 0 868993 0 4 155 0 16 0 4 30 2 0 1
111 862208 Y 0 152 12 1 82 0 143 4 0 34 0 19 1 0 1 12 3 16 1 861600 127
112 846955 D 15 12 845972 158 0 195 46 0 0 7 0 244 2 4 7 13 0 124 0 152 4
113 832548 K 0 0 0 123 1 0 2 38 831932 8 0 45 3 18 297 9 14 0 0 1 57
114 834208 E 5 7 56 833199 0 169 31 18 142 10 0 2 116 53 5 136 2 112 0 0 145
115 830406 E 4 1 66 829904 0 161 4 1 86 0 0 1 5 25 0 0 7 38 1 1 101
116 819302 I 13 35 3 0 3 0 15 818511 81 146 174 1 1 0 7 0 153 139 0 0 20
117 821457 R 8 3 4 7 2 240 267 491 115 1026 233 10 1 15 818171 213 266 69 55 255 6
118 822377 R 16 0 0 1 2 252 1 7 0 566 175 54 37 172 820451 227 239 40 0 5 132
119 818806 I 5 1 1 0 28 0 1 818105 0 70 43 73 6 1 24 31 297 115 0 5 0
120 823178 W 0 163 0 0 2 37 1 0 0 142 0 0 0 0 241 54 3 2 822152 6 375
121 822773 R 196 255 1 0 3 69 273 4 3 219 0 1 50 7 820956 474 8 223 8 2 21
122 824690 Q 16 1375 8 43 7 147 272 68 430 630 174 8 14 820473 405 140 13 298 28 17 124
123 827788 A 826166 41 233 16 1 185 1 11 2 22 13 0 38 6 58 354 202 422 3 11 3
124 841591 N 11 5 118 0 91 84 68 81 77 22 3 840785 1 15 17 89 38 47 1 27 11
125 850073 N 27 5 179 221 131 340 15 412 106 464 66 847203 108 75 88 327 170 38 0 73 25
126 843381 G 82 233 253 142 2 840681 39 16 58 106 86 22 8 79 504 243 576 200 38 7 6
127 849000 D 199 17 845964 200 134 512 62 118 35 426 11 287 147 42 152 270 79 91 7 206 41
128 850872 D 41 52 848136 490 138 184 203 169 138 270 3 302 150 2 21 21 122 92 4 329 5
129 866145 A 863563 37 36 191 13 116 86 15 130 90 50 101 48 48 100 405 346 734 1 30 5
130 873805 T 243 3 16 5 5 64 53 3 207 88 207 7 2629 1042 77 190 868753 37 148 14 14
131 874232 A 870478 36 234 9 13 163 4 21 9 16 263 32 390 923 45 495 322 657 90 7 25
132 867537 G 40 216 121 5 2 866562 2 0 3 8 0 3 51 12 63 348 9 85 0 0 7
133 873457 L 40 0 5 7 2 3 3 22 5 872472 225 6 314 151 86 23 34 47 0 8 4
134 873591 T 533 26 3 7 3 14 3 223 9 19 1 142 22 40 16 459 871705 334 2 5 25
135 886904 H 40 272 45 12 25 25 884978 20 35 97 61 518 25 326 136 88 13 58 3 120 7
136 900921 M 6 5 5 10 65 2 7 1090 77 274 898643 73 4 68 22 116 213 213 2 11 15
137 916173 M 6 14 9 1 15 3 4 387 94 516 914668 6 2 62 22 17 130 187 11 15 4
138 916941 I 6 1 2 6 54 6 6 915393 13 907 34 84 1 29 11 19 129 234 0 1 5
139 927958 W 0 186 1 2 4 25 0 1 0 191 6 0 1 0 373 85 6 9 926682 10 376
140 934050 H 2 1 69 7 2 1 932021 16 2 773 0 231 24 112 164 41 26 51 0 505 2
141 941969 S 48 235 0 8 132 331 3 0 4 7 5 124 166 2 2 940599 76 6 1 210 10
142 941456 N 12 0 127 0 0 24 94 53 87 6 0 940788 27 49 10 101 26 2 0 42 8
143 945244 L 12 26 0 26 230 0 1 6 3 944520 64 0 2 1 4 162 21 104 5 7 50
144 948772 N 55 4 199 0 3 63 30 78 112 15 25 947694 1 60 5 186 156 7 0 76 3
145 943117 D 16 16 942369 106 0 172 33 2 0 7 1 99 1 1 1 15 4 108 0 158 8
146 942495 A 941145 4 0 161 10 67 1 2 1 1 0 7 38 18 0 291 482 267 0 0 0
147 944030 T 195 25 0 1 0 2 2 268 10 6 4 140 21 257 4 113 942683 285 5 6 3
148 939771 Y 1 146 10 0 39 1 136 0 0 4 0 29 0 1 7 13 2 2 0 939279 101
149 943663 Q 23 1 4 32 1 4 245 5 208 80 3 6 21 942508 323 21 11 15 0 3 149
150 929735 R 1 0 0 1 0 223 3 3 147 2 209 0 1 1 928898 160 31 3 47 4 1
151 919475 T 235 3 3 5 2 4 7 118 108 22 55 4 25 5 60 128 918667 8 0 0 16
152 923714 R 11 1 0 0 0 161 5 86 223 26 0 2 11 13 923022 52 24 0 2 0 75
153 930591 A 929675 13 174 0 0 58 1 9 19 12 1 1 36 0 19 286 188 92 0 2 5
154 929411 L 6 10 0 1 72 0 81 253 0 928678 1 15 149 12 17 37 4 45 18 9 3
155 924046 V 165 17 93 7 80 64 17 535 14 63 0 9 4 8 19 17 125 922742 6 9 52
156 920327 R 12 237 1 1 6 46 322 4 8 166 4 4 44 11 919194 249 1 4 2 5 6
157 921468 T 811 147 21 1 3 42 7 241 20 61 156 150 24 149 42 414 918958 166 1 14 40
158 912505 G 50 42 116 160 10 911001 32 19 11 37 1 19 13 33 354 141 23 180 0 28 235
159 912596 M 4 2 0 5 1 0 3 516 72 268 911247 1 10 8 27 9 122 242 0 8 51
160 927543 D 24 0 926654 175 1 184 44 4 15 9 3 135 13 19 14 18 11 53 6 144 17
161 928713 P 101 31 4 3 11 56 259 40 18 118 7 47 926905 5 94 444 414 97 1 4 54
162 937227 R 10 28 4 6 2 239 15 18 153 134 233 15 25 20 935978 195 81 12 37 11 11
163 948662 M 8 21 10 16 49 78 0 547 70 705 945741 40 5 67 29 64 633 525 8 32 14
164 944880 C 16 942082 0 8 178 48 1 20 184 16 16 293 158 391 165 277 72 376 60 315 204
165 944529 S 31 41 1 0 70 9 0 3 1 2 1 78 234 1 8 943752 64 2 0 202 29
166 949167 L 128 6 0 18 1 101 3 96 39 947633 302 28 233 133 16 247 68 75 0 26 14
167 961496 M 25 6 0 8 6 20 5 541 89 128 960209 23 6 5 19 42 189 154 0 0 21
168 967912 Q 193 15 3 68 3 114 126 42 195 91 0 48 52 966444 255 71 11 36 6 5 134
169 963639 G 47 271 139 18 2 962602 81 30 9 10 2 78 3 17 30 154 16 90 3 0 37
170 973590 S 38 34 42 20 3 34 10 1 30 178 14 1 119 21 10 972629 106 32 0 16 252
171 976055 T 131 65 0 0 0 1 0 95 0 27 0 159 30 4 11 115 975417 0 0 0 0
172 977903 L 72 3 0 0 49 40 100 358 22 976735 4 11 268 26 15 17 58 102 0 5 18
173 977814 P 416 10 20 25 13 81 447 66 10 146 7 29 975340 434 80 190 419 39 12 6 24
174 985616 R 0 1 0 20 2 143 0 10 131 17 232 2 11 3 984647 270 61 5 53 0 8
175 986159 R 2 4 3 0 13 206 4 7 266 16 207 2 14 6 985136 109 54 16 83 3 8
176 991359 S 64 81 7 2 91 99 2 5 6 4 2 10 185 0 8 990153 369 81 0 189 1
177 1009828 G 115 3 4 150 7 1008893 22 2 8 14 2 11 3 9 295 21 6 120 6 12 125
178 1025441 A 1023402 1 222 28 3 216 10 55 43 265 0 42 61 50 78 455 219 239 21 7 24
179 1043690 A 1042385 24 1 210 0 33 14 0 7 31 0 2 126 2 1 224 494 104 7 1 24
180 1040327 G 33 234 186 1 1 1039504 2 10 4 6 9 5 2 0 67 153 15 78 4 4 9
181 1040433 A 1036951 36 252 2 47 219 21 15 38 30 80 664 42 321 249 721 416 200 69 53 7
182 1050952 A 1047948 6 1 221 7 480 84 16 4 122 5 33 74 18 9 589 833 490 0 1 11
183 1054251 V 325 6 95 1 115 56 18 263 3 412 0 3 16 2 7 66 99 1052753 2 7 2
184 1078294 K 15 0 0 149 8 23 0 75 1077303 23 4 108 10 20 379 16 17 17 2 18 107
185 1087578 G 37 10 3 134 2 1086503 1 3 2 13 1 37 4 12 198 49 33 217 1 3 315
186 1097055 V 138 4 58 1 112 12 5 229 6 71 52 2 28 14 3 9 11 1096280 5 10 5
187 1104628 G 130 2 0 146 1 1103530 2 1 1 1 0 1 1 3 240 50 72 195 3 4 245
188 1108435 T 263 5 3 3 3 12 42 155 130 6 14 7 172 1 76 157 1107341 30 4 5 6
189 1122019 M 18 54 4 2 18 20 24 846 92 260 1119880 3 3 8 34 23 224 492 0 1 13
190 1119421 V 1377 3 0 122 7 56 3 109 0 127 203 43 17 1 28 77 5 1117242 1 0 0
191 1123773 M 12 2 10 1 6 10 16 520 112 244 1122371 1 5 28 39 22 162 205 3 3 1
192 1125562 E 9 0 107 1124655 2 284 0 0 135 34 0 5 4 44 3 4 10 92 0 3 171
193 1126002 L 19 9 0 0 319 35 6 29 1 1125123 65 4 1 1 28 196 18 36 20 4 88
194 1126424 V 730 9 154 2 98 111 4 310 1 427 22 0 17 1 7 100 9 1124414 0 7 1
195 1116994 R 4 3 1 0 11 243 2 210 201 15 0 6 33 1 1115989 82 41 6 0 8 138
196 1113040 M 1 8 0 8 2 7 1 378 79 120 1112046 0 9 10 25 14 138 188 3 1 2
197 1109397 I 4 2 10 0 99 423 3 1108148 0 59 39 132 0 6 6 20 192 252 0 1 1
198 1101381 K 2 0 0 177 11 1 0 28 1100645 72 0 141 0 19 166 27 19 18 0 29 26
199 1093759 R 20 172 8 1 84 97 343 37 7 185 0 40 40 5 1092478 181 26 8 10 13 4
200 1096318 G 77 2 3 155 13 1094882 2 1 3 33 0 1 6 3 302 89 6 280 458 1 1
201 1081313 I 84 28 0 21 160 34 265 1078247 3 1044 211 64 6 95 17 49 183 343 11 441 7
202 1070357 N 280 7 230 0 3 25 36 52 116 28 3 1069255 0 0 31 204 7 0 1 59 20
203 1065421 D 23 14 1064203 159 10 192 188 20 0 46 4 206 6 14 8 34 6 114 3 161 10
204 1056822 R 7 2 0 4 7 37 1 2 9 223 0 0 53 322 1055917 2 3 7 224 0 2
205 1041574 N 50 54 177 3 9 130 57 51 174 20 1 1040372 17 2 16 290 48 11 5 51 36
206 1021545 F 40 38 2 13 1020636 6 4 51 7 410 23 1 11 3 20 176 15 20 15 53 1
207 997047 W 11 263 3 0 28 30 8 4 0 223 6 1 7 2 297 58 27 11 995756 2 310
208 980882 R 1 0 0 2 0 267 4 1 178 2 429 1 2 0 979343 521 27 3 80 18 3
209 964818 G 60 261 169 3 45 963838 2 1 1 27 1 17 48 1 53 195 4 89 1 1 1
210 963873 E 42 1 319 962607 31 283 6 2 163 17 0 16 9 35 6 19 8 133 0 4 172
211 957188 N 50 30 319 0 173 94 13 172 96 209 9 955188 44 9 73 400 124 103 7 65 10
212 957720 G 46 4 2 172 11 956611 7 6 8 17 3 2 15 1 289 29 98 159 1 12 227
213 946406 R 11 12 0 3 5 62 7 13 0 233 30 25 70 291 945318 7 14 0 5 6 294
214 929378 K 157 27 8 134 60 36 46 51 926507 759 64 90 357 89 400 72 51 387 30 8 45
215 921192 T 165 0 0 0 1 11 4 72 83 3 1 1 282 2 59 98 920407 0 0 3 0
216 912983 R 21 38 0 6 2 167 0 138 151 4 7 0 0 30 912261 74 25 2 9 0 48
217 906248 I 161 8 21 0 58 79 3 905231 3 118 35 96 19 2 46 29 148 139 1 38 13
218 903761 A 902945 0 161 5 25 44 6 1 0 1 2 0 34 0 0 210 202 121 0 0 4
219 911869 Y 1 120 9 0 50 2 146 0 2 74 0 11 1 0 0 31 0 10 1 911313 98
220 916068 E 6 0 41 915426 0 179 0 0 153 5 0 0 0 44 0 0 4 55 0 1 154
221 922375 R 3 0 0 1 0 208 0 126 355 0 1 0 0 0 921461 152 31 3 0 0 34
222 911548 M 1 0 0 4 0 6 0 403 91 76 910643 0 1 0 24 0 112 186 1 0 0
223 906641 C 15 905651 0 0 149 24 1 3 0 9 0 1 0 8 186 246 1 2 53 154 138
224 908182 N 2 0 134 0 2 2 101 85 133 1 1 906490 0 1014 2 136 26 2 0 50 1
225 913177 I 0 106 0 0 66 187 6 911463 0 70 25 54 0 430 9 206 369 186 0 0 0
226 920275 L 1 9 0 1 73 0 100 167 0 919561 6 0 187 0 9 6 50 105 0 0 0
227 920398 K 57 1 2 137 0 17 1 44 919784 2 0 69 0 36 145 9 18 0 0 20 56
228 915720 G 423 110 2 164 55 913557 0 1 2 26 2 2 0 3 141 170 416 216 427 1 2
229 922550 K 2 3 0 187 0 5 11 36 921882 49 0 100 2 36 154 4 10 18 0 3 48
230 927912 F 3 78 0 0 927239 16 6 89 0 210 0 1 6 1 5 146 0 56 1 54 1
231 932298 Q 85 37 33 49 0 14 190 278 194 274 0 3 32 930144 656 139 49 10 0 0 111
232 938762 T 154 11 0 43 43 64 72 90 618 30 2 161 53 57 31 109 937159 31 4 30 0
233 940999 A 939594 4 159 2 1 74 0 245 7 5 2 1 222 14 23 198 295 152 0 1 0
234 940951 A 937727 29 4 186 0 48 5 3 2 17 0 1 165 0 10 241 2251 243 0 18 1
235 942749 Q 34 1 1 31 0 95 58 0 104 43 26 0 32 942044 114 2 7 7 2 0 148
236 945309 K 0 88 4 125 2 13 72 74 944195 30 43 65 10 32 455 57 12 3 0 5 24
237 949097 A 947899 0 1 156 1 65 103 1 3 10 52 4 31 1 15 298 184 271 0 0 2
238 950207 M 92 15 6 1 6 12 27 385 91 234 948971 6 8 7 18 17 128 176 0 1 6
239 945580 M 49 1 5 8 8 24 0 635 118 133 943213 1 6 0 31 13 184 1109 40 0 2
240 937262 D 21 15 936115 130 21 241 36 9 1 19 3 194 7 2 8 79 61 139 0 160 1
241 934738 Q 14 7 1 46 6 3 55 14 167 80 1 7 38 933830 240 26 20 19 0 9 155
242 926623 V 133 57 2 98 3 38 13 159 17 268 165 0 19 2 79 29 871 924612 34 14 10
243 927374 R 50 14 1 1 12 264 27 216 170 36 4 24 16 7 925385 918 95 28 7 8 91
244 908531 E 34 2 137 907356 2 342 3 3 152 19 3 13 27 36 9 58 14 174 0 0 147
245 892168 S 321 32 2 5 3 362 5 230 1 21 2 219 129 57 357 890300 75 5 31 3 8
246 877656 R 2 10 0 0 9 55 3 5 94 298 34 9 84 320 876375 47 59 42 189 1 20
247 863629 N 264 49 187 0 4 72 4 106 133 201 7 860588 6 125 323 303 343 795 10 83 26
248 842385 P 31 7 10 1 18 11 16 31 5 164 1 1 841443 336 33 77 149 42 1 2 6
249 819118 G 36 16 2 168 1 818042 1 17 8 11 5 3 25 3 146 8 1 201 422 1 1
250 803871 N 68 2 154 8 23 204 4 50 71 160 20 802240 13 22 86 324 54 47 241 77 3
251 794739 A 793234 8 180 3 46 75 12 134 0 80 3 6 45 31 19 220 313 207 5 117 1
252 780446 E 4 3 201 779706 2 117 1 1 128 5 0 0 15 54 8 20 1 33 0 2 145
253 764177 F 63 6 1 7 762988 7 44 61 2 528 0 6 6 39 17 102 12 224 1 62 1
254 740730 E 11 2 64 740111 1 132 0 0 153 9 0 0 0 31 1 2 0 80 0 2 131
255 713474 D 3 2 712981 57 2 125 15 0 0 2 0 87 2 1 5 1 2 70 0 105 14
256 685031 L 52 29 5 31 79 62 100 168 7 683996 2 0 201 2 24 20 7 227 3 3 13
257 659978 T 261 21 11 9 92 17 23 116 0 42 0 142 37 11 5 206 658804 153 4 19 5
258 639474 F 7 11 7 29 639049 7 2 53 3 131 2 1 4 0 8 109 1 15 0 29 6
259 623391 L 32 1 7 0 6 11 0 184 2 621762 11 1 117 62 12 35 7 1104 31 3 3
260 603089 A 601299 107 0 166 0 334 0 0 0 8 0 0 30 0 0 114 777 253 0 0 1
261 581157 R 1 0 0 0 0 24 1 1 0 108 0 1 20 138 580736 3 0 0 124 0 0
262 556815 S 19 49 0 0 67 28 0 0 1 2 2 6 83 0 1 556346 61 3 1 142 4
263 520517 A 519080 64 2 117 1 618 4 11 4 33 3 13 31 1 9 144 180 187 0 6 9
264 494837 L 5 87 2 23 89 2 69 91 0 494302 5 1 91 4 4 15 14 25 3 4 1
265 461489 I 34 34 2 1 0 8 6 461033 37 57 75 1 4 0 9 10 86 86 0 4 2
266 434133 L 42 48 3 8 129 60 14 140 1 433249 75 9 4 3 35 92 31 123 23 10 34
267 411124 R 0 0 0 1 7 96 74 62 59 77 3 5 7 3 410639 31 15 7 0 1 37
268 398342 G 16 8 1 56 3 397457 3 0 1 2 4 0 364 8 96 118 5 95 104 0 1
269 373248 S 71 120 4 3 7 53 8 24 9 121 0 3 82 8 6 372407 74 108 27 3 110
270 348517 V 157 20 31 3 108 30 262 239 75 119 7 42 43 147 18 160 192 346810 4 47 3
271 330405 A 313950 702 70 0 41 234 23 4 8 46 5 14729 20 17 30 235 153 124 3 8 3
272 319654 H 3 4 13 1 0 1 319160 1 2 51 1 145 16 74 64 27 8 5 4 49 25
273 298506 K 6 3 0 45 1 12 2 2 298262 5 11 27 4 8 66 13 14 3 1 5 16
274 285430 S 9 17 127 5 54 352 0 0 4 7 0 7 45 0 8 284634 66 1 1 88 5
275 277440 C 98 275437 9 4 55 167 4 28 3 85 2 9 52 4 69 269 14 930 38 41 122
276 270298 L 37 23 0 0 58 14 1 113 0 269615 110 3 16 51 9 160 1 82 0 0 5
277 265159 P 28 7 1 0 0 1 107 2 0 57 0 0 264729 1 20 69 136 1 0 0 0
278 260551 A 257836 1 101 2 38 1155 26 31 0 86 152 6 20 0 6 752 147 184 4 1 3
279 253160 C 46 252404 4 5 31 78 1 1 2 104 1 22 19 0 147 168 18 19 9 50 31
280 262683 V 183 68 2 34 48 15 1 386 0 102 62 0 4 0 9 98 49 261607 2 6 7
281 278687 Y 3 72 5 6 37 8 61 19 5 136 3 20 3 0 141 12 5 25 2 278077 47
282 272143 G 164 42 3 123 30 270731 31 15 27 57 51 0 6 69 123 257 41 18 245 9 101
283 322729 P 327 154 10 406 10 1930 422 202 75 543 11 103 316333 283 213 925 269 297 60 148 8
284 346611 A 339496 19 175 27 26 321 16 13 42 4969 2 2 183 15 79 347 492 253 95 25 14
285 357699 V 437 112 14 188 10 675 3 297 0 491 13 69 9 19 26 161 20 355082 44 14 15
286 370929 A 370262 25 106 15 0 152 3 48 0 12 0 16 7 0 62 53 37 101 8 17 5
287 385437 S 3 32 3 32 0 126 0 50 28 3 15 59 2 24 742 384310 8 0 0 0 0
288 404737 G 15 0 2 84 1 404075 2 1 1 6 0 12 0 4 97 16 4 208 176 33 0
289 438076 Y 121 167 31 9 124 134 201 80 15 68 57 88 96 17 69 69 128 131 11 436364 96
290 473482 D 23 22 472434 100 12 108 27 28 5 63 1 196 28 55 37 56 125 65 1 92 4
291 504511 F 183 21 2 24 503488 52 4 36 1 144 119 2 94 10 16 107 34 119 9 36 10
292 540631 E 21 0 380 538679 27 241 18 11 607 39 8 9 34 22 12 138 81 127 12 93 72
293 559061 R 105 110 8 19 40 159 49 20 214 30 199 29 3 82 557708 129 93 39 19 3 3
294 573813 E 73 64 628 570104 798 298 229 29 117 181 7 54 15 685 83 51 147 75 1 62 112
295 606452 G 21 2 1 159 9 605885 1 3 0 7 0 3 0 5 108 9 2 106 0 0 131
296 639305 Y 9 121 9 0 93 3 144 1 27 1 0 125 4 0 2 27 5 8 4 638607 115
297 671244 S 78 27 5 1 55 11 0 11 2 13 0 0 106 0 151 670526 88 4 2 162 2
298 709230 L 10 14 3 0 3 12 5 180 4 708703 18 4 114 63 22 11 18 29 0 9 8
299 727261 V 105 3 69 2 68 18 0 100 5 39 0 7 24 16 23 33 42 726706 1 0 0
300 744216 G 50 3 1 114 0 743412 1 4 17 3 0 27 2 0 249 90 1 114 0 0 128
301 763942 I 39 1 75 0 4 47 4 762324 66 273 271 27 101 41 23 111 210 218 6 101 0
302 800233 D 16 17 798675 120 16 130 25 0 1 10 0 397 122 133 118 194 3 80 31 142 3
303 832279 P 17 0 0 0 7 23 405 0 0 58 0 0 831326 7 8 184 213 23 0 3 5
304 861694 F 117 13 7 2 860431 9 50 52 1 584 6 40 8 9 1 166 0 33 102 57 6
305 890595 R 61 70 5 3 59 451 212 298 220 450 64 239 10 51 887620 514 105 34 1 31 97
306 908032 L 51 2 0 19 98 29 23 420 4 906217 146 11 189 133 146 157 301 76 7 2 1
307 936353 L 599 35 2 8 120 59 40 181 2 934813 10 14 161 4 30 36 16 210 7 2 4
308 965396 Q 19 121 2 44 183 21 59 268 364 146 6 47 73 962628 827 109 150 173 22 2 132
309 983543 N 357 4 151 3 48 188 69 102 265 260 146 980064 200 60 337 728 273 81 146 57 4
310 1006977 S 24 279 2 14 6 572 21 273 25 200 107 386 26 10 304 1004344 207 150 11 15 1
311 1017761 Q 16 28 77 41 7 45 108 185 177 151 2 12 31 1013465 1171 154 56 1809 1 93 132
312 1033456 V 212 70 4 140 180 46 4 27 9 336 857 9 106 9 3 115 440 1030865 4 17 3
313 1051768 Y 6 339 14 11 112 86 252 15 5 35 0 92 19 3 17 213 5 14 5 1050334 191
314 1068209 S 26 82 6 1 14 226 1 250 0 9 0 161 8 9 267 1067029 46 59 0 1 14
315 1074761 L 9 23 7 4 1110 10 14 233 0 1072555 39 5 243 112 22 13 9 308 0 1 44
316 1081832 I 393 56 3 119 85 98 11 1079733 3 239 123 75 3 65 24 58 310 413 5 6 10
317 1088901 R 8 2 0 2 1 258 2 179 182 7 1 1 2 13 1088003 120 34 2 1 26 57
318 1081607 P 153 72 771 48 43 55 30 225 264 2875 11 41 1073999 915 273 493 237 213 42 846 1
319 1083084 N 166 31 12167 15 117 239 19 161 313 433 66 1066928 432 212 567 803 134 160 39 68 14
320 1084767 E 31 8 195 1083594 8 258 0 8 187 21 0 1 0 49 1 51 13 131 4 7 200
321 1071812 N 1 128 142 3 13 9 10 235 122 17 1 1070587 0 74 62 219 61 68 0 49 11
322 1067802 P 105 3 4 3 4 102 8 3 25 171 0 2 1066524 227 101 157 246 58 4 0 55
323 1065726 A 1062534 62 11 237 125 1217 4 14 7 82 3 12 129 339 66 211 287 356 1 17 12
324 1060918 H 49 34 41 2 3 11 1059793 5 1 144 0 148 62 177 192 69 16 3 0 119 49
325 1044215 K 1 0 1 179 9 5 6 0 1043410 5 66 208 0 17 235 0 16 4 0 0 53
326 1032338 S 17 80 0 1 0 349 1 81 4 2 0 159 2 4 145 1031405 71 13 0 0 4
327 1017964 Q 1 5 0 56 12 7 96 2 148 142 0 0 17 1017194 176 1 3 1 0 1 102
328 1002522 L 19 6 0 15 5 19 6 35 10 1001507 443 5 143 105 13 19 58 81 20 0 13
329 1007756 V 126 11 0 74 8 44 1 1011 3 208 188 9 1 0 5 23 105 1005919 3 0 17
330 1010040 W 9 201 1 3 153 23 0 16 4 221 0 0 7 1 207 38 2 7 1008204 620 323
331 988262 M 5 7 1 3 76 20 27 648 115 525 986093 6 30 20 144 54 191 282 11 0 4
332 986748 A 985135 7 4 253 1 101 3 8 22 12 4 11 55 0 3 520 353 250 0 2 4
333 985894 C 74 984002 1 2 313 108 3 58 0 196 11 27 2 10 228 286 11 88 40 269 165
334 967330 H 4 134 39 1 19 2 966147 54 2 93 1 201 34 94 135 12 122 26 4 204 2
335 951663 S 162 135 3 15 138 335 78 22 4 9 6 19 100 39 15 950037 221 52 3 260 10
336 941486 A 939379 20 198 7 0 735 0 1 0 24 0 0 61 12 0 317 506 226 0 0 0
337 927857 A 926389 4 3 247 5 54 8 142 1 18 1 3 158 15 2 232 429 116 5 23 2
338 923312 F 3 13 0 4 922574 9 39 50 2 251 57 26 8 1 35 155 0 26 2 51 6
339 924644 E 8 0 125 923935 0 175 0 0 85 1 0 0 3 46 1 0 1 51 0 1 212
340 914910 D 19 3 914147 57 0 129 20 2 0 3 0 144 0 3 13 126 1 101 0 139 3
341 911948 L 2 17 0 0 0 4 0 228 0 911179 12 4 192 62 82 4 122 39 0 0 1
342 917763 R 22 2 6 0 9 133 146 182 211 13 1 15 18 2 916622 133 35 9 147 1 56
343 919394 V 150 2 0 70 0 6 0 128 0 113 3 0 0 0 0 0 158 918764 0 0 0
344 920955 L 3 7 18 1 91 2 0 80 1 920392 0 0 9 0 2 162 60 41 0 0 86
345 909520 S 8 18 44 3 1 125 18 165 4 4 0 115 0 0 258 908612 136 9 0 0 0
346 906102 F 1461 24 3 6 903509 5 15 197 38 434 35 2 5 40 28 163 1 29 11 90 6
347 899232 I 39 14 0 0 75 9 0 898272 1 148 46 76 2 28 1 12 159 345 0 0 5
348 893101 K 33 21 3 169 9 24 139 32 891953 15 2 149 6 25 341 13 22 3 2 96 44
349 899393 G 53 10 3 160 0 898361 0 0 0 11 0 3 7 3 157 56 2 221 346 0 0
350 901095 T 439 20 2 4 3 51 31 36 138 342 474 13 314 2 1461 451 897210 29 39 32 4
351 900820 K 26 62 1 122 4 39 83 32 899008 121 67 207 24 10 413 37 366 55 34 48 61
352 893368 V 148 87 3 87 7 28 0 13 13 104 263 6 4 21 7 7 171 892296 0 6 97
353 907045 L 14 185 1 32 441 12 384 441 562 903244 8 79 293 68 1022 41 43 119 1 52 3
354 910276 P 188 272 2 78 366 60 50 16 17 225 1 31 906327 779 158 230 315 1147 2 11 1
355 913243 R 9 3 3 1 2 112 2 224 131 19 2 0 0 3 912525 95 42 0 0 3 67
356 929735 G 66 97 5 99 16 928494 6 10 2 14 3 0 4 2 225 57 13 201 416 2 3
357 915090 K 1 11 1 219 12 125 6 11 900534 51 46 591 3 544 209 12581 17 24 9 28 67
358 919371 L 5 7 4 2 83 27 19 237 1 918708 3 1 197 1 19 8 8 31 3 6 1
359 928658 S 32 57 1 0 138 57 2 21 0 6 0 7 234 27 28 927367 439 57 0 185 0
360 942157 T 168 36 3 0 12 16 0 115 38 47 6 121 9 8 8 299 941164 95 0 3 9
361 934769 R 2 27 0 0 9 142 0 214 157 12 0 1 3 0 933990 85 38 6 2 0 81
362 942776 G 33 1 12 115 0 942050 0 0 0 4 1 0 6 2 158 0 2 188 3 0 201
363 950096 V 203 59 50 1 95 104 4 165 3 54 0 0 595 0 0 6 8 948747 1 1 0
364 957632 Q 35 5 0 73 1 8 79 113 192 70 0 61 228 956348 221 32 16 4 4 15 127
365 964989 I 3 2 0 1 74 29 28 964221 1 70 5 82 1 17 15 87 194 147 1 4 7
366 974207 A 973400 0 174 0 0 94 0 0 7 3 0 0 38 0 1 195 177 117 0 0 1
367 970393 S 206 31 0 2 99 44 4 1 21 40 0 12 183 0 11 969332 140 16 1 244 6
368 970492 N 5 80 133 4 7 15 21 109 128 114 4 968904 10 192 173 347 60 102 5 77 2
369 978512 E 24 1 81 977856 2 149 0 6 150 1 0 4 0 36 2 1 0 58 0 0 141
370 975701 N 0 2 136 4 7 1289 34 185 47 167 0 973447 3 54 5 148 89 9 30 43 2
371 983253 M 5 2 1 45 21 50 4 436 90 147 981803 141 12 122 39 25 133 174 0 1 2
372 993230 E 96 0 193 992069 1 342 0 2 131 1 0 4 0 45 27 10 10 173 2 0 124
373 994631 T 194 128 8 24 4 125 2 197 3 565 89 135 73 0 262 134 992575 86 1 24 2
374 1000880 M 113 6 1 3 35 2 54 454 157 135 999490 0 1 0 23 3 222 178 1 0 2
375 1002285 E 12 0 91 1001334 0 236 12 3 125 131 4 0 19 57 0 1 1 82 1 1 175
376 1000154 S 116 111 1 1 12 69 33 2 9 83 0 7 265 1 41 999113 67 5 1 9 208
377 992872 S 37 323 0 1 5 170 1 199 0 26 7 195 1 2 190 991364 220 16 0 110 5
378 986584 T 398 7 1 7 1 7 6 149 154 2 0 10 11 1 103 337 985353 11 0 24 2
379 987054 L 2 5 0 0 103 1 66 136 1 986378 13 1 190 14 11 15 47 70 0 1 0
380 978884 E 14 116 97 977919 4 203 0 8 160 7 28 4 5 46 1 2 25 85 0 13 147
381 979885 L 2 10 0 6 1 4 3 26 1 979194 118 30 192 47 30 18 86 114 1 0 2
382 978596 R 1 1 1 3 8 259 10 69 153 23 1 0 12 0 977814 73 45 15 3 50 55
383 977909 S 21 73 10 3 0 205 23 187 2 6 1 201 9 2 291 976714 56 87 1 14 3
384 979528 R 40 75 11 1 13 353 1 176 98 112 402 19 3 14 977748 188 55 55 115 7 42
385 979165 Y 52 165 34 2 113 6 187 8 3 41 1 102 0 2 1 28 9 9 1 978220 181
386 981208 W 29 231 0 0 3 22 1 7 0 320 9 3 0 0 261 44 6 0 979934 1 337
387 981664 A 980677 11 174 0 0 84 0 0 0 0 0 3 49 0 3 179 346 137 0 0 1
388 974189 I 2 0 0 0 1 23 1 973191 46 180 391 1 1 1 17 32 158 124 3 10 7
389 976711 R 8 50 1 2 5 212 1 3 232 16 230 9 2 2 975641 188 33 21 51 1 3
390 972424 T 191 3 2 3 0 24 0 141 9 6 1 100 23 9 8 273 971603 22 4 1 1
391 985991 R 4 4 3 0 55 251 0 139 259 69 1 3 3 5 984866 67 25 73 5 72 87
392 986643 S 183 53 4 6 8 624 70 90 2 22 5 191 2 1 136 984935 170 85 21 17 18
393 997274 G 52 136 0 93 0 995988 27 2 3 1 0 27 11 1 195 240 0 251 24 0 223
394 1004340 G 52 7 0 160 0 1003497 3 0 0 1 1 0 8 5 201 10 14 180 3 1 197
395 1002560 N 219 53 203 19 84 238 1101 1296 234 14 35 997727 44 348 312 326 155 78 2 64 8
396 1005958 T 365 123 39 81 182 279 21 126 29 762 59 202 413 10 777 2182 999557 634 38 10 69
397 1011646 N 77 46 424 47 26 542 23 335 224 378 5 1007026 224 164 939 305 191 580 3 87 0
398 1003086 Q 80 316 19 42 66 62 249 213 475 316 646 3 132 999425 386 198 271 58 2 44 83
399 994837 Q 142 79 9 68 58 59 332 479 810 735 57 23 688 988408 541 306 1687 222 0 8 126
400 996826 R 19 19 7 2 11 295 31 26 727 41 510 29 29 58 994463 300 153 24 57 5 20
401 1007912 A 1003664 54 21 276 7 436 163 951 21 241 0 68 454 102 170 317 346 529 2 12 78
402 1007995 S 89 68 76 82 220 62 346 33 45 341 0 198 187 99 46 1005109 449 173 5 350 17
403 1013795 A 1008930 30 45 213 40 176 17 13 5 86 128 181 125 26 45 2128 968 600 1 3 35
404 1028664 G 271 481 508 4 11 1025021 65 26 4 501 0 132 23 4 116 765 331 379 6 12 4
405 1045670 Q 11 0 0 32 8 11 68 5 209 62 7 8 33 1044801 200 26 4 4 0 1 180
406 1032274 I 3 77 3 1 106 21 3 1029374 3 697 441 80 8 59 22 94 863 390 0 20 9
407 1049337 S 118 29 0 0 2 266 2 175 0 2 3 156 2 0 270 1048227 70 0 0 5 10
408 1059497 I 67 151 0 0 3 23 1 1057201 52 507 234 18 1 18 11 28 830 338 0 2 12
409 1064720 Q 226 69 7 65 1 37 144 181 119 42 0 10 13 1062788 148 268 32 443 2 0 125
410 1074453 P 63 0 0 0 0 23 264 3 0 58 0 0 1073755 0 34 122 107 14 0 0 10
411 1082188 T 179 4 0 0 0 17 0 21 120 0 211 0 9 1 45 76 1081459 41 0 0 5
412 1092351 F 1 9 0 1 1091597 7 5 74 0 395 0 5 1 0 2 152 1 33 0 61 7
413 1101036 S 160 27 12 0 1 82 2 22 61 224 10 40 255 9 42 1099584 96 77 0 5 327
414 1117351 V 224 22 0 101 2 9 2 376 6 338 8 0 2 14 3 21 17 1116174 0 17 15
415 1123188 Q 149 2 2 122 4 3 318 2 151 130 0 55 24 1121724 274 80 3 11 1 4 129
416 1121941 R 1 1 0 0 0 166 14 130 125 3 0 0 0 0 1121287 52 45 9 0 22 86
417 1139918 N 34 530 774 5 52 148 49 195 129 35 1 1136483 79 47 856 255 55 62 1 122 6
418 1148710 L 4 25 3 5 86 0 82 409 0 1147452 89 0 293 1 4 2 144 101 0 0 10
419 1149769 P 125 34 6 42 16 0 574 67 2 304 7 1 1147744 1 38 95 453 252 2 2 4
420 1161344 F 32 29 1 0 1160583 1 47 58 0 231 2 0 3 2 0 242 6 17 15 75 0
421 1169946 D 171 14 1167921 257 25 320 206 19 7 32 0 290 1 1 261 12 32 178 3 172 24
422 1170833 R 57 17 1 2 162 491 7 264 287 140 1 34 237 65 1168120 303 310 79 62 114 80
423 1165702 T 749 14 29 13 50 74 7 425 164 174 0 50 333 844 283 227 1162051 160 3 49 3
424 1175299 T 381 433 2 5 36 2 34 331 0 14 3 138 27 0 28 234 1173574 41 10 3 3
425 1172741 I 0 42 1 11 71 6 4 1171904 0 31 4 93 7 0 8 55 151 311 0 35 7
426 1168768 M 5 63 5 0 3 1 2 516 138 1250 1166266 48 11 4 29 5 217 198 0 0 7
427 1166675 A 1164612 9 1 284 4 153 2 7 1 175 79 14 75 9 68 444 231 491 6 3 7
428 1148707 A 1146645 18 0 241 8 141 26 23 47 12 0 7 63 14 14 441 302 691 0 12 2
429 1135103 F 0 16 4 4 1134035 8 3 58 1 457 39 1 1 2 5 211 6 36 0 216 0
430 1117221 N 4 133 249 113 8 252 60 312 168 873 2 1112034 23 8 222 1519 202 390 6 637 6
431 1094042 G 96 18 23 184 117 1091154 8 27 6 42 1 56 90 23 295 576 137 799 383 0 7
432 1072046 N 69 8 330 106 45 63 120 86 131 185 0 1069971 236 65 59 225 147 34 23 138 5
433 1055174 T 293 78 22 176 209 44 56 235 236 1089 2 19 767 62 369 247 1051233 28 3 3 3
434 1029998 E 30 2 627 1027655 8 290 7 32 181 57 41 24 5 29 20 636 20 88 1 40 205
435 1007905 G 40 5 0 169 0 1006671 3 7 1 6 17 2 1 0 197 45 35 220 482 3 1
436 978006 R 60 1 0 1 8 283 0 157 182 15 5 9 30 1 977033 67 55 6 0 1 92
437 946406 T 155 19 27 7 7 3 19 417 147 102 11 72 33 24 72 280 944989 16 1 3 2
438 920612 S 159 91 1 5 73 19 18 26 0 15 7 148 180 65 15 919312 267 13 13 182 3
439 900756 D 13 6 899819 202 0 171 34 1 4 6 0 224 1 2 5 31 4 88 0 138 7
440 868995 M 15 67 3 132 92 8 10 377 55 116 865925 6 7 48 49 65 146 1701 9 88 76
441 841056 R 28 1 0 1 0 204 28 5 127 2 211 3 30 4 840123 187 32 5 58 5 2
442 808023 T 151 23 3 0 0 97 1 629 3 75 1 97 26 1 21 309 806538 34 3 3 8
443 785943 E 9 11 58 785180 0 121 0 0 247 12 0 0 0 44 0 6 1 67 0 1 186
444 758817 I 17 22 0 1 25 16 7 758018 10 99 41 47 15 6 11 53 180 228 3 9 9
445 727560 I 18 30 0 0 0 7 4 726790 34 125 178 0 3 0 7 9 122 220 0 6 7
446 691486 R 171 11 22 6 28 578 6 22 161 17 199 84 2 41 689801 179 72 14 39 28 5
447 656120 M 79 671 41 22 72 146 7 318 156 137 653963 2 17 18 42 133 123 134 22 10 7
448 630218 M 6 8 0 1 3 52 0 221 65 155 629416 9 2 0 17 2 103 153 0 0 5
449 593310 E 9 4 32 592834 0 151 0 1 79 10 2 3 1 24 8 10 1 41 0 3 97
450 560168 S 37 33 103 69 26 324 24 72 0 89 18 99 18 328 398 558449 45 14 1 20 1
451 522572 A 520515 12 145 95 7 128 48 15 17 39 3 0 36 6 27 193 588 691 2 2 3
452 492375 R 0 150 1 2 19 288 0 301 316 3 2 2 33 0 491091 66 55 19 7 5 15
453 445477 P 178 18 7 3 0 926 12 1 11 160 2 0 443875 115 43 49 47 7 0 23 0
454 410783 E 5 4 25 410409 1 45 1 16 72 17 0 35 12 14 0 5 5 43 0 0 74
455 360923 D 54 15 359556 76 18 67 10 117 2 231 0 50 1 6 7 238 28 88 10 349 0
456 315945 V 151 2 17 28 18 14 2 79 5 92 68 11 0 19 24 16 12 315377 0 10 0
457 292960 S 34 16 6 0 35 29 2 59 3 103 0 10 40 30 8 292367 129 7 25 57 0
458 353432 F 1 5 5 0 352858 4 8 28 1 229 87 2 0 0 0 106 1 4 0 88 5
459 350175 Q 15 2 100 41 0 37 296 8 162 157 7 10 85 348770 322 22 16 59 0 2 64
460 338745 G 25 2 1 85 1 338405 2 1 4 12 1 0 0 3 49 41 3 97 7 2 4
461 327413 R 0 1 0 0 0 93 6 2 3 246 1 2 29 232 326668 0 18 1 110 1 0
462 312889 G 39 3 1 94 0 312412 2 0 0 2 0 1 5 0 107 2 0 52 0 0 169
463 292315 V 122 1 9 0 35 7 1 63 0 38 8 0 1 0 3 6 29 291991 0 0 1
464 341392 F 6 9 0 4 340993 2 1 57 1 180 1 8 0 2 0 62 13 20 0 33 0
465 341733 E 3 0 71 341389 0 62 1 0 80 1 8 0 0 16 4 1 0 18 1 0 78
466 353521 L 55 0 14 18 75 2 27 87 0 352998 1 6 92 46 31 7 3 30 1 22 6
467 363475 S 3 23 1 10 5 2 2 41 16 123 7 20 69 23 50 362938 21 0 20 8 93
468 373331 D 5 2 372950 69 4 98 17 1 1 7 3 57 2 0 1 4 1 22 0 87 0
469 403164 E 6 0 12 402817 0 74 0 2 105 0 0 0 0 25 0 0 15 16 0 0 92
470 424850 K 0 0 0 52 0 0 0 0 424474 0 15 82 0 4 203 2 8 1 0 0 9
471 454013 A 453572 0 0 89 0 41 0 0 0 1 0 1 16 1 0 60 144 88 0 0 0
472 492100 A 491136 0 7 168 1 28 0 13 2 12 0 3 20 0 1 134 354 196 1 24 0
473 517567 S 7 17 0 27 9 71 88 147 2 11 0 132 7 23 241 516710 32 0 0 43 0
474 544611 P 18 1 0 0 0 0 1 0 2 111 2 0 544069 218 28 51 108 0 0 0 2
475 566325 I 2 1 0 0 64 0 1 565880 3 38 21 54 5 5 20 16 102 88 0 25 0
476 572804 V 224 26 0 44 1 13 0 12 1 272 187 0 1 1 11 0 59 571950 1 1 0
477 586217 P 31 1 0 0 1 0 120 0 0 51 0 0 585806 1 15 55 135 1 0 0 0
478 601786 S 2 21 0 2 118 0 10 34 35 101 3 5 174 12 8 601040 47 7 0 167 0
479 609443 F 8 15 0 0 608826 0 49 48 12 218 40 3 10 19 19 85 14 39 0 38 0
480 606127 D 39 2 605409 135 2 130 50 10 6 5 1 108 24 9 0 3 5 83 1 105 0
481 606870 M 2 4 0 1 11 25 1 290 33 57 606181 1 4 1 9 13 110 121 6 0 0
482 599768 S 0 47 3 0 3 122 5 76 1 2 0 102 0 0 89 599288 30 0 0 0 0
483 602158 N 0 0 80 2 1 1 4 51 47 0 25 601860 0 1 1 50 15 0 1 18 1
484 600011 E 7 25 64 598869 0 66 0 5 130 9 133 114 9 51 87 3 173 100 1 3 162
485 597882 G 27 44 0 57 0 597321 0 7 0 2 0 3 2 14 97 3 1 119 13 16 156
486 596702 S 8 25 0 0 34 0 7 1 0 3 1 3 79 1 1 596393 57 0 2 87 0
487 595655 Y 0 67 3 0 27 0 128 0 0 2 0 7 0 0 1 3 0 0 1 595379 37
488 594171 F 0 3 1 0 593816 0 0 29 0 195 0 0 2 0 0 82 0 2 1 39 1
489 593658 F 0 6 0 0 593213 0 0 30 0 282 0 0 0 0 0 50 0 2 0 74 1
490 592970 G 38 1 2 51 5 592444 0 1 2 10 0 0 1 0 151 0 1 115 0 0 148
491 591774 D 32 0 591139 102 7 115 27 0 3 3 20 106 0 0 1 28 9 71 0 110 1
492 588454 N 15 1 92 1 0 2 44 67 69 3 1 587654 0 0 26 373 68 0 0 38 0
493 585479 A 584491 0 1 121 0 42 37 14 0 2 0 0 30 2 10 135 391 192 0 11 0
494 580185 E 6 0 229 579268 6 141 35 3 94 11 46 50 0 19 16 15 15 91 15 2 123
495 572629 E 3 0 167 571790 3 141 2 3 96 25 32 3 2 80 97 7 10 33 2 14 119
496 554339 Y 1 179 13 2 58 4 85 8 0 47 0 44 0 0 4 17 0 63 7 553640 167
497 558672 D 13 7 555029 148 127 312 31 6 0 75 3 191 0 0 6 27 2 268 27 2357 43
498 548618 N 14 14 73 4 18 232 20 74 85 46 2 546924 0 27 499 64 41 148 1 315 17
