#SITE	SITE_LOG_LIKELIHOOD
1	-0.733203
2	-2.93046
3	-8.56402
4	-6.57895
5	-3.1803
6	-2.86289
7	-1.26089
8	-6.05073
9	-3.19934
10	-11.018
11	-1.28662
12	-8.83301
13	-0.0864142
14	-9.88358
15	-2.9131
16	-1.3135
17	-14.6213
18	-16.406
19	-3.43221
20	-8.76144
21	-3.56679
22	-9.75814
23	-3.045
24	-10.9415
25	-5.79081
26	-5.96169
27	-12.1934
28	-8.99008
29	-7.85836
30	-6.29507
31	-14.499
32	-0.0266885
33	-8.99486
34	-18.3891
35	-2.26682
36	-1.95708
37	-10.8685
38	-8.75083
39	-2.2837
40	-2.60408
41	-6.22885
42	-1.2734
43	-0.149571
44	-6.34377
45	-11.5745
46	-5.45157
47	-10.8527
48	-6.69796
49	-7.09803
50	-13.9487
51	-4.35901
52	-21.5876
53	-5.82586
54	-7.02121
55	-40.8454
56	-16.569
57	-3.03268
58	-9.07771
59	-1.93895
60	-7.38714
61	-11.9224
62	-2.55914
63	-1.39115
64	-1.94338
65	-16.9131
66	-0.221969
67	-8.56803
68	-3.85703
69	-2.66218
70	-2.65244
71	-1.39984
72	-8.96617
73	-14.4061
74	-6.70123
75	-10.3308
76	-11.7599
77	-11.5219
78	-8.80048
79	-4.44372
80	-3.48105
81	-2.44468
82	-6.72413
83	-6.18915
84	-12.5061
85	-17.9044
86	-3.34594
87	-8.87383
88	-5.35454
89	-7.01139
90	-4.57933
91	-1.75207
92	-9.58958
93	-6.03224
94	-10.5527
95	-6.49284
96	-1.64577
97	-2.30005
98	-30.8932
99	-2.38365
100	-20.2696
101	-42.1937
102	-27.6665
103	-23.7478
104	-0.108734
105	-10.8758
106	-5.87625
107	-1.4405
108	-3.55723
109	-8.53155
110	-2.86833
111	-6.83588
112	-5.83001
113	-1.2982
114	-1.68967
115	-1.2977
116	-1.48898
117	-8.49734
118	-16.65
119	-10.8429
120	-0.0166957
121	-7.92799
122	-2.36401
123	-10.5272
124	-9.12752
125	-2.80367
126	-10.5538
127	-21.7156
128	-4.42648
129	-19.6541
130	-9.36478
131	-11.7065
132	-13.2357
133	-11.1632
134	-3.19666
135	-2.06117
136	-12.4866
137	-0.124865
138	-7.79412
139	-0.0424273
140	-6.01253
141	-6.68524
142	-1.33655
143	-3.54851
144	-1.44434
145	-6.25634
146	-30.1111
147	-15.0774
148	-12.4053
149	-1.93894
150	-10.885
151	-2.27897
152	-2.31097
153	-2.52996
154	-2.89483
155	-13.6795
156	-11.2719
157	-8.1686
158	-17.1942
159	-0.583324
160	-9.00791
161	-3.63604
162	-7.29926
163	-1.99364
164	-2.74533
165	-2.76544
166	-13.3404
167	-0.0794024
168	-9.448
169	-7.03759
170	-14.2506
171	-11.4751
172	-15.0199
173	-2.41225
174	-9.38105
175	-7.38929
176	-7.46643
177	-2.24363
178	-16.6485
179	-2.24929
180	-16.3374
181	-2.72326
182	-2.41149
183	-3.30208
184	-1.28441
185	-2.24492
186	-12.4144
187	-12.786
188	-8.5184
189	-0.835135
190	-7.17102
191	-11.5044
192	-19.0995
193	-16.5797
194	-14.9849
195	-5.8461
196	-0.202743
197	-22.3991
198	-1.35788
199	-8.03455
200	-6.66291
201	-3.71019
202	-5.141
203	-8.41294
204	-16.5949
205	-12.4578
206	-10.8634
207	-0.0495488
208	-6.3535
209	-2.24818
210	-7.25894
211	-2.32513
212	-15.5091
213	-33.5452
214	-9.46499
215	-8.90741
216	-13.6971
217	-31.9374
218	-5.62159
219	-8.15132
220	-9.80124
221	-2.55618
222	-0.854705
223	-2.04091
224	-2.80046
225	-5.81093
226	-7.71281
227	-1.30449
228	-11.1228
229	-6.50285
230	-1.42848
231	-4.66623
232	-8.36105
233	-9.66451
234	-3.12026
235	-4.08323
236	-19.8809
237	-7.41656
238	-0.4291
239	-7.73096
240	-1.33695
241	-1.26337
242	-2.95998
243	-2.53708
244	-4.62522
245	-12.1018
246	-14.574
247	-17.6661
248	-2.26299
249	-6.67176
250	-12.4686
251	-2.40279
252	-4.38559
253	-20.1455
254	-1.30173
255	-1.27707
256	-9.29016
257	-26.5158
258	-1.26939
259	-37.1
260	-4.65767
261	-13.2438
262	-7.33302
263	-6.82223
264	-16.7853
265	-8.99792
266	-18.1755
267	-2.75025
268	-13.7342
269	-6.39719
270	-3.10266
271	-3.47596
272	-1.93353
273	-5.31261
274	-6.05157
275	-12.9065
276	-12.9461
277	-9.08474
278	-3.27722
279	-1.52949
280	-15.8478
281	-6.01166
282	-2.43402
283	-16.8351
284	-22.5283
285	-10.4687
286	-11.8021
287	-10.7839
288	-18.6729
289	-17.7566
290	-17.1003
291	-8.83492
292	-8.45682
293	-13.4745
294	-11.1586
295	-2.25432
296	-5.07124
297	-6.32965
298	-31.9845
299	-16.6561
300	-14.5586
301	-8.42898
302	-3.76812
303	-2.4251
304	-2.16563
305	-6.41567
306	-17.1826
307	-7.55287
308	-5.26747
309	-15.7983
310	-13.5375
311	-13.721
312	-16.4404
313	-2.13797
314	-10.0724
315	-9.26812
316	-12.5426
317	-2.29844
318	-19.4665
319	-16.5897
320	-1.93921
321	-12.589
322	-8.06567
323	-2.75811
324	-1.94619
325	-1.93209
326	-10.2135
327	-9.72986
328	-8.21868
329	-10.4386
330	-0.143609
331	-0.781775
332	-8.9571
333	-2.56329
334	-18.1658
335	-14.0814
336	-6.54334
337	-2.35936
338	-6.25016
339	-1.31442
340	-9.34901
341	-16.099
342	-2.84887
343	-16.6749
344	-21.0138
345	-7.39177
346	-2.65202
347	-2.77741
348	-7.1314
349	-2.89023
350	-21.2574
351	-25.6139
352	-9.13953
353	-52.3284
354	-15.8914
355	-21.3221
356	-8.23321
357	-19.3054
358	-12.807
359	-9.16942
360	-2.28266
361	-2.30158
362	-14.6873
363	-14.8343
364	-4.49459
365	-2.0027
366	-2.33563
367	-8.37423
368	-7.36077
369	-4.93237
370	-5.8463
371	-8.99086
372	-8.48029
373	-30.5548
374	-13.5408
375	-38.0648
376	-11.7133
377	-10.6481
378	-16.0527
379	-3.35974
380	-5.46909
381	-8.78812
382	-6.42692
383	-3.07831
384	-30.4476
385	-5.90589
386	-0.145221
387	-9.47208
388	-1.31784
389	-15.1104
390	-2.87419
391	-6.74816
392	-2.38868
393	-2.33105
394	-5.90407
395	-2.46505
396	-16.8866
397	-5.24245
398	-9.34849
399	-10.7701
400	-17.4663
401	-22.6627
402	-12.1566
403	-11.1434
404	-15.2292
405	-5.23746
406	-13.7407
407	-6.47279
408	-29.0165
409	-2.00364
410	-2.39525
411	-24.9092
412	-4.6825
413	-14.9348
414	-11.0532
415	-5.95288
416	-2.30057
417	-11.7894
418	-7.73767
419	-8.02539
420	-1.91024
421	-19.2946
422	-20.4441
423	-24.5357
424	-8.88924
425	-24.1651
426	-1.66796
427	-2.56591
428	-3.74964
429	-7.86695
430	-21.0379
431	-10.2936
432	-10.3441
433	-34.0157
434	-7.64391
435	-9.26067
436	-2.29662
437	-10.8732
438	-14.2842
439	-2.01183
440	-0.920564
441	-10.7997
442	-24.8791
443	-1.29262
444	-7.22995
445	-1.64522
446	-21.6803
447	-2.6746
448	-0.580238
449	-5.27067
450	-20.9249
451	-4.79521
452	-14.0069
453	-16.4742
454	-2.29488
455	-11.1022
456	-13.2704
457	-19.8906
458	-1.96843
459	-18.8047
460	-4.40597
461	-13.8333
462	-7.98754
463	-14.2469
464	-5.20079
465	-11.8182
466	-4.41924
467	-14.2614
468	-1.94019
469	-5.8858
470	-16.118
471	-2.24378
472	-26.5306
473	-9.85981
474	-2.9764
475	-2.66262
476	-3.18511
477	-9.19944
478	-6.84178
479	-2.02836
480	-13.3952
481	-0.51256
482	-8.32405
483	-4.77169
484	-2.06465
485	-3.85841
486	-2.65231
487	-1.26537
488	-1.93097
489	-1.94205
490	-7.66806
491	-1.96128
492	-1.45546
493	-2.3093
494	-5.95655
495	-2.11755
496	-7.19488
497	-8.97933
498	-27.6717
