# nucleotide counts
# upper case indicates nucleotide called by both reads
# lower case indicates nucleotide called by one read with other ambiguous
# N indicates disagreement between reads, or both ambiguous
# POSITION WT COUNTS A T C G a t c g N
1 A 988478 985397 60 3 142 2660 3 3 1 209
2 T 989485 100 986018 143 6 2 2982 1 0 233
3 G 990386 158 189 62 986421 4 6 1 3135 410
4 G 990887 59 140 31 987062 0 3 2 3295 295
5 C 991656 224 279 987189 44 8 5 3627 2 278
6 G 992309 165 118 44 987848 1 3 3 3864 263
7 T 993088 36 988221 152 16 2 4345 0 1 315
8 C 993731 91 64 988483 19 2 5 4726 0 341
9 T 994498 77 988675 306 15 2 5158 5 1 259
10 C 995230 148 113 988871 41 2 5 5578 0 472
11 A 996144 989350 66 12 269 6155 9 1 3 279
12 A 996881 989599 76 18 223 6603 11 1 3 347
13 G 997251 293 251 31 989703 7 6 1 6678 281
14 G 997962 230 163 44 990052 6 6 1 7019 441
15 C 999020 151 131 990679 39 1 14 7573 2 430
16 A 999773 990403 73 10 180 8032 0 16 4 1055
17 C 1000801 59 91 991574 31 13 7 8531 4 491
18 C 1002114 229 95 991994 36 6 7 9302 14 431
19 A 1003336 992744 49 16 118 10162 21 4 0 222
20 A 1004413 993467 30 6 111 10543 1 17 2 236
21 A 1005477 993802 46 49 121 11060 20 1 5 373
22 C 1006615 82 176 994528 43 3 13 11408 2 360
23 G 1007613 137 201 50 995208 4 14 22 11697 280
24 A 1009186 996363 43 5 131 12427 5 1 5 206
25 T 1010559 62 996894 190 9 2 12921 3 3 475
26 C 1011816 121 65 998344 30 2 4 13073 1 176
27 T 1013483 65 997678 1410 19 3 13909 32 3 364
28 T 1015228 19 998849 702 9 4 15333 12 2 298
29 A 1017146 1000001 32 6 177 16382 3 2 9 534
30 C 1019155 121 223 1001390 37 6 45 17140 0 193
31 G 1020415 311 181 43 1002044 4 27 1 17546 258
32 A 1022366 1003313 71 2 126 18350 7 5 5 487
33 A 1024209 1004831 60 16 159 18818 11 2 12 300
34 C 1026411 130 132 1006061 58 6 8 19577 5 434
35 A 1029089 1007669 63 17 165 20927 19 0 4 225
36 G 1030211 193 181 28 1008666 7 25 11 20814 286
37 A 1032094 1010382 93 2 156 21094 4 7 2 354
38 T 1034290 67 1011962 125 12 2 21827 5 7 283
39 G 1035587 195 217 35 1013621 10 43 6 21237 223
40 G 1037469 140 196 45 1015380 7 21 6 21448 226
41 A 1039858 1016428 98 10 295 22535 32 0 16 444
42 G 1041817 112 218 31 1018362 6 18 7 22675 388
43 A 1044030 1020420 80 3 163 22962 23 5 11 363
44 C 1046750 116 94 1022224 42 2 7 23819 6 440
45 T 1050086 82 1024308 279 14 3 25041 15 3 341
46 G 1052373 125 259 44 1025712 6 50 5 25962 210
47 A 1054637 1027809 108 6 199 26102 11 7 5 390
48 T 1057248 130 1029761 121 31 4 27003 4 3 191
49 G 1059024 150 248 57 1031757 4 67 14 26501 226
50 G 1060944 102 186 32 1034621 9 34 5 25685 270
51 A 1063378 1035512 87 14 354 26835 45 5 20 506
52 G 1065366 181 176 43 1037411 17 13 10 27133 382
53 A 1068242 1039098 29 6 157 28272 13 4 11 652
54 A 1070448 1040113 30 16 227 29757 8 7 16 274
55 C 1073230 132 205 1040939 50 12 27 31647 5 213
56 G 1076255 372 239 64 1041606 16 25 13 33613 307
57 C 1079202 171 80 1042000 34 9 8 36548 13 339
58 C 1084159 177 160 1042295 41 17 20 41177 6 266
59 A 1088597 1042294 74 628 278 44951 44 36 14 278
60 G 1090529 85 194 22 1044252 5 45 6 45696 224
61 A 1093342 1042476 69 5 157 50350 21 2 24 238
62 A 1096109 1039437 47 22 158 56204 4 10 13 214
63 T 1100183 83 1036746 274 12 19 62800 19 5 225
64 G 1104380 254 230 54 1029682 22 44 10 73848 236
65 C 1109606 156 217 1023414 36 51 36 85266 16 414
66 C 1114563 159 178 1015643 42 30 54 98284 13 160
67 A 1118708 1007216 131 428 183 109835 39 71 47 758
68 C 1123110 138 82 1002666 31 35 25 119789 20 324
69 T 1127766 113 1003021 232 20 46 124057 36 17 224
70 G 1132093 232 174 49 993368 73 59 32 137771 335
71 A 1136107 982637 72 14 188 152768 58 46 35 289
72 A 1138903 970059 44 28 161 168134 77 22 76 302
73 A 1141355 949922 44 21 114 190636 51 36 70 461
74 T 1144228 62 933586 138 5 63 209879 53 66 376
75 C 1147309 103 108 917313 48 127 83 229067 87 373
76 A 1149892 901889 74 10 246 247136 163 24 118 232
77 G 1147403 199 137 31 886310 114 152 67 259991 402
78 A 1146845 872626 27 16 211 273305 176 73 87 324
79 G 1142387 135 316 33 856712 89 198 173 284464 267
80 C 1140057 176 133 846566 54 173 217 292453 121 164
81 A 1136627 832344 125 22 97 303352 122 136 119 310
82 T 1133003 66 817828 147 6 164 313686 354 101 651
83 C 1129744 114 65 807117 32 385 280 321466 63 222
84 C 1134556 209 192 796976 38 692 274 335798 120 257
85 G 1126841 277 103 20 787439 469 332 211 337737 253
86 T 1116301 78 772899 114 6 236 342133 126 262 447
87 C 1105834 130 202 757874 26 277 195 346627 321 182
88 G 1087934 319 164 27 752180 407 230 214 334173 220
89 G 1072952 154 119 30 734775 214 197 68 337192 203
90 A 1061765 721109 30 5 231 339757 147 47 238 201
91 A 1049478 707590 22 10 129 340987 139 129 128 344
92 A 1038312 690592 35 5 104 347078 129 82 106 181
93 A 1025280 678072 38 3 88 346532 144 72 131 200
94 A 1013034 662101 37 5 73 350044 288 57 180 249
95 T 1003592 52 646412 100 10 329 355933 151 299 306
96 G 989327 168 115 25 634473 411 382 79 353534 140
97 A 975938 621736 60 6 95 353199 261 93 323 165
98 T 964962 48 601578 91 13 281 362513 129 118 191
99 T 954511 60 589027 88 16 191 364582 107 281 159
100 G 943490 135 141 28 582531 296 615 84 359483 177
101 G 930370 118 62 16 573361 216 273 291 355850 183
102 T 917736 56 571110 110 8 591 344250 202 530 879
103 G 915203 97 142 28 574024 373 269 77 340005 188
104 G 898956 80 113 26 559861 334 280 78 338009 175
105 A 885872 549837 45 10 116 335117 95 96 349 207
106 A 428145 341753 22 3 69 86100 29 12 37 120
107 T 424536 14 343582 32 3 16 80718 31 15 125
108 T 426218 26 345269 47 5 30 80701 19 13 108
109 G 427976 50 103 30 349316 33 98 33 78204 109
110 G 426402 37 48 21 353031 19 47 15 73061 123
111 A 425315 354370 27 2 128 70538 26 8 42 174
112 C 428079 38 99 357356 17 27 64 70353 15 110
113 G 430756 71 56 20 360484 35 54 20 69919 97
114 A 432243 364035 28 2 49 67948 22 12 25 122
115 T 436350 17 366024 88 8 10 70022 39 10 132
116 T 439503 24 368697 37 1 21 70580 15 6 122
117 C 442201 72 30 374082 21 36 28 67805 17 110
118 T 449136 34 379923 111 5 16 68886 28 9 124
119 A 454797 385293 45 8 80 69153 28 11 29 150
120 C 461510 57 57 391623 20 24 34 69573 12 110
121 A 468016 395859 29 9 64 71867 23 16 22 127
122 T 473945 36 402145 83 5 21 71471 38 14 132
123 C 480196 65 28 409539 20 23 22 70363 13 123
124 C 487291 122 56 414774 13 31 26 72129 11 129
125 A 493943 419873 21 6 55 73770 27 13 23 155
126 A 498906 424946 15 9 49 73691 17 16 20 143
127 A 504875 431963 17 7 65 72638 11 10 24 140
128 T 510456 30 439512 57 6 18 70669 21 6 137
129 G 514130 89 38 23 446153 28 49 13 67609 128
130 T 520158 54 452571 91 12 20 67143 21 12 234
131 G 525286 131 72 35 459151 26 41 11 65674 145
132 C 531724 94 160 463113 18 16 42 68129 11 141
133 A 538319 470561 42 10 93 67275 18 35 23 262
134 C 542954 46 59 475853 12 26 32 66737 11 178
135 C 547683 118 145 481079 19 45 93 66034 17 133
136 G 553482 157 86 21 487191 34 62 24 65760 147
137 A 559838 492683 23 4 66 66832 21 23 25 161
138 A 564814 497744 44 6 86 66652 29 24 20 209
139 C 570594 100 50 504211 11 32 19 66028 4 139
140 T 577534 23 510525 110 5 14 66664 30 11 152
141 C 583589 72 110 515471 27 34 31 67684 16 144
142 A 588697 518994 11 12 107 69370 28 9 23 143
143 A 594078 523591 18 13 70 70173 20 10 19 164
144 A 598713 525574 38 19 72 72700 26 22 25 237
145 C 603892 55 45 530638 17 18 28 72936 11 144
146 T 609989 24 533880 72 6 12 75768 31 13 183
147 C 615224 99 57 539057 20 28 24 75773 17 149
148 A 620540 545310 40 8 150 74766 47 16 24 179
149 G 624380 67 83 18 549870 17 27 16 74140 142
150 T 629700 83 554955 105 8 27 74082 37 7 396
151 G 634918 88 103 19 560820 23 48 23 73655 139
152 A 639655 566149 45 5 110 73100 18 13 20 195
153 T 644514 44 569666 241 8 26 74273 50 9 197
154 T 651269 8 574436 239 6 21 76308 52 14 185
155 A 657029 581386 43 5 88 75273 17 11 31 175
156 T 662079 65 586402 89 14 14 75265 27 13 190
157 G 666141 132 121 26 593155 28 71 14 72405 189
158 A 671319 598215 64 9 151 72508 121 8 42 201
159 G 674235 112 157 19 602355 39 96 17 71240 200
160 G 677123 136 137 17 606366 26 78 16 70121 226
161 G 680758 217 87 20 611628 46 43 17 68478 222
162 A 685225 615876 45 7 223 68730 33 14 44 253
163 C 689910 70 171 619050 17 33 61 70331 29 148
164 G 695237 152 137 29 619727 54 149 30 74762 197
165 G 697898 178 65 34 623640 30 31 14 73730 176
166 T 702685 54 627339 162 14 16 74633 32 30 405
167 T 708735 45 630456 112 5 10 77849 24 22 212
168 G 711512 121 92 38 633637 29 82 33 77303 177
169 A 716545 638125 74 9 124 77937 14 26 37 199
170 T 720600 61 642209 138 5 45 77866 35 21 220
171 C 726036 143 69 647803 28 37 69 77631 8 248
172 C 731176 150 96 650112 28 97 41 80412 17 223
173 A 735730 653709 28 67 108 81479 44 49 34 212
174 A 738607 653539 33 4 146 84563 59 7 36 220
175 A 742182 654179 22 6 94 87541 23 54 29 234
176 A 745229 655736 49 47 87 88947 32 45 23 263
177 C 748776 78 83 658124 18 53 45 90157 45 173
178 A 750831 660225 20 14 105 90186 41 33 30 177
179 G 752220 104 115 23 664198 55 63 40 87445 177
180 C 755229 109 69 664306 17 40 45 90439 27 177
181 T 761213 43 667231 230 11 37 93337 49 20 255
182 T 766314 77 672867 254 7 47 92766 75 17 204
183 A 770341 675702 59 6 120 94134 38 16 31 235
184 A 774627 679496 63 8 124 94587 31 28 33 257
185 C 778859 85 73 682437 22 78 35 95907 27 195
186 A 784148 686078 36 5 96 97612 44 16 25 236
187 A 785322 688872 46 9 91 95984 15 18 63 224
188 T 789106 46 693312 99 5 30 95333 57 11 213
189 A 793645 696727 69 8 161 96356 90 14 43 177
190 G 795159 69 163 30 700366 25 74 36 94188 208
191 A 798001 702301 43 10 120 95196 55 16 44 216
192 G 800192 58 124 22 706894 25 39 20 92823 187
193 A 803661 706859 61 5 123 96209 59 22 30 293
194 G 804812 97 95 26 707466 28 40 15 96831 214
195 A 806724 710186 44 7 116 96046 24 21 40 240
196 A 809735 714343 38 6 125 94903 14 14 47 245
197 T 812767 63 715424 85 4 43 96853 28 8 259
198 G 812956 115 178 36 715967 44 79 19 96226 292
199 G 814894 157 57 23 714596 40 32 24 99737 228
200 T 817960 88 714878 106 16 63 101865 34 74 836
201 G 821864 174 111 26 716503 48 51 15 104706 230
202 C 825892 123 84 717744 25 41 27 107604 20 224
203 T 831469 41 717975 129 17 39 112986 35 14 233
204 C 835384 125 75 721119 15 67 41 113734 18 190
205 T 838975 63 717519 121 6 69 120896 43 12 246
206 C 840474 116 58 716385 36 62 39 123543 30 205
207 T 843942 61 714893 228 15 106 128325 82 10 222
208 G 841596 252 122 30 712738 165 89 15 128006 179
209 C 843829 145 76 710713 23 52 137 132461 41 181
210 T 849929 15 711145 189 13 29 138199 64 17 258
211 T 851952 39 710763 131 9 39 140563 46 105 257
212 T 854580 26 711491 104 5 42 142575 41 39 257
213 T 855756 37 707931 149 16 29 147270 47 56 221
214 G 852849 130 110 34 706593 147 79 31 145503 222
215 A 850359 705132 61 4 147 144628 49 43 63 232
216 C 851742 73 280 705374 27 90 169 145412 88 229
217 G 853346 216 130 31 706723 114 115 79 145753 185
218 A 855110 710876 41 5 178 143602 82 17 75 234
219 A 856005 711048 43 15 131 144314 58 24 93 279
220 A 855480 713819 32 13 189 141017 108 18 71 213
221 G 853200 124 218 26 716124 69 171 28 136202 238
222 G 852500 113 145 33 719264 87 57 23 132562 216
223 A 851914 719269 79 7 175 132020 59 12 65 228
224 G 850270 105 103 36 719374 62 52 30 130321 187
225 A 848728 719652 63 6 172 128473 25 22 65 250
226 A 845906 718431 35 5 103 127010 23 15 55 229
227 A 846907 717923 41 13 108 128523 28 19 36 216
228 T 846503 45 718193 366 9 69 127476 76 31 238
229 A 847476 717066 29 3 121 129920 45 24 39 229
230 A 847210 718564 61 2 85 128162 28 16 37 255
231 A 846167 720791 38 8 88 124931 31 33 31 216
232 T 846036 43 720489 188 6 54 124924 59 14 259
233 A 846900 725017 52 6 116 120635 52 57 57 908
234 C 845226 63 64 727994 29 46 66 116691 25 248
235 C 847424 208 58 730569 24 82 49 116149 48 237
236 T 849531 64 726742 116 11 44 122237 57 19 241
237 T 848719 69 724523 145 12 71 123531 42 40 286
238 G 847409 171 113 34 724195 78 98 47 122461 212
239 A 847383 722137 55 12 120 124688 32 29 62 248
240 A 846894 720662 46 13 130 125596 89 24 71 263
241 G 845889 92 105 24 721335 70 71 26 123968 198
242 A 845426 720726 61 7 113 124149 62 16 46 246
243 A 845226 720440 65 11 161 124145 28 23 54 299
244 C 846895 82 76 721333 33 70 61 125016 29 195
245 A 850880 720748 55 13 83 129678 36 32 22 213
246 T 851364 60 719430 172 6 49 131309 50 19 269
247 C 851842 110 54 717816 20 65 55 133485 22 215
248 C 853858 176 81 718044 38 143 41 135032 27 276
249 C 859028 281 85 720892 23 150 44 137281 36 236
250 A 862395 723155 17 20 138 138753 23 24 47 218
251 G 860997 140 78 13 726252 45 33 27 134200 209
252 T 857954 71 728513 121 16 44 128564 53 193 379
253 G 854652 196 142 30 726959 170 68 25 126861 201
254 C 852949 135 228 727836 49 42 262 124102 56 239
255 G 849988 175 388 30 728196 75 130 43 120733 218
256 G 847865 94 466 30 724508 36 206 27 122272 226
257 G 845247 132 172 27 724261 46 98 20 120233 258
258 G 842493 132 129 21 723017 60 55 68 118768 243
259 A 842356 723284 43 6 166 118443 89 16 44 265
260 A 842080 726969 40 7 141 114370 216 48 38 251
261 A 842113 728043 60 38 257 113084 105 14 275 237
262 G 838529 218 106 13 727756 91 252 38 109859 196
263 A 836971 728651 40 3 96 107691 241 16 29 204
264 T 835693 59 729937 244 7 35 104869 247 17 278
265 C 833248 101 68 728493 21 69 199 104012 27 258
266 C 834879 202 69 727743 31 100 182 106293 26 233
267 T 838219 43 728306 725 8 88 108603 246 9 191
268 A 836408 727551 6 4 105 108451 19 12 31 229
269 A 834728 729266 24 17 92 104990 34 17 63 225
270 G 832299 85 54 18 729886 68 31 16 101924 217
271 A 831530 728264 34 5 133 102743 17 20 92 222
272 A 830801 725736 20 12 135 104540 56 14 29 259
273 A 829205 724622 9 7 113 104111 24 15 35 269
274 A 826643 723239 49 52 82 102780 32 26 40 343
275 C 826413 62 39 723435 19 58 26 102552 23 199
276 T 827635 40 722881 144 10 19 104265 45 16 215
277 G 825291 171 132 48 723010 43 99 23 101554 211
278 G 824291 98 80 24 723158 85 52 20 100544 230
279 A 826485 724670 48 6 207 101157 54 21 114 208
280 G 824764 96 113 19 724196 41 96 10 99948 245
281 G 824083 84 117 18 723428 28 86 29 100071 222
282 A 822668 721871 87 13 140 99966 69 11 47 464
283 C 821351 59 106 719651 30 40 41 101100 61 263
284 C 822125 144 46 718435 16 94 70 103090 14 216
285 T 823032 59 715782 202 15 49 106625 53 40 207
286 A 821541 714384 66 5 99 106662 36 16 35 238
287 T 820303 52 713086 104 6 33 106764 24 12 222
288 A 819275 712927 64 13 101 105878 23 16 33 220
289 T 819402 52 710918 175 8 38 107900 50 16 245
290 A 817693 710051 73 9 117 107100 30 12 41 260
291 C 816110 90 122 711075 37 48 46 104450 28 214
292 A 816012 708822 69 21 159 106616 76 17 37 195
293 G 814886 127 188 27 707206 38 80 20 106981 219
294 G 814179 126 163 32 706242 29 51 19 107288 229
295 A 814379 704952 58 3 162 108824 78 16 40 246
296 G 810409 93 149 12 702802 29 60 13 107063 188
297 A 809574 702421 37 3 127 106727 19 17 36 187
298 G 807726 130 38 19 701982 36 27 17 105287 190
299 T 808826 92 702522 172 11 120 104615 48 83 1163
300 A 809691 703050 17 7 127 106204 22 10 37 217
301 A 810399 703015 28 9 113 106908 22 16 35 253
302 A 810745 702548 31 49 109 107629 20 25 30 304
303 C 811068 84 175 702605 20 63 93 107787 36 205
304 G 811623 226 166 13 701683 58 95 26 109130 226
305 G 810330 110 97 17 702062 44 30 13 107756 201
306 A 810598 701729 46 8 136 108350 29 11 41 248
307 A 812860 702971 40 8 110 109409 21 16 32 253
308 A 812197 702209 20 5 225 109433 33 11 48 213
309 G 812127 95 52 16 701637 38 40 16 110052 181
310 T 813452 55 701605 91 6 84 110782 45 101 683
311 G 812440 125 209 26 699258 54 117 14 112401 236
312 G 809642 71 114 15 697634 25 61 19 111492 211
313 A 810059 698295 71 6 153 111274 23 10 30 197
314 T 808983 83 699423 99 17 26 108990 37 18 290
315 G 808311 125 149 21 701959 42 76 23 105729 187
316 A 808374 700937 81 19 139 106838 109 15 31 205
317 G 804767 77 119 16 697208 30 59 18 107066 174
318 A 805979 696721 59 6 193 108648 59 13 39 241
319 G 803066 144 110 27 697457 48 69 15 105002 194
320 A 803170 695394 41 7 125 107286 28 19 33 237
321 A 800862 694483 63 14 112 105727 43 15 32 373
322 C 798335 49 67 695063 15 31 24 102861 16 209
323 T 799903 53 693182 119 7 35 106220 47 19 221
324 C 800338 130 75 691532 20 90 30 108250 25 186
325 A 801308 691077 59 11 140 109724 19 22 35 221
326 T 801904 79 690142 130 7 31 111240 24 8 243
327 C 802758 114 51 687027 12 69 32 115200 30 223
328 C 804512 195 43 685227 15 108 29 118610 21 264
329 T 805657 18 685223 117 18 77 119919 41 17 227
330 T 804792 42 682056 99 1 39 122192 58 16 289
331 T 801676 16 680241 108 6 36 120980 32 19 238
332 A 797721 677120 61 6 102 120149 64 6 28 185
333 T 795685 95 676658 95 13 40 118554 32 23 175
334 G 792163 201 86 34 673950 62 85 44 117531 170
335 A 790575 672565 110 4 136 117357 34 44 37 288
336 C 790340 91 85 669473 44 84 39 120251 55 218
337 A 792753 667256 27 11 102 125012 48 23 32 242
338 A 791012 665485 38 8 106 125060 28 18 38 231
339 A 791773 664033 42 7 424 126841 64 18 120 224
340 G 791561 95 111 19 664856 95 50 26 126157 152
341 A 792260 665381 29 1 122 126388 31 14 71 223
342 A 792657 665728 36 11 119 126411 47 41 47 217
343 G 789247 87 81 12 667754 73 36 28 120982 194
344 A 788523 664229 53 1 115 123795 29 10 73 218
345 A 786205 660948 26 8 125 124775 29 18 38 238
346 A 784679 660588 34 14 90 123648 19 10 65 211
347 T 783193 41 655843 113 6 59 126873 35 23 200
348 A 787182 657436 8 5 140 129293 35 20 51 194
349 A 788492 658448 47 14 119 129546 51 14 41 212
350 G 785967 76 162 22 660452 64 49 23 124905 214
351 G 782306 59 99 13 659615 25 32 27 122218 218
352 C 781148 149 118 659430 40 86 74 121008 60 183
353 G 780001 157 109 21 657642 86 75 22 121700 189
354 A 779347 658052 45 24 88 120802 51 23 37 225
355 A 777595 654783 20 17 93 122334 26 14 61 247
356 T 777431 56 654440 94 4 56 122506 38 28 209
357 C 776010 114 41 654632 19 71 35 120889 42 167
358 T 778835 56 654405 128 29 89 123846 44 24 214
359 G 775320 202 108 27 654282 63 67 32 120326 213
360 G 769503 140 95 16 652635 59 40 27 116287 204
361 C 770519 180 164 653082 45 70 89 116629 32 228
362 G 768712 180 147 29 653505 60 63 27 114486 215
363 C 766897 99 58 654870 16 37 46 111533 12 226
364 C 770235 119 84 654850 37 63 49 114816 20 197
365 A 771330 650017 42 12 117 120835 31 19 30 227
366 A 769431 646022 32 21 89 122984 21 16 41 205
367 G 766154 125 142 24 647108 46 63 24 118454 168
368 C 762529 141 116 649151 19 72 39 112782 34 175
369 T 762145 14 650587 336 8 37 110903 67 13 180
370 A 761904 648761 7 1 95 112747 32 18 34 209
371 A 764098 648995 77 18 74 114608 30 19 48 229
372 T 765236 69 650854 148 2 46 113838 35 26 218
373 A 765525 652216 28 4 104 112878 32 23 39 201
374 A 765800 651195 36 10 76 114176 23 38 31 215
375 T 766047 46 649032 103 6 44 116586 31 22 177
376 G 765570 142 131 15 647169 49 92 28 117749 195
377 G 763206 128 51 19 647615 50 26 18 115104 195
378 T 762647 75 648593 118 10 71 113074 42 65 599
379 G 762465 143 91 21 649743 44 32 33 112179 179
380 A 761646 650714 59 6 135 110414 21 21 33 243
381 C 760940 66 326 651124 30 59 146 108970 24 195
382 G 763132 153 120 25 652072 66 90 41 110381 184
383 A 761411 654343 73 1 105 106622 31 17 22 197
384 T 761251 63 653158 120 12 31 107614 33 12 208
385 G 759309 176 111 25 653031 62 64 14 105658 168
386 C 758815 160 200 653806 45 81 69 104225 26 203
387 A 759043 656138 39 11 157 102359 32 17 45 245
388 A 759026 658562 30 7 106 99955 21 30 42 273
389 C 758849 92 167 659415 24 88 109 98759 19 176
390 G 758653 423 145 18 657842 99 65 15 99830 216
391 G 760602 154 124 37 660249 53 39 17 99735 194
392 C 760294 149 62 657462 25 69 39 102283 15 190
393 T 762016 34 656875 97 1 36 104720 29 12 212
394 G 759397 122 124 15 655456 42 70 24 103325 219
395 G 755341 86 58 18 653724 45 31 20 101175 184
396 T 754765 57 648533 132 12 53 100448 52 1226 4252
397 C 755547 127 83 652909 25 63 38 102063 28 211
398 T 756868 37 651621 192 12 46 104603 61 22 274
399 G 753478 130 141 37 651206 49 71 24 101519 301
400 A 753908 652807 93 11 119 100235 45 16 69 513
401 C 755904 79 98 652847 25 64 29 102434 18 310
402 T 758969 80 652499 236 12 39 105623 108 20 352
403 C 761082 123 79 652795 24 61 47 107717 13 223
404 A 762187 653670 75 23 101 107675 34 69 40 500
405 C 763721 91 106 657403 17 57 65 105723 17 242
406 A 767417 658229 39 25 97 108716 13 37 32 229
407 T 769068 56 659778 124 5 66 108670 33 23 313
408 G 767953 126 125 26 665418 66 101 26 101800 265
409 A 768040 667171 50 5 126 100292 30 11 40 315
410 T 768306 63 665650 91 3 94 101902 28 24 451
411 G 767669 141 101 35 666276 59 87 15 100690 265
412 A 769262 667740 50 5 110 100905 37 16 48 351
413 T 769355 52 670105 92 5 66 98572 27 18 418
414 C 769572 117 65 668434 23 80 50 100484 33 286
415 T 772231 86 668926 190 18 73 102643 49 18 228
416 G 769245 162 113 24 669011 79 125 21 99313 397
417 G 766669 128 110 24 670618 32 50 19 95477 211
418 C 767262 166 146 670600 37 52 46 95786 58 371
419 A 768595 670885 54 17 139 97042 26 41 62 329
420 T 769605 28 671323 126 16 37 97703 54 16 302
421 T 769935 26 672438 121 3 34 97024 56 18 215
422 C 769614 111 79 672349 34 86 86 96436 20 413
423 C 769962 159 88 670709 26 106 44 98582 32 216
424 A 771251 669831 47 13 125 100783 26 71 35 320
425 A 770198 669805 36 4 66 99937 28 19 59 244
426 T 768800 25 670632 78 6 36 97668 72 11 272
427 T 770850 42 671110 89 8 31 99231 74 13 252
428 T 771743 28 670326 105 3 65 100932 42 15 227
429 G 770162 105 111 29 669438 49 185 32 99804 409
430 A 771466 670662 51 10 135 100145 45 19 45 354
431 A 770960 669846 30 8 121 100659 24 13 39 220
432 T 770528 85 667090 99 9 45 102839 41 18 302
433 G 768763 87 126 27 667548 33 100 21 100577 244
434 A 768133 668358 49 8 135 99231 17 19 45 271
435 T 766838 58 666989 106 9 35 99316 37 17 271
436 G 766421 402 93 24 665302 98 78 25 100188 211
437 C 766235 103 131 663702 34 77 46 101836 54 252
438 A 769099 663957 24 7 126 104550 17 68 27 323
439 A 768246 663526 46 8 85 104136 69 17 29 330
440 C 767789 65 51 662400 16 81 64 104771 32 309
441 T 768868 222 660936 119 15 70 107131 56 36 283
442 T 767419 13 658840 111 1 42 108101 88 13 210
443 A 768166 659731 23 6 93 107884 70 68 34 257
444 T 770243 84 659876 267 15 41 109581 59 73 247
445 C 770949 118 59 660058 16 81 78 110210 90 239
446 A 776235 661090 69 15 184 114418 162 15 56 226
447 G 775978 108 148 24 662274 114 91 27 112910 282
448 A 777477 657908 44 5 154 118884 62 117 68 235
449 G 775409 110 157 16 656040 63 109 25 118616 273
450 G 771332 137 82 19 654468 147 54 15 116192 218
451 A 769467 651785 110 7 187 116550 39 34 120 635
452 C 768824 58 94 652498 27 97 54 115684 46 266
453 A 771028 653928 68 6 122 116510 77 22 43 252
454 A 767695 653002 54 8 135 114128 70 18 46 234
455 G 767761 90 42 19 652245 742 64 39 112919 1601
456 A 767016 656418 29 8 112 110063 23 25 67 271
457 G 764327 91 133 19 659166 59 55 21 104571 212
458 C 765562 140 36 658249 30 45 27 106760 30 245
459 T 769302 25 659404 108 3 33 109331 92 17 289
460 C 769703 95 54 660718 23 69 45 108379 54 266
461 T 770841 55 663260 101 5 62 107054 60 21 223
462 T 773944 62 661864 141 4 72 111276 255 38 232
463 G 772850 95 62 27 660790 66 175 17 111266 352
464 T 772374 65 658403 115 86 34 112787 41 473 370
465 T 774184 107 657278 111 7 463 115793 131 30 264
466 C 772938 162 184 657281 31 106 111 114734 30 299
467 G 775366 254 117 68 659594 152 155 57 114708 261
468 C 775637 137 140 665384 30 341 78 109294 28 205
469 A 777303 665875 64 10 104 110120 134 143 79 774
470 C 778184 52 89 664766 60 325 96 112369 202 225
471 C 781141 180 176 663818 25 402 214 116063 55 208
472 G 784897 242 184 28 662867 118 250 89 120843 276
473 G 782917 88 113 30 663872 264 79 32 118237 202
474 A 783260 664091 62 170 153 118046 64 236 81 357
475 A 782239 664392 44 19 150 117096 24 27 255 232
476 T 783529 38 664992 127 16 256 117581 64 166 289
477 G 781540 155 153 31 665042 298 183 119 115314 245
478 G 780700 114 109 29 668192 66 38 295 111650 207
479 A 782175 670174 35 12 142 111374 31 41 82 284
480 T 784653 62 672768 145 34 82 110958 128 105 371
481 C 785387 143 85 672798 17 71 52 111856 96 269
482 C 788916 186 75 677006 29 182 41 111057 60 280
483 C 790580 351 97 676423 31 205 73 113132 62 206
484 A 795339 679398 31 18 173 115211 56 56 112 284
485 G 796018 88 172 8 680740 101 128 28 114528 225
486 G 796420 93 93 11 682995 68 69 24 112840 227
487 A 796703 685519 49 6 137 110485 44 32 103 328
488 T 798478 41 686503 91 7 55 111415 31 69 266
489 G 798542 142 84 19 687558 69 55 35 110378 202
490 T 800377 65 687130 101 14 43 112160 36 184 644
491 G 801098 228 133 27 687945 95 43 21 112379 227
492 C 803149 101 71 687674 31 44 44 114938 34 212
493 T 808867 51 687615 119 10 47 120647 57 43 278
494 C 812158 131 57 688262 21 96 39 123284 18 250
495 T 814727 55 690763 115 2 94 123394 52 26 226
496 C 816268 139 55 690629 22 83 33 125074 30 203
497 T 819577 55 691759 192 11 113 127150 70 18 209
498 G 816303 116 145 25 694569 55 125 31 121050 187
499 A 817085 696907 72 5 110 119647 24 27 51 242
500 T 819526 64 699244 135 11 36 119712 58 19 247
501 G 820761 183 114 42 697847 98 84 41 122145 207
502 C 821607 112 112 699878 36 89 45 121048 46 241
503 A 822461 700294 50 12 173 121519 50 33 70 260
504 A 821556 701431 57 10 244 119341 80 30 74 289
505 G 820087 76 195 15 701590 45 90 20 117861 195
506 G 820605 95 61 25 702258 45 47 35 117802 237
507 T 821283 29 702891 153 13 39 116426 77 473 1182
508 T 819784 47 705991 131 4 40 113204 79 20 268
509 C 821372 116 107 707670 44 54 87 113062 26 206
510 A 826075 709129 44 20 269 116200 32 30 87 264
511 A 825411 709497 49 10 113 115050 50 50 64 528
512 C 826085 92 56 713046 11 98 22 112535 37 188
513 T 829115 49 711928 127 5 35 116437 105 54 375
514 C 828512 176 43 711845 20 57 48 116124 11 188
515 T 830079 62 710791 161 6 69 118501 92 22 375
516 C 831190 166 164 711584 23 50 73 118852 25 253
517 C 834625 184 80 711728 17 103 63 122171 25 254
518 C 837616 368 54 715381 23 189 37 121323 18 223
519 T 839762 37 715673 105 3 78 123530 69 13 254
520 A 840262 712620 35 7 125 127110 58 39 43 225
521 G 839171 92 157 30 712346 63 87 26 126165 205
522 G 840252 80 105 24 715138 36 54 25 124575 215
523 A 839564 714089 49 2 145 124824 50 24 92 289
524 G 840793 60 194 12 714622 27 77 18 125571 212
525 G 840300 107 37 15 717893 39 35 24 121916 234
526 T 842525 58 715683 112 10 119 124515 57 611 1360
527 C 844694 102 64 718169 17 89 37 125974 23 219
528 T 848889 65 723252 313 14 144 124800 87 14 200
529 G 848681 157 101 20 725012 172 107 30 122848 234
530 G 849697 112 66 30 728556 46 37 24 120578 248
531 A 851215 731856 19 2 186 118686 20 27 91 328
532 G 849687 112 145 25 732869 50 41 24 116247 174
533 C 851634 121 110 735876 24 48 34 115133 27 261
534 C 855227 163 240 740617 6 57 87 113778 25 254
535 G 858010 321 107 99 743777 138 83 94 113099 292
536 C 860107 126 75 741576 22 64 81 117929 28 206
537 A 863060 741170 64 41 320 120964 93 66 69 273
538 G 861221 85 165 25 742111 28 133 20 118417 237
539 G 859910 160 58 14 740956 41 81 23 118335 242
540 T 860073 72 738401 361 14 49 119907 93 161 1015
541 G 860254 175 142 23 738613 55 203 21 120827 195
542 C 861619 77 99 739929 24 56 221 120990 13 210
543 T 863338 45 743709 255 27 31 118689 337 25 220
544 G 865562 243 132 39 743306 85 52 26 121469 210
545 C 868123 129 200 743262 46 59 68 124110 26 223
546 A 870358 744973 49 16 168 124788 61 23 54 226
547 G 870284 104 83 22 745277 39 49 21 124528 161
548 T 871145 75 746016 141 6 86 124481 46 30 264
549 C 872599 117 99 749871 32 65 41 122106 24 244
550 A 873524 752663 69 8 146 120218 37 65 32 286
551 A 875449 757266 52 20 89 117575 89 18 43 297
552 A 875369 761219 44 37 286 113318 45 73 69 278
553 G 876553 119 162 11 759159 37 257 75 116515 218
554 G 875798 95 136 26 758833 47 282 26 116120 233
555 A 877267 760350 44 7 173 116137 29 12 225 290
556 G 875404 112 62 13 760764 49 41 22 114138 203
557 T 875342 48 761723 113 16 181 112609 45 67 540
558 T 878794 70 766667 128 13 129 111373 49 75 290
559 G 878859 184 154 33 767919 80 204 40 109999 246
560 G 878148 132 116 35 770002 76 66 22 107471 228
561 A 879896 771533 53 3 242 107634 20 36 64 311
562 A 880498 770246 78 16 179 109546 23 46 58 306
563 C 881359 89 95 772428 34 102 76 108246 15 274
564 A 882033 773514 66 13 115 107939 55 28 48 255
565 A 881590 774791 59 15 138 106170 59 18 36 304
566 T 883773 68 777474 101 8 57 105761 30 60 214
567 G 882863 185 159 25 779209 83 83 32 102839 248
568 G 880845 134 48 18 778423 63 43 25 101842 249
569 T 880541 95 775641 139 14 61 102827 58 152 1554
570 G 879805 135 170 34 778190 38 87 34 100922 195
571 A 879168 776806 106 7 149 101725 13 38 47 277
572 T 878873 72 776867 116 17 19 101439 51 23 269
573 G 879534 171 154 36 777463 60 75 21 101299 255
574 G 878687 99 113 29 775550 44 42 26 102547 237
575 A 878319 772750 84 13 176 104867 31 13 48 337
576 A 877587 775031 40 11 224 101936 22 8 57 258
577 T 876798 43 777006 121 7 27 99280 30 12 272
578 T 877249 44 777216 116 4 29 99533 26 12 269
579 G 876266 194 216 29 776965 60 80 34 98423 265
580 G 874861 221 53 32 776682 42 60 25 97515 231
581 T 875181 104 774950 151 11 32 99458 31 43 401
582 C 877126 192 144 772507 33 83 42 103893 19 213
583 A 879067 771602 112 13 158 106781 77 55 41 228
584 G 879377 121 126 24 772839 75 67 26 105888 211
585 A 878249 771224 41 36 163 106452 23 27 46 237
586 A 878232 771249 69 15 140 106376 21 46 37 279
587 T 876882 73 770307 97 5 21 106100 32 11 236
588 G 873848 109 116 20 769002 35 96 46 104241 183
589 A 872389 768862 60 5 134 102998 14 37 35 244
590 T 872021 94 767350 153 11 25 104091 26 13 258
591 C 871161 127 98 764760 40 124 48 105714 22 228
592 A 872772 764536 16 11 134 107729 35 13 36 262
593 A 872354 763478 11 13 128 108370 16 18 37 283
594 A 869789 760946 47 74 102 108206 44 29 35 306
595 C 868814 113 167 757499 37 48 61 110645 26 218
596 G 866229 191 99 15 757758 46 59 39 107826 196
597 T 867079 43 758131 90 14 25 108177 61 57 481
598 G 865785 162 362 23 759399 63 154 34 105362 226
599 G 864938 131 213 24 757480 34 113 33 106638 272
600 G 864357 145 113 24 755875 32 62 35 107809 262
601 A 864470 756483 90 7 156 107394 26 11 47 256
602 T 862977 49 755194 123 7 18 107246 45 35 260
603 C 858811 119 108 750684 25 104 65 107499 13 194
604 A 856998 750205 50 12 148 106118 39 124 37 265
605 A 856368 748415 23 10 112 107422 68 29 30 259
606 T 856819 74 747558 108 12 30 108733 32 62 210
607 G 857200 140 113 20 749403 50 155 62 107064 193
608 A 855626 749653 83 5 118 105385 41 90 27 224
609 T 852755 65 747477 108 6 27 104657 129 31 255
610 C 852659 147 157 746474 23 110 108 105372 55 213
611 G 853049 208 163 17 745216 126 120 36 106931 232
612 G 850330 157 102 20 744636 43 57 36 105050 229
613 A 850322 741747 30 3 134 108066 23 16 51 252
614 A 850095 737127 27 10 143 112327 28 28 44 361
615 C 848200 78 84 731307 8 55 34 116440 21 173
616 T 848568 18 729436 131 11 36 118619 38 35 244
617 T 844569 35 725472 90 4 42 118625 39 22 240
618 C 842036 102 40 724533 21 41 44 117024 17 214
619 T 841376 70 718604 149 12 67 122200 49 23 202
620 G 838938 159 169 35 716094 40 118 20 122093 210
621 G 835104 149 173 28 712454 39 64 24 121985 188
622 A 831103 708414 55 5 165 121961 89 20 76 318
623 G 829904 125 340 19 705612 38 125 41 123422 182
624 G 828343 148 452 15 702644 51 125 26 124656 226
625 G 827120 118 185 20 704035 38 72 52 122344 256
626 G 823694 127 90 29 702933 70 41 22 120180 202
627 T 824915 74 698543 142 16 87 123584 121 409 1939
628 G 825593 113 140 13 700066 53 72 74 124866 196
629 A 824627 697923 99 7 187 125925 76 18 120 272
630 G 820742 138 116 19 697625 82 77 23 122471 191
631 A 819640 697624 31 6 148 121443 36 30 46 276
632 A 817818 696275 53 16 122 120993 38 35 22 264
633 T 817204 57 695524 116 8 35 121106 54 48 256
634 G 813514 186 141 30 696030 51 166 32 116627 251
635 G 812464 137 112 21 694638 52 50 25 117217 212
636 A 811602 693694 60 4 192 117250 25 50 65 262
637 C 812425 102 214 692772 38 88 107 118833 37 234
638 G 811904 199 121 24 689022 88 110 76 122059 205
639 A 811508 687415 53 2 192 123495 55 17 69 210
640 A 811657 684753 36 12 91 126392 34 16 56 267
641 A 808967 680170 18 7 77 128350 39 25 36 245
642 A 807058 679329 24 8 111 127262 27 31 32 234
643 A 802999 676059 58 206 132 126096 49 78 68 253
644 C 802740 58 48 676920 17 114 43 125297 49 194
645 A 803075 672995 30 6 125 129592 16 51 45 215
646 A 802540 671437 36 9 105 130620 42 18 56 217
647 G 799279 116 75 21 668958 88 60 23 129783 155
648 A 799965 668847 41 8 123 130578 32 30 70 236
649 A 798167 666897 45 11 93 130817 23 24 57 200
650 T 797611 42 666073 120 15 63 130968 41 21 268
651 T 797364 42 665995 107 2 37 130877 41 31 232
652 G 796316 118 129 24 666675 46 105 49 128943 227
653 C 793497 103 57 664998 30 52 68 127953 45 191
654 T 796317 33 667246 103 8 47 128569 72 19 220
655 T 798726 12 671085 112 7 44 127188 57 28 193
656 A 799436 672059 36 8 115 126880 39 53 51 195
657 T 801584 62 672417 113 10 57 128642 39 26 218
658 G 802310 129 101 37 675279 97 126 21 126347 173
659 A 803231 675675 66 5 130 126995 59 25 52 224
660 A 802232 677688 26 9 122 124037 34 15 76 225
661 A 805885 678710 33 8 158 126600 45 15 87 229
662 G 804845 81 102 18 678484 65 56 28 125818 193
663 A 801964 675118 33 4 173 126206 35 18 146 231
664 A 799752 672233 37 8 161 126933 24 14 105 237
665 T 796555 55 668914 77 17 85 127118 40 21 228
666 G 794711 194 72 17 668287 99 60 26 125793 163
667 T 792673 154 666799 137 17 73 124952 51 52 438
668 G 790334 120 92 23 666683 50 81 23 123066 196
669 C 788276 103 150 666681 49 62 66 120897 40 228
670 A 788819 665817 52 7 131 122473 27 25 62 225
671 A 790376 665960 76 9 111 123820 34 24 34 308
672 C 789912 70 61 666751 22 89 35 122648 59 177
673 A 791135 665507 39 14 90 125190 26 43 29 197
674 T 793678 23 669538 130 9 20 123626 87 18 227
675 T 795651 53 671325 126 14 40 123740 80 17 256
676 C 794168 129 61 671387 32 115 44 122186 24 190
677 T 793171 85 668777 127 9 55 123793 53 41 231
678 C 793664 143 87 669067 28 108 82 123857 81 211
679 A 795932 668596 45 19 87 126834 48 28 42 233
680 A 794814 667748 44 9 113 126521 50 33 59 237
681 A 791431 665629 43 20 157 125240 59 20 59 204
682 G 792775 97 423 22 665066 50 142 22 126761 192
683 G 791087 121 143 24 663753 66 70 29 126641 240
684 G 786186 102 118 33 663919 68 56 24 121651 215
685 A 781296 664292 32 6 146 116476 20 7 76 241
686 A 779200 662662 29 11 150 116032 24 28 32 232
687 A 775544 663016 45 8 100 112078 25 14 37 221
688 T 776329 57 664725 125 12 45 111028 51 23 263
689 T 776314 40 666403 113 15 26 109397 44 20 256
690 T 774795 53 666444 139 11 17 107842 52 15 222
691 C 774389 108 97 666921 30 58 42 106914 33 186
692 A 773491 668480 23 11 211 104429 35 19 51 232
693 A 771854 669186 30 10 105 102251 22 16 34 200
694 A 769952 669268 35 31 85 100156 47 38 31 261
695 C 769779 91 40 669687 22 41 36 99685 16 161
696 T 770442 47 669219 92 11 28 100755 29 19 242
697 G 770747 124 116 31 668449 35 59 27 101721 185
698 C 768945 98 86 667064 15 36 34 101415 28 169
699 T 768669 59 666647 138 15 29 101464 60 22 235
700 G 768526 207 126 25 666332 87 58 39 101466 186
701 C 768217 111 109 666470 34 66 45 101148 29 205
702 A 767558 665603 72 11 135 101260 40 44 60 333
703 C 766395 67 104 665796 24 131 47 99926 21 279
704 A 767940 665603 32 2 84 101949 25 42 26 177
705 A 764759 663856 24 4 95 100474 23 20 29 234
706 A 763179 664185 16 11 82 98592 25 19 35 214
707 A 761246 664719 28 13 152 95991 25 20 51 247
708 A 756635 663154 22 8 315 92796 27 36 73 204
709 G 753341 119 95 18 661916 63 41 34 90877 178
710 C 751978 105 100 662802 29 134 54 88417 38 299
711 A 748799 661658 48 11 116 86644 34 33 32 223
712 A 745072 659172 24 21 93 85342 21 28 158 213
713 T 741060 57 656334 96 11 40 84246 24 50 202
714 G 737621 144 93 20 655310 87 154 17 81635 161
715 A 733626 651634 63 6 115 81438 128 17 32 193
716 T 730414 71 650147 111 8 32 79620 30 135 260
717 G 728219 166 160 22 647290 136 65 16 80131 233
718 G 725023 122 93 22 645912 137 41 17 78457 222
719 A 720195 640894 47 2 114 78876 25 18 30 189
720 T 716691 78 638883 110 11 44 77275 30 16 244
721 C 712831 102 70 635981 22 123 59 76218 17 239
722 A 710162 634977 42 8 154 74636 62 9 45 229
723 A 705013 630262 17 10 115 74295 58 21 40 195
724 G 700527 148 55 14 627102 43 28 20 72957 160
725 T 696585 82 623799 118 13 55 71939 40 49 490
726 G 692415 148 138 27 622063 34 28 16 69770 191
727 A 687999 620112 84 13 160 67334 50 16 27 203
728 G 681948 92 143 24 617770 27 33 18 63668 173
729 A 678056 615086 54 17 195 62422 41 11 45 185
730 G 673908 75 91 12 610852 33 24 11 62628 182
731 A 669291 606750 41 7 146 62082 18 13 28 206
732 G 662563 84 73 10 600985 36 16 13 61163 183
733 A 656926 595667 15 27 115 60796 14 28 39 225
734 G 651030 118 131 20 591448 20 23 33 58978 259
735 C 647060 107 202 588103 26 92 38 58281 25 186
736 C 642396 139 113 582112 29 51 52 59172 140 588
737 G 638345 223 127 25 578830 104 133 40 58636 227
738 G 633351 108 62 9 576065 50 18 33 56812 194
739 A 629035 572361 22 5 98 56288 13 20 37 191
740 A 623759 565848 35 9 109 54827 15 880 35 2001
741 C 618361 70 81 561787 12 31 26 56134 16 204
742 C 612396 101 55 556152 19 40 28 55789 12 200
743 C 607424 234 69 549854 21 51 29 56950 17 199
744 A 603221 543393 46 22 115 59340 21 55 31 198
745 G 597200 61 311 15 537010 12 76 16 59551 148
746 G 591210 73 131 27 531323 26 27 49 59339 215
747 G 585423 124 117 19 526168 53 26 43 58664 209
748 A 580965 520912 28 2 88 59708 17 3 19 188
749 A 577411 516383 20 6 109 60638 19 8 49 179
750 T 573980 37 512809 67 10 41 60804 13 24 175
751 G 568398 163 106 12 508345 62 20 15 59540 135
752 C 563555 86 58 506122 18 31 25 57023 36 156
753 T 558655 28 501359 130 8 20 56899 23 21 167
754 G 555002 69 62 19 497500 39 36 9 57138 130
755 A 549540 492278 23 3 81 56971 12 8 14 150
756 G 543273 70 41 7 488347 17 60 10 54514 207
757 T 538019 32 484599 75 5 19 52896 21 20 352
758 T 532231 22 478815 71 5 12 53065 11 11 219
759 C 525694 90 114 472461 21 45 28 52776 18 141
760 G 519363 137 83 18 465254 125 20 12 53523 191
761 A 513195 460413 48 2 62 52483 10 10 22 145
762 A 508608 454041 16 13 65 54278 9 8 25 153
763 G 502065 51 54 12 445222 22 13 14 56551 126
764 A 496579 439041 33 2 66 57232 22 5 14 164
765 T 491589 22 433834 95 2 9 57445 18 6 158
766 C 485566 71 32 427001 12 30 23 58260 14 123
767 T 482025 31 419688 117 2 47 61953 31 9 147
768 C 476927 85 58 413138 19 52 16 63422 17 120
769 A 470506 406000 30 4 49 63251 46 108 16 1002
770 C 465788 41 46 400653 60 22 121 63943 41 861
771 T 461865 36 395898 121 7 28 65577 38 8 152
772 T 456978 23 387938 53 5 37 68726 14 16 166
773 T 452106 17 381865 62 4 12 69942 28 30 146
774 T 446987 21 378075 53 0 25 68626 26 11 150
775 C 441967 56 26 373757 8 34 28 67965 14 79
776 T 437817 37 370585 62 4 60 66904 27 14 124
777 A 430314 365009 12 4 79 65032 7 23 29 119
778 G 422610 84 58 15 360559 35 24 21 61692 122
779 C 415221 83 57 353428 22 55 21 61458 11 86
780 A 410887 348067 48 11 59 61990 12 85 38 577
781 C 404706 49 74 342417 15 37 36 61889 20 169
782 G 397562 68 96 4 336847 38 36 6 60355 112
783 G 390285 56 19 10 329969 28 23 11 60031 138
784 T 384755 28 323261 47 3 19 61142 30 20 205
785 C 378468 53 39 317388 14 38 18 60814 6 98
786 T 372163 13 311844 116 5 30 60018 27 7 103
787 G 363545 94 43 14 304708 60 15 15 58495 101
788 C 356393 66 71 298888 24 42 20 57199 14 69
789 A 349543 288820 31 9 60 59029 18 143 22 1411
790 C 343013 32 60 283539 12 17 21 59213 16 103
791 T 338497 24 275985 48 2 22 62294 16 15 91
792 C 332773 79 79 267328 11 86 22 65039 19 110
793 A 327530 258888 19 3 41 68417 19 12 29 102
794 T 320405 18 252613 47 1 17 67592 19 14 84
795 A 313551 245704 18 3 41 67365 79 6 27 308
796 T 307508 25 235681 34 4 18 71636 15 19 76
797 T 303270 16 230192 38 4 27 72632 14 149 198
798 G 297556 54 31 15 226394 35 33 13 70923 58
799 A 292665 222938 27 4 47 69446 20 6 56 121
800 G 287479 24 42 4 219555 20 25 6 67738 65
801 A 281738 212729 9 0 70 67013 15 3 808 1091
802 G 275451 53 67 6 209485 22 51 7 65703 57
803 G 269227 25 56 7 203810 25 40 26 65190 48
804 G 261591 46 26 8 197034 42 42 10 64290 93
805 T 255869 17 191375 19 4 54 64054 55 67 224
806 C 249649 47 46 184911 10 73 43 63237 464 818
807 G 242539 57 39 6 180576 88 56 21 61647 49
808 G 236294 35 8 7 176352 28 200 20 59186 458
809 T 230797 14 167792 26 0 31 62752 27 33 122
810 T 225477 10 161615 28 1 19 63695 17 26 66
811 G 217590 61 24 3 157553 41 36 225 59453 194
812 C 213735 20 27 156266 8 31 12 57316 19 36
813 T 210234 10 146140 33 1 36 63087 400 14 513
814 C 207432 29 21 141191 12 87 34 65980 22 56
815 A 204473 138012 17 1 26 66207 29 40 35 106
816 C 200800 17 26 136400 8 585 43 63097 17 607
817 A 198119 128587 4 2 25 69375 51 17 20 38
818 A 194337 123217 7 2 20 70629 26 34 164 238
819 G 189288 21 10 2 120647 40 69 21 68415 63
820 T 184521 7 117158 23 2 40 63134 2168 22 1967
821 C 180625 22 13 114405 4 52 30 66063 11 25
822 C 177466 49 16 111078 5 85 31 66133 26 43
823 T 173851 7 106530 11 2 49 66857 41 178 176
824 G 168361 26 20 4 103278 56 56 515 64053 353
825 C 164777 44 13 100880 11 36 37 63708 11 37
826 C 162840 39 23 97648 9 43 65 64900 24 89
827 T 162315 14 95177 8 3 41 66573 54 213 232
828 G 156318 9 15 0 92559 47 28 645 62683 332
829 C 153194 49 19 90660 5 29 41 62360 13 18
830 C 152404 55 21 87142 7 40 60 64993 21 65
831 T 153321 8 84188 14 0 50 68830 32 100 99
832 G 149923 34 16 6 81773 44 41 135 67770 104
833 C 148102 25 24 80081 4 25 252 67656 19 16
834 C 148780 39 12 76853 8 48 1009 69413 307 1091
835 T 150206 7 74208 47 4 60 75668 39 94 79
836 G 148226 10 5 3 70839 36 99 14 77178 42
837 T 147692 7 70382 12 2 19 77024 26 117 103
838 G 146521 8 7 0 70752 130 95 13 75424 92
839 T 146048 10 70011 4 2 50 75833 23 57 58
840 G 145479 14 3 4 72471 47 270 14 72421 235
841 T 144588 8 75586 25 3 49 68762 30 96 29
842 A 143572 78010 19 1 22 65194 82 6 69 169
843 T 143716 18 79333 28 5 29 60736 84 1545 1938
844 G 145240 40 37 17 85265 32 71 57 59707 14
845 G 146108 58 4 8 88965 77 58 214 56409 315
846 A 146839 66847 29 11 119 40191 71 13650 93 25828
847 C 148307 55 118 96278 17 67 84 51652 12 24
848 C 152727 167 48 100933 19 38 73 51399 33 17
849 T 156848 39 104688 3 11 28 51992 18 53 16
850 G 158701 196 153 24 108283 66 59 51 49829 40
851 C 158919 83 108 109555 29 43 52 49006 14 29
852 C 163803 119 197 113090 19 63 83 50168 23 41
853 G 168066 82 66 10 115471 92 66 21 52240 18
854 T 171941 32 118782 64 6 29 52918 73 15 22
855 A 177702 121272 8 11 85 56212 33 23 24 34
856 G 185269 5 12 3 126302 30 78 9 58818 12
857 C 191282 27 13 128883 3 20 49 62248 16 23
858 C 197513 28 48 132582 7 26 54 64703 21 44
859 A 202759 134841 7 16 28 67751 19 19 53 25
860 G 207267 23 10 5 138858 38 43 7 68268 15
861 T 211365 14 142855 17 4 23 68362 30 22 38
862 G 215831 24 44 9 147714 41 120 11 67845 23
863 G 219189 23 32 5 154238 36 54 17 64742 42
864 G 222979 45 18 5 161208 19 41 11 61592 40
865 T 230530 11 167986 41 10 20 62359 29 17 57
866 A 236096 174036 25 1 35 61869 20 30 21 59
867 C 242610 18 61 181864 5 21 54 60516 23 48
868 G 251376 55 29 4 188787 38 40 44 62343 36
869 A 258527 195609 16 4 29 62698 31 28 36 76
870 C 265097 38 29 202859 5 27 30 62027 31 51
871 T 271696 6 207247 33 7 11 64298 36 7 51
872 T 275507 5 212721 33 3 7 62647 32 3 56
873 T 282211 15 220923 57 2 15 61097 38 11 53
874 G 288211 67 27 11 227669 32 73 13 60253 66
875 A 295286 231726 16 0 64 63335 10 11 42 82
876 A 302623 237693 11 5 36 64725 36 14 21 82
877 A 310214 242283 11 4 61 67657 88 15 25 70
878 G 315345 44 153 2 244710 41 118 16 70209 52
879 G 320197 54 54 7 249134 33 81 15 70742 77
880 G 325511 44 46 6 255485 23 47 10 69784 66
881 A 331088 260863 18 3 73 69964 52 9 43 63
882 G 334621 49 117 9 266816 25 102 17 67422 64
883 G 339682 46 68 9 276132 14 94 16 63219 84
884 G 344738 81 38 11 283947 30 62 14 60456 99
885 A 350584 291230 33 0 60 59096 50 8 19 88
886 T 356411 21 297488 53 1 9 58740 23 6 70
887 A 363436 303463 26 1 60 59287 94 89 42 374
888 C 370919 33 29 311773 7 14 53 58932 9 69
889 T 377922 25 317438 51 3 14 60224 29 47 91
890 C 385541 88 25 325842 10 63 20 59416 9 68
891 T 391630 30 334220 59 3 54 57133 25 10 96
892 C 397897 86 42 341018 12 26 31 56544 48 90
893 T 405967 23 345988 54 2 26 59719 62 11 82
894 A 413509 350173 10 3 51 63119 23 10 20 100
895 G 419279 66 34 10 355414 20 29 21 63586 99
896 T 426252 35 361467 53 1 17 64508 13 15 143
897 C 434930 67 50 365669 27 29 58 68904 29 97
898 G 444921 122 53 9 370781 31 113 30 73680 102
899 G 452566 48 59 11 374706 14 65 16 77545 102
900 A 460095 380917 42 3 94 78837 32 11 48 111
901 A 466664 387866 17 6 80 78532 18 12 24 109
902 T 473191 21 395917 66 3 49 77019 24 7 85
903 A 481581 403100 23 5 95 78169 59 15 22 93
904 G 488384 82 61 15 412541 75 57 22 75432 99
905 A 495298 419805 39 5 70 74969 52 51 43 264
906 C 504262 52 47 427562 19 32 68 76360 9 113
907 C 512047 125 41 435950 6 35 20 75654 68 148
908 C 517389 263 28 443622 14 105 22 73205 9 121
909 T 522818 23 451591 115 11 14 70867 39 9 149
910 T 527805 43 456459 74 6 11 71015 33 6 158
911 T 532504 37 462295 87 3 10 69879 26 12 155
912 C 538493 77 75 469696 30 23 37 68440 5 110
913 A 547002 479247 27 7 131 67339 76 13 25 137
914 G 553400 102 73 21 484449 27 61 22 68497 148
915 A 559243 490431 45 4 78 68468 23 12 26 156
916 C 566616 42 31 496674 19 18 16 69683 17 116
917 T 575307 34 504499 105 5 19 70455 29 14 147
918 G 582804 120 78 16 512842 21 73 12 69525 117
919 C 589709 68 48 518879 24 7 24 70496 20 143
920 T 598096 15 526379 95 7 11 71372 45 15 157
921 T 608009 68 534333 101 14 20 73246 33 12 182
922 C 615321 88 47 542336 28 37 38 72596 8 143
923 A 622487 548778 25 10 104 73360 21 27 20 142
924 A 628596 555378 15 9 86 72887 19 14 26 162
925 A 635239 561607 13 18 91 73271 17 8 12 202
926 A 640612 567163 33 95 87 72913 19 30 21 251
927 C 645745 60 70 574033 23 24 26 71359 6 144
928 A 652314 581824 42 14 98 70138 24 11 14 149
929 G 657450 135 174 15 586299 27 47 14 70588 151
930 C 661396 122 98 589454 21 27 24 71460 13 177
931 C 668232 117 87 594934 27 23 38 72789 12 205
932 A 676278 603236 43 20 77 72696 18 14 14 160
933 A 682447 609129 20 8 77 72994 28 10 14 167
934 G 687346 137 68 10 615321 41 30 14 71562 163
935 T 693568 55 622006 70 6 22 71062 17 6 324
936 G 697600 185 66 15 627665 27 22 15 69458 147
937 T 704232 31 634206 115 9 10 69585 24 5 247
938 A 709445 641775 38 11 124 67207 23 7 27 233
939 C 714676 87 198 646060 28 18 32 68073 6 174
940 A 721497 651775 24 15 104 69366 15 16 22 160
941 G 724895 103 141 25 655808 14 30 20 68587 167
942 C 730185 106 80 661738 26 21 19 68006 11 178
943 C 736860 137 60 667720 14 19 18 68656 15 221
944 T 742329 34 670317 154 6 17 71553 33 14 201
945 A 746913 674873 13 8 91 71628 40 13 15 232
946 A 752407 682498 63 9 83 69485 13 6 12 238
947 T 757321 52 688666 91 5 19 68267 15 10 196
948 C 761662 114 73 692097 17 33 34 69133 3 158
949 A 765739 693107 34 10 152 72163 40 11 32 190
950 G 769612 135 110 15 697667 32 46 13 71400 194
951 A 771672 698228 45 7 154 72848 19 19 30 322
952 C 775760 68 96 701251 29 43 25 74024 5 219
953 C 781687 201 99 704716 34 38 42 76300 11 246
954 A 786526 708581 50 29 156 77417 22 12 46 213
955 A 789413 713031 37 8 172 75837 34 8 47 239
956 A 793239 715475 56 8 87 77313 16 33 25 226
957 T 797081 64 717922 165 11 41 78641 27 11 199
958 G 799937 146 152 34 723875 26 88 8 75393 215
959 A 803467 727571 80 11 150 75296 47 16 58 238
960 G 805429 121 107 20 728839 25 31 40 76053 193
961 A 808918 729073 30 8 133 79341 38 40 19 236
962 A 811824 729709 43 19 119 81608 11 13 27 275
963 T 814016 71 732048 144 4 19 81404 31 5 290
964 C 817059 106 67 734817 15 41 10 81778 7 218
965 C 821328 148 128 736056 31 55 44 84623 9 234
966 A 824141 736547 37 12 211 87030 37 14 31 222
967 G 825212 171 115 33 738123 39 37 25 86453 216
968 C 828525 150 115 742416 35 48 41 85495 14 211
969 A 830542 743658 101 9 159 86070 26 22 31 466
970 C 833012 100 86 743881 20 30 35 88634 8 218
971 A 834687 743029 119 13 115 90932 36 18 27 398
972 C 836372 78 82 744566 28 44 26 91324 11 213
973 A 839002 742808 28 10 138 95713 22 9 46 228
974 A 840862 743402 71 15 156 96809 87 14 32 276
975 G 840390 90 141 16 742212 31 56 18 97607 219
976 A 840538 742289 72 3 129 97720 33 17 24 251
977 G 838718 100 48 21 743216 16 30 14 95044 229
978 T 838889 93 741326 139 11 36 96660 48 27 549
979 C 840231 109 75 739747 32 79 26 99934 22 207
980 A 842924 739843 62 16 126 102523 30 11 46 267
981 A 842006 738057 60 5 162 103256 37 14 50 365
982 C 842992 117 59 736832 26 53 105 105596 23 181
983 T 845521 77 735556 109 8 39 109357 48 96 231
984 G 844130 206 145 26 734737 48 107 116 108506 239
985 G 842975 116 67 12 735545 35 29 31 106911 229
986 T 842310 64 737730 112 23 62 103309 57 185 768
987 G 841601 164 61 17 737840 59 41 143 103068 208
988 T 843474 75 740593 91 10 167 102131 19 26 362
989 G 843625 167 174 34 741051 41 75 31 101785 267
990 G 843691 106 118 19 739664 162 113 39 103219 251
991 A 843358 734275 66 4 164 108506 55 30 46 212
992 T 843668 79 730661 100 5 42 112363 54 51 313
993 G 841044 145 117 26 731822 66 102 25 108498 243
994 G 839014 197 109 31 734239 81 60 32 104037 228
995 C 839162 180 167 736590 45 84 105 101774 28 189
996 A 839612 737625 67 23 116 101425 47 29 55 225
997 T 839397 83 737191 144 13 33 101619 45 20 249
998 G 837933 191 156 35 738123 98 103 19 98976 232
999 C 836210 122 152 736702 44 52 111 98717 33 277
1000 C 836880 183 110 731527 30 80 51 104556 84 259
1001 A 839613 729528 73 15 85 109484 48 21 124 235
1002 T 837666 43 725980 148 20 115 110973 61 27 299
1003 T 836792 50 723449 98 6 37 112573 309 14 256
1004 C 836483 153 82 721217 22 45 54 114689 30 191
1005 T 836908 75 718188 190 14 159 117959 54 21 248
1006 G 833059 203 198 25 715190 62 82 143 116932 224
1007 C 832342 144 130 716614 28 162 35 114963 41 225
1008 C 832846 132 256 712381 25 81 89 119621 27 234
1009 G 835092 244 128 51 710050 118 99 134 124057 211
1010 C 836155 128 82 710166 20 130 67 125311 33 218
1011 A 837483 711064 30 15 89 125892 28 57 95 213
1012 T 837896 36 709062 74 14 15 128364 43 29 259
1013 T 840104 24 707976 110 10 28 131622 39 16 279
1014 T 840745 43 707040 191 8 36 133105 45 43 234
1015 G 836621 80 121 31 707459 59 73 29 128549 220
1016 A 837381 708185 61 5 151 128640 29 24 49 237
1017 A 836572 707811 48 11 143 128227 63 22 35 212
1018 G 832349 113 92 15 704801 62 67 25 126990 184
1019 A 830462 700651 49 3 122 129272 26 22 33 284
1020 T 828413 50 700174 112 6 26 127755 39 22 229
1021 C 827085 117 56 699042 19 75 39 127506 27 204
1022 T 829738 50 699608 128 12 65 129595 46 18 216
1023 A 829207 698352 10 8 133 130386 33 16 37 232
1024 A 829069 701217 27 12 96 127339 80 23 30 245
1025 G 826949 89 121 22 700196 36 74 15 126214 182
1026 A 825201 701652 50 3 129 123003 46 17 52 249
1027 G 823207 92 53 24 703419 28 31 25 119366 169
1028 T 824900 48 702492 85 8 79 120734 66 97 1291
1029 A 824802 705153 58 3 111 119190 27 12 38 210
1030 T 825706 45 702784 78 8 38 122446 41 23 243
1031 T 826781 81 704109 116 7 64 122126 28 18 232
1032 A 830191 703254 74 1 140 126337 40 18 44 283
1033 A 830901 699094 21 11 87 131371 26 17 31 243
1034 G 830864 97 120 17 696434 38 58 33 133897 170
1035 C 830573 149 45 693739 14 63 23 136358 31 151
1036 T 831052 8 692120 125 12 24 138428 54 16 265
1037 T 829623 61 693690 130 3 35 135392 52 21 239
1038 C 826104 145 88 691991 34 73 57 133493 40 183
1039 A 823351 689517 64 12 135 133313 27 30 46 207
1040 T 821499 70 686677 119 5 74 134282 31 20 221
1041 C 822359 118 74 681793 32 176 49 139900 28 189
1042 A 823571 678095 32 12 123 144930 56 33 50 240
1043 A 821830 679748 32 8 88 141566 29 18 89 252
1044 A 821411 679527 44 23 228 141135 114 54 69 217
1045 G 819641 113 253 9 682033 53 139 21 136805 215
1046 G 815626 146 181 26 684093 57 68 20 130779 256
1047 G 812814 135 119 22 686620 42 39 35 125594 208
1048 A 807917 684339 64 6 176 122898 32 33 60 309
1049 C 806923 91 150 682801 33 66 79 123439 42 222
1050 G 810232 259 159 30 682591 102 111 47 126757 176
1051 A 812491 685001 40 4 100 126999 40 16 47 244
1052 A 812358 684178 58 21 130 127606 59 17 53 236
1053 G 808586 134 125 22 682869 60 71 16 125068 221
1054 G 806432 125 38 15 682918 47 31 38 122967 253
1055 T 805492 80 680960 111 15 83 122623 52 214 1354
1056 G 801598 211 119 16 678724 68 50 17 122182 211
1057 C 803378 119 91 683397 26 62 31 119448 30 174
1058 T 807247 51 686356 192 11 54 120219 58 26 280
1059 C 809367 181 109 687512 25 116 62 121107 27 228
1060 C 811520 194 76 684108 33 118 36 126663 21 271
1061 C 815085 313 107 682561 26 168 42 131611 26 231
1062 A 817455 683329 51 20 117 133590 61 13 40 234
1063 A 815053 683051 54 13 93 131496 84 17 36 209
1064 G 813204 98 177 24 683261 54 88 13 129295 194
1065 A 814578 693487 44 7 145 120480 87 34 68 226
1066 G 811504 123 366 11 695705 83 143 16 114849 208
1067 G 807873 69 189 29 692657 84 160 12 114414 259
1068 G 805552 140 133 28 687964 52 108 18 116909 200
1069 A 806046 685148 48 5 185 120250 103 16 43 248
1070 A 805660 684644 26 6 136 120487 93 12 35 221
1071 G 803175 80 101 15 685268 53 54 25 117411 168
1072 C 802889 104 51 684018 23 123 25 118361 23 161
1073 T 804625 25 686255 133 6 93 117767 50 16 280
1074 T 805056 35 686999 128 12 29 117475 111 12 255
1075 T 804956 55 687447 170 8 33 116928 57 13 245
1076 C 804864 122 85 689512 43 54 42 114761 21 224
1077 C 806516 161 94 692258 29 90 45 113541 41 257
1078 A 805894 692567 70 5 109 112691 50 32 30 340
1079 C 806355 92 56 692315 12 36 28 113577 22 217
1080 T 808572 34 693156 102 5 45 114960 52 12 206
1081 A 808926 687750 57 5 77 120665 104 42 24 202
1082 G 807131 124 163 24 686481 41 132 17 119958 191
1083 A 807674 687440 46 2 112 119698 93 13 50 220
1084 G 807711 85 142 25 691192 32 115 22 115856 242
1085 G 806645 86 136 29 691691 39 52 20 114381 211
1086 A 808452 695383 50 5 166 112496 23 15 59 255
1087 G 805538 88 54 14 697336 145 33 19 107681 168
1088 T 806453 48 700583 119 10 153 104587 126 76 751
1089 T 806812 58 701983 114 9 109 104152 32 101 254
1090 C 807964 117 78 703671 35 63 46 103708 25 221
1091 A 810785 704313 51 11 121 105824 122 86 40 217
1092 A 811063 705368 63 7 94 105060 180 14 22 255
1093 A 809327 704710 55 20 89 104000 87 90 26 250
1094 T 809121 54 704911 90 5 28 103636 147 7 243
1095 T 811643 42 708421 117 3 30 102655 74 64 237
1096 G 812831 133 127 16 710747 35 141 27 101399 206
1097 C 815273 145 64 710856 12 43 23 103894 42 194
1098 T 818165 28 711081 150 14 17 106524 59 20 272
1099 T 819633 83 709525 125 6 29 109495 48 8 314
1100 C 821256 172 72 709299 17 59 48 111345 29 215
1101 C 824339 168 110 708872 37 128 51 114759 26 188
1102 A 824837 708110 39 8 103 116259 29 35 35 219
1103 A 823545 707878 25 9 83 115242 23 16 26 243
1104 T 823904 50 710338 121 9 41 113060 41 19 225
1105 G 825106 143 100 26 711225 62 65 17 113272 196
1106 A 825642 714104 45 6 153 110995 28 15 54 242
1107 A 825115 714294 36 14 136 110319 24 23 38 231
1108 A 827222 713402 23 17 127 113289 26 27 39 272
1109 A 829042 714302 75 7 91 114237 38 20 52 220
1110 T 831850 29 716221 118 7 45 115155 35 32 208
1111 A 835137 718634 71 8 137 115962 43 20 38 224
1112 T 837490 60 721459 107 6 34 115542 39 24 219
1113 G 838314 135 124 37 725488 52 120 19 112119 220
1114 G 836251 106 71 30 725485 45 45 34 110215 220
1115 A 837441 726247 46 5 200 110542 64 14 51 272
1116 G 837450 148 105 15 728520 46 31 27 108376 182
1117 A 839351 729117 88 6 149 109421 46 41 41 442
1118 C 840091 86 70 729468 28 47 64 110116 26 186
1119 T 842499 29 731057 123 10 39 110959 21 22 239
1120 A 843548 731999 90 12 114 111014 25 55 32 207
1121 T 844645 78 736270 123 12 22 107831 34 17 258
1122 G 844396 183 146 29 737710 42 106 64 105885 231
1123 G 842263 117 109 22 737438 87 41 13 104193 243
1124 A 842380 737581 55 13 145 104171 36 16 81 282
1125 A 844083 738479 50 10 136 105020 59 11 47 271
1126 T 844722 44 738351 129 11 20 105880 38 20 229
1127 C 847498 141 64 740175 30 60 40 106759 26 203
1128 A 850304 738429 59 10 171 111291 34 24 39 247
1129 A 849413 736327 54 11 111 112561 55 17 34 243
1130 G 845628 168 86 22 735578 33 45 18 109485 193
1131 T 846337 73 735124 147 13 51 110489 40 12 388
1132 A 848332 736073 74 4 146 111603 36 23 44 329
1133 C 848253 75 106 734840 36 40 38 112891 25 202
1134 A 850723 736579 77 33 106 113353 40 35 38 462
1135 C 851708 93 70 737553 10 39 30 113694 34 185
1136 T 853699 47 736594 149 9 35 116568 34 20 243
1137 T 855466 56 735799 145 18 31 119070 53 19 275
1138 G 853671 129 85 28 733586 40 53 33 119523 194
1139 A 855296 732839 67 9 131 121883 31 9 44 283
1140 A 855707 732624 65 7 158 122404 88 15 58 288
1141 C 855588 86 85 734847 19 37 81 120229 21 183
1142 T 857884 15 736392 145 9 19 120987 90 15 212
1143 G 858363 156 145 30 738868 36 80 75 118785 188
1144 A 859004 736000 43 10 171 122440 60 16 26 238
1145 G 858253 112 38 17 732862 42 90 18 124872 202
1146 A 858444 733609 39 2 98 124327 42 24 47 256
1147 A 858715 735348 35 7 123 122815 33 22 88 244
1148 G 857567 146 105 25 735569 73 68 21 121355 205
1149 C 857199 148 114 738009 42 68 105 118457 29 227
1150 A 859256 736786 75 11 225 121773 71 50 49 216
1151 G 856356 62 199 16 736018 36 96 25 119686 218
1152 G 856194 219 60 16 735932 54 32 49 119581 251
1153 T 857061 80 733594 151 15 72 122210 59 56 824
1154 A 857104 735177 54 8 145 121327 44 31 35 283
1155 C 856815 65 71 735564 25 32 37 120788 17 216
1156 T 860278 43 736291 110 7 37 123489 46 24 231
1157 G 860282 123 305 19 737659 80 128 17 121728 223
1158 G 857608 124 113 19 735413 42 78 22 121519 278
1159 G 854757 141 145 23 734930 45 54 22 119149 248
1160 C 854645 123 115 731453 38 65 53 122447 29 322
1161 C 854983 122 118 731024 18 82 82 123283 22 232
1162 A 855519 728084 82 20 105 126853 45 35 35 260
1163 T 854996 32 725403 90 8 46 129124 45 17 231
1164 A 855469 725108 10 7 145 129868 40 17 43 231
1165 A 858235 729294 28 22 142 128371 79 18 68 213
1166 G 856614 95 174 12 725581 50 115 23 130349 215
1167 G 856213 134 134 16 724450 76 49 37 131075 242
1168 A 856024 725044 83 10 147 130224 53 42 53 368
1169 C 856556 56 60 724836 19 43 51 131232 21 238
1170 C 860069 150 90 725931 25 83 45 133445 30 270
1171 A 862691 729827 82 5 168 132231 56 28 66 228
1172 G 862262 80 103 20 729513 66 77 18 132200 185
1173 A 862541 729944 60 10 128 132003 67 17 52 260
1174 A 863078 731071 29 16 131 131482 45 17 38 249
1175 G 863169 104 58 12 732995 67 47 52 129632 202
1176 T 864387 48 734813 97 7 93 128360 78 78 813
1177 G 864244 114 154 31 737449 45 204 20 125975 252
1178 G 861925 91 201 13 738282 40 96 23 122962 217
1179 A 862792 739918 62 8 199 122153 92 44 87 229
1180 G 861113 104 140 28 739415 49 128 24 120986 239
1181 G 858947 87 106 28 740175 54 90 23 118151 233
1182 A 857833 737804 58 8 177 119373 50 43 51 269
1183 A 857810 737810 24 11 159 119402 51 20 44 289
1184 A 857261 737942 38 79 109 118619 45 54 44 331
1185 C 857034 94 115 739664 36 72 63 116710 30 250
1186 A 854753 738315 74 24 117 115264 37 108 37 777
1187 C 854935 54 101 738235 24 49 45 116134 23 270
1188 C 856233 198 72 737092 41 135 62 118353 24 256
1189 A 857485 736660 51 12 105 120306 51 22 29 249
1190 A 856284 735836 27 14 85 119994 31 24 32 241
1191 T 855232 79 739315 138 11 50 115251 43 18 327
1192 C 853313 151 71 732980 30 109 44 119685 23 220
1193 A 853821 729949 52 9 115 123381 32 25 33 225
1194 A 852150 728368 42 5 116 123183 35 23 29 349
1195 C 854546 80 78 727726 32 72 41 126305 21 191
1196 A 859721 724989 54 12 142 134163 75 19 54 213
1197 G 859018 101 119 28 725473 52 75 17 132948 205
1198 A 859075 726872 56 8 135 131642 78 13 52 219
1199 G 856332 110 305 26 727559 52 115 22 127876 267
1200 G 849248 124 118 26 725670 47 63 32 122886 282
1201 G 846147 118 107 28 725190 41 55 35 120313 260
1202 C 846952 147 185 726672 48 78 61 119498 35 228
1203 A 852671 728401 57 20 112 123732 45 27 44 233
1204 T 853536 53 727883 112 16 44 125085 49 35 259
1205 C 855844 137 54 725548 30 85 59 129702 31 198
1206 T 858855 83 724874 253 9 97 133163 105 33 238
1207 G 855060 152 149 25 726363 69 96 41 127964 201
1208 C 852524 143 350 727371 74 70 277 123921 89 229
1209 G 852165 282 401 21 727942 101 277 41 122860 240
1210 G 852046 158 123 37 729897 61 109 38 121358 265
1211 G 849911 261 161 101 735386 139 79 53 113491 240
1212 C 849307 156 146 734645 42 96 148 113763 59 252
1213 C 853264 137 115 734852 18 72 181 117630 46 213
1214 A 857405 733297 29 21 92 123463 46 108 106 243
1215 A 856987 731189 55 5 91 125148 55 54 100 290
1216 A 860007 729821 42 12 68 129663 93 25 54 229
1217 T 861945 51 729469 115 4 35 131902 53 84 232
1218 C 864775 108 94 735333 30 92 112 128774 28 204
1219 A 864470 734071 35 18 166 129797 86 15 46 236
1220 G 862325 101 106 31 734992 35 76 36 126736 212
1221 C 861983 140 145 735509 21 77 59 125778 33 221
1222 A 862479 736016 66 16 131 125943 32 21 36 218
1223 T 862429 44 735806 133 4 43 126088 47 14 250
1224 A 864454 738072 128 18 121 125685 54 31 45 300
1225 C 864600 75 85 734882 24 88 52 129188 19 187
1226 A 867560 732868 19 14 75 134225 55 22 38 244
1227 A 869016 733309 67 8 138 134789 67 50 73 515
1228 C 870178 72 62 736375 27 44 66 133251 55 226
1229 C 872511 147 36 739903 27 90 37 131969 67 235
1230 T 876445 47 739124 155 4 112 136660 63 28 252
1231 A 877643 738303 37 5 104 138547 65 37 101 444
1232 C 880365 73 141 739169 24 110 71 140556 28 193
1233 G 883871 189 74 21 741109 63 121 27 142033 234
1234 T 886397 55 741400 128 12 60 144251 43 37 411
1235 T 888843 37 740723 81 0 27 147615 53 21 286
1236 C 888557 118 61 741766 15 59 31 146304 15 188
1237 T 893299 52 743890 143 5 96 148774 73 34 232
1238 C 893731 153 112 745478 32 114 94 147529 31 188
1239 A 893822 745575 40 22 165 147594 126 30 48 222
1240 G 887719 185 80 24 746299 64 62 25 140780 200
1241 T 886743 78 750195 136 8 146 135664 49 28 439
1242 A 886039 752572 76 9 154 132751 57 37 48 335
1243 C 887013 102 97 753016 33 60 66 133409 22 208
1244 A 888543 751702 84 11 127 136060 236 31 58 234
1245 G 887329 102 179 34 753072 92 79 17 133530 224
1246 A 886212 749880 67 7 116 135742 79 28 82 211
1247 G 882738 98 93 33 747821 67 97 32 134273 224
1248 A 879655 749960 41 2 157 129104 43 25 90 233
1249 A 877926 752965 59 60 110 124327 70 25 58 252
1250 A 875527 753206 51 20 106 121664 47 111 44 278
1251 T 874312 49 754115 138 4 51 119499 71 99 286
1252 C 874484 124 56 755835 16 66 143 118021 19 204
1253 T 874974 57 757518 211 3 103 116689 65 29 299
1254 C 873275 178 72 758039 26 48 40 114509 114 249
1255 C 872875 184 79 754319 26 122 38 117771 76 260
1256 C 871183 399 79 754719 26 181 86 115450 28 215
1257 T 869103 38 755389 169 13 79 113073 63 23 256
1258 T 866207 39 756597 96 12 81 109054 31 45 252
1259 T 862134 52 757431 126 11 21 104178 29 21 265
1260 T 859541 62 755887 164 14 63 103001 35 30 285
1261 G 854349 183 127 40 756002 68 78 39 97582 230
1262 A 850410 754722 96 16 154 95020 31 29 35 307
1263 C 849065 90 162 753907 35 63 40 94554 18 196
1264 A 850582 752804 68 23 185 97146 63 13 43 237
1265 G 845962 130 151 31 750867 45 49 18 94448 223
1266 A 844482 750704 35 12 120 93334 18 10 27 222
1267 A 840914 746552 78 21 126 93729 16 20 36 336
1268 C 837693 84 117 745109 28 65 32 92040 24 194
1269 A 833941 742288 44 14 105 91177 32 18 25 238
1270 A 829648 740376 62 6 113 88593 16 27 31 424
1271 C 825165 67 61 738909 15 29 32 85834 11 207
1272 C 823182 156 73 737299 28 74 29 85285 24 214
1273 A 821052 736578 50 3 92 84075 33 12 27 182
1274 T 816929 90 732557 95 7 13 83884 22 11 250
1275 T 812938 10 730849 101 5 27 81684 29 9 224
1276 A 809298 727965 33 53 105 80851 32 20 36 203
1277 T 804636 73 723923 102 9 21 80250 19 14 225
1278 G 798992 189 128 37 720266 54 46 14 78019 239
1279 G 795133 112 98 25 717925 34 24 16 76692 207
1280 C 793003 149 204 712675 60 59 47 79595 17 197
1281 A 788296 707877 29 9 153 79971 10 11 25 211
1282 G 781831 134 93 24 702020 45 36 24 79249 206
1283 C 777161 115 94 696786 27 75 13 79839 22 190
1284 A 772080 693372 54 10 106 78284 23 19 28 184
1285 T 767921 30 687042 94 18 33 80393 22 36 253
1286 T 763632 73 682122 119 6 46 80968 21 32 245
1287 C 759467 99 121 677126 24 76 31 81744 42 204
1288 A 756704 672643 49 12 126 83611 12 16 26 209
1289 A 750636 666556 45 8 87 83670 13 9 54 194
1290 T 746412 55 661394 104 15 36 84537 33 26 212
1291 G 741390 163 362 24 655495 60 80 11 84943 252
1292 G 734095 130 173 23 648945 22 49 18 84492 243
1293 G 729620 133 109 23 644391 34 85 7 84639 199
1294 A 724456 638455 44 11 137 85440 74 6 42 247
1295 A 719452 634356 34 5 95 84638 19 9 88 208
1296 T 713483 40 629888 129 3 30 83150 28 12 203
1297 A 708113 625540 56 9 163 82015 81 14 29 206
1298 C 703248 75 102 621938 32 76 14 80804 16 191
1299 A 698194 619758 54 20 184 77860 75 11 29 203
1300 G 688852 125 125 22 612366 25 24 17 75971 177
1301 A 685315 607491 28 9 121 77358 64 13 34 197
1302 G 679867 398 355 11 602335 67 60 54 76406 181
1303 G 673520 104 406 24 598913 73 69 14 73713 204
1304 G 666822 111 149 16 593573 44 29 13 72680 207
1305 G 660525 131 126 28 587082 50 26 14 72932 136
1306 A 652976 579617 63 10 160 72783 22 7 46 268
1307 G 646801 94 90 33 573200 37 28 10 73145 164
1308 A 642463 567402 38 4 90 74578 20 18 51 262
1309 A 637224 561202 47 6 100 75603 14 15 22 215
1310 C 631145 55 73 555069 23 72 32 75595 20 206
1311 A 624839 549777 36 8 65 74746 28 10 19 150
1312 T 619185 35 543760 96 8 15 75061 36 8 166
1313 C 613613 68 37 538539 13 55 19 74716 25 141
1314 T 608060 47 533011 131 12 46 74592 38 9 174
1315 G 600938 139 81 29 527477 50 32 8 72976 146
1316 A 595246 523024 57 8 93 71804 56 4 27 173
1317 C 589569 67 72 517846 26 94 21 71310 13 120
1318 A 584918 511874 42 12 89 72642 66 5 31 157
1319 T 578999 40 505996 67 8 10 72708 17 11 142
1320 G 570869 96 117 22 500283 65 31 57 70070 128
1321 A 563146 494528 33 8 123 68217 14 48 33 142
1322 G 556639 77 119 17 488052 16 40 49 68118 151
1323 G 550448 82 85 19 482686 71 27 9 67336 133
1324 A 544518 476340 30 6 93 67441 47 6 44 511
1325 C 539448 32 72 471715 20 33 44 67365 12 155
1326 C 533377 98 111 464973 16 61 62 67891 27 138
1327 G 528184 135 77 18 459520 63 57 12 68185 117
1328 A 523521 454910 39 3 94 68267 29 9 29 141
1329 A 517781 450407 14 9 78 67077 18 9 24 145
1330 A 512726 445449 12 7 58 67007 11 19 22 141
1331 T 508156 29 440162 76 2 19 67684 17 21 146
1332 C 502519 77 46 434649 17 60 14 67516 29 111
1333 A 496270 428575 41 9 66 67432 11 4 22 110
1334 T 490677 27 421766 76 0 27 68652 16 11 102
1335 A 484907 415223 6 5 91 69408 2 7 22 143
1336 A 479890 407449 25 10 60 72180 12 5 35 114
1337 G 473344 50 127 17 400335 23 26 15 72634 117
1338 G 467162 54 42 10 394805 37 17 16 72075 106
1339 A 460979 388574 41 3 68 72116 10 10 28 129
1340 T 455529 25 380774 56 6 24 74450 10 19 165
1341 G 448962 78 87 14 374492 37 30 13 74109 102
1342 A 442181 367359 52 4 93 74496 35 8 21 113
1343 T 435242 33 362719 46 2 21 72300 13 11 97
1344 G 429586 61 73 10 357206 52 78 26 71981 99
1345 G 422961 64 66 15 348953 49 85 8 73617 104
1346 A 414595 341426 31 1 74 72837 15 56 43 112
1347 A 408627 335021 18 5 49 73335 13 22 67 97
1348 A 402685 327533 8 2 84 74845 14 35 63 101
1349 G 397562 63 30 5 321818 34 46 35 75430 101
1350 T 392769 34 316233 50 9 99 75695 69 110 470
1351 G 385510 92 69 11 308935 27 24 40 76228 84
1352 C 378093 55 104 302538 22 74 51 75125 25 99
1353 A 368108 294569 19 1 75 73286 11 17 35 95
1354 A 361989 287313 7 5 48 74477 8 9 30 92
1355 G 353396 105 49 10 281487 88 28 4 71515 110
1356 A 345152 276212 42 3 52 68698 12 15 22 96
1357 C 339141 33 29 269406 15 33 13 69514 17 81
1358 C 333276 46 29 259532 9 105 49 73419 21 66
1359 A 326677 249667 31 5 45 76791 35 13 40 50
1360 G 319541 42 52 6 244629 38 16 5 74688 65
1361 A 313738 239356 6 3 38 74209 17 9 20 80
1362 A 306780 230122 8 3 27 76524 12 4 25 55
1363 G 298238 17 32 10 222285 27 21 4 75772 70
1364 A 291717 214217 16 3 27 77364 17 6 23 44
1365 T 288308 7 204716 26 5 10 83451 18 12 63
1366 G 283266 26 29 8 196779 30 21 13 86321 39
1367 T 279866 28 189292 34 1 50 90184 30 99 148
1368 G 275570 26 17 8 184284 51 26 22 91096 40
1369 T 272218 22 181029 31 1 44 90961 41 26 63
1370 C 272995 20 18 179525 9 83 25 93254 18 43
1371 T 410941 20 255497 83 0 131 155001 127 13 69
1372 T 413709 14 254519 73 0 76 158842 89 17 79
1373 T 413216 24 259213 82 4 62 153530 142 97 62
1374 C 418631 99 27 262980 19 152 140 155112 34 68
1375 C 434554 147 45 263298 25 328 50 170540 63 58
1376 A 428248 263601 41 13 202 163527 374 216 189 85
1377 G 426412 74 123 19 264544 204 445 46 160911 46
1378 G 432586 23 12 0 264992 154 217 83 167024 81
1379 G 433681 89 90 20 263320 127 153 40 169789 53
1380 G 433255 57 130 29 260414 96 174 88 172193 74
1381 C 443895 105 107 260543 58 245 983 181534 215 105
1382 G 459213 185 255 25 260519 194 836 225 196888 86
1383 G 457113 74 377 34 261067 95 539 209 194650 68
1384 G 461368 86 173 33 260722 288 613 36 199352 65
1385 G 460628 73 41 21 262294 110 242 26 197711 110
1386 A 468243 260502 28 1 70 192487 111 104 7846 7094
1387 G 472212 39 23 16 273305 92 105 39 198547 46
1388 T 480005 6 260571 85 3 267 190932 160 10817 17164
1389 C 490086 59 14 288654 5 504 98 200432 161 159
1390 T 500864 19 307318 88 10 135 192621 527 34 112
1391 T 505685 26 305524 45 4 515 199378 82 26 85
1392 C 512178 85 79 309526 13 606 676 200616 51 526
1393 G 519350 55 75 17 319991 143 361 279 197940 489
1394 A 522432 326681 9 2 46 194907 85 78 246 378
1395 G 526542 21 59 6 334525 47 128 44 191546 166
1396 C 531108 58 27 350235 17 78 54 180102 177 360
1397 T 538218 13 371245 60 3 39 166077 220 67 494
1398 C 541079 37 45 375066 11 82 60 165619 20 139
1399 T 544582 24 381562 68 6 67 162490 118 18 229
1400 C 546405 66 233 383936 14 116 434 161450 44 112
1401 G 546955 70 112 12 393184 148 190 230 152682 327
1402 G 546186 60 79 16 400978 78 52 49 144763 111
1403 A 544994 407809 28 1 117 133306 43 39 1449 2202
1404 C 544598 52 88 422113 20 108 62 121986 39 130
1405 G 543351 87 83 15 432862 83 68 42 110015 96
1406 A 542216 440641 23 0 68 100707 28 36 265 448
1407 A 541112 448416 13 7 93 92423 9 5 57 89
1408 A 539662 457230 13 3 47 82155 14 21 16 163
1409 A 537930 462826 13 8 247 74568 19 14 68 167
1410 G 535495 63 90 19 464246 2018 23 14 63748 5274
1411 G 533721 42 69 7 475164 22 12 18 58231 156
1412 C 531897 93 83 482770 26 39 13 48285 256 332
1413 A 529925 485977 26 5 133 43589 9 20 25 141
1414 G 526918 121 92 18 490362 40 9 12 36186 78
1415 C 525453 119 169 493485 25 34 13 31447 49 112
1416 G 523720 93 91 19 496366 34 13 11 27028 65
1417 A 522124 497120 14 3 67 24326 4 3 183 404
1418 G 520119 61 116 40 497901 15 15 4 21887 80
1419 C 518526 122 124 498245 20 22 11 19236 134 612
1420 C 517244 94 44 499661 16 11 2 17272 4 140
1421 C 516647 194 99 499392 21 41 34 16734 1 131
1422 G 514760 75 88 18 498067 24 8 156 15442 882
1423 A 513543 497571 31 7 77 15014 2 16 128 697
1424 T 512467 39 496984 53 2 60 14902 4 21 402
1425 C 511332 97 97 496066 14 25 4 14844 8 177
1426 G 509594 127 76 25 495622 28 0 22 13498 196
1427 T 508115 42 493916 91 8 7 12584 13 258 1196
1428 G 506469 84 104 21 494496 7 7 3 11674 73
1429 C 505307 89 49 493264 28 8 4 11526 28 311
1430 C 504220 105 61 492400 9 11 6 11494 4 130
1431 T 503626 31 491336 104 1 30 11401 117 1 605
1432 T 502442 24 490875 56 5 10 11218 2 2 250
1433 C 501050 83 49 489771 20 10 44 10840 3 230
1434 C 499829 102 69 488719 18 18 14 10707 3 179
1435 T 498930 24 488295 113 13 10 10070 44 1 360
1436 T 497815 23 487853 51 1 3 9781 2 11 90
1437 T 496431 27 486835 62 10 6 9386 3 2 100
1438 G 495037 102 74 27 483532 2 441 10 8353 2496
1439 A 494135 485117 69 10 104 8448 13 7 26 341
1440 C 493202 46 69 484729 15 10 3 8143 6 181
1441 A 492797 484296 25 7 88 8249 4 6 1 121
1442 T 492090 33 483696 67 6 3 8056 1 5 223
1443 G 491563 101 113 24 483455 6 16 1 7759 88
1444 A 490716 482847 39 5 82 7330 2 4 28 379
1445 G 489904 61 50 17 482587 3 5 0 7100 81
1446 T 489180 54 473523 55 7 8 6418 3 441 8671
1447 A 488387 481524 16 2 72 6495 0 0 2 276
1448 A 487551 481334 25 3 43 6013 0 4 1 128
1449 T 486609 43 480538 60 6 29 5646 1 1 285
1450 G 486301 89 88 25 480290 6 9 2 5678 114
1451 A 485605 479702 49 6 67 5468 1 2 3 307
1452 A 485004 479449 45 5 57 5368 0 0 2 78
1453 G 484487 91 124 13 478763 63 1 1 5075 356
1454 G 484025 26 78 21 478678 1 2 1 5071 147
1455 A 483557 477667 31 9 64 4884 0 14 35 853
1456 T 483096 42 477879 66 5 26 4758 0 3 317
1457 C 482722 45 34 477841 16 6 1 4663 4 112
1458 T 482426 55 477449 71 6 7 4639 0 16 183
1459 T 482025 6 477307 80 1 19 4422 3 0 187
1460 A 481507 476813 15 2 47 4112 54 1 3 460
1461 T 481071 34 476874 63 4 3 3878 13 1 201
1462 T 480725 26 476659 63 2 2 3710 1 10 252
1463 T 480365 28 476584 51 1 5 3583 1 5 107
1464 C 479852 68 54 473333 26 1 170 3075 4 3121
1465 T 479572 17 476198 96 6 5 3115 5 0 130
1466 T 479149 29 476004 46 2 1 2841 1 0 225
1467 C 478658 102 72 475212 18 3 32 2467 2 750
1468 G 478386 112 98 22 475570 11 4 0 2352 217
1469 G 478032 36 85 23 475645 1 9 0 2155 78
1470 A 477780 473927 38 3 95 1986 8 0 41 1682
1471 G 477430 49 76 18 475324 9 1 1 1861 91
1472 A 477164 474895 59 4 108 1706 1 5 3 383
1473 C 476844 63 65 474921 25 4 8 1593 0 165
1474 A 476548 474797 20 7 90 1507 0 7 1 119
1475 A 476093 474506 33 4 62 1368 1 2 0 117
1476 T 475460 42 472904 87 1 19 1263 0 1 1143
1477 G 474781 328 73 28 473008 4 3 0 1170 167
1478 C 474038 100 87 472593 26 3 4 1029 5 191
1479 A 473462 472040 46 10 123 961 2 0 2 278
1480 G 472735 61 85 20 471581 4 3 1 877 103
1481 A 471532 470396 19 2 80 812 3 2 3 215
1482 G 470186 109 138 11 469032 3 4 1 785 103
1483 G 468599 73 77 17 467514 1 2 3 759 153
1484 A 465951 463484 31 5 79 706 2 1 10 1633
1485 G 462764 97 51 13 461875 6 0 0 685 37
1486 T 461138 39 436744 64 6 6 561 0 95 23623
1487 A 459338 458413 38 4 126 660 1 0 4 92
1488 C 458435 58 112 457268 27 4 0 657 0 309
1489 G 455721 126 75 22 454750 4 2 0 649 93
1490 A 451220 450142 53 5 134 692 0 2 1 191
1491 C 449655 63 46 448614 42 10 2 680 8 190
1492 A 446596 445554 27 10 56 788 1 2 6 152
1493 A 443593 442567 29 3 50 864 3 1 9 67
1494 T 439083 37 437498 48 5 8 916 8 2 561