# amino-acid counts among definitively called codons
# POSITION TOTAL_COUNTS WT N_A N_C N_D N_E N_F N_G N_H N_I N_K N_L N_M N_N N_P N_Q N_R N_S N_T N_V N_W N_Y N_STOP
1 984930 M 0 0 0 0 0 0 0 407 100 63 984069 0 0 0 6 0 143 142 0 0 0
2 986727 A 985952 0 0 224 0 44 0 0 0 0 0 0 31 0 0 140 58 278 0 0 0
3 987792 S 15 19 0 0 64 0 0 0 0 0 0 0 151 0 0 987416 36 0 0 91 0
4 988520 Q 0 0 0 41 1 0 93 0 148 65 0 0 12 987780 268 0 0 0 0 0 112
5 989391 G 44 250 230 0 0 988380 0 0 0 0 0 0 0 0 31 293 0 163 0 0 0
6 989727 T 180 0 0 0 0 0 0 90 0 0 0 59 10 0 1 102 989285 0 0 0 0
7 992292 K 0 0 0 118 0 0 0 30 991868 0 0 95 0 16 110 0 6 0 0 0 49
8 994334 R 0 0 0 0 0 43 0 0 0 201 0 0 50 136 993728 0 0 0 0 0 176
9 996606 S 8 29 0 0 65 1 0 0 0 0 0 0 190 0 0 996130 62 0 0 121 0
10 998844 Y 0 177 9 0 32 0 702 0 0 0 0 19 0 0 0 6 0 0 0 997741 158
11 1001782 E 2 0 76 1000973 0 126 0 0 311 0 0 0 0 43 0 0 0 70 0 0 181
12 1005861 Q 0 0 0 58 0 0 207 0 129 63 0 1 17 1005089 165 0 0 0 0 0 132
13 1010113 M 0 0 0 0 0 0 0 443 67 95 1009217 0 0 0 12 0 125 154 0 0 0
14 1014586 E 10 0 246 1013557 0 295 0 0 139 0 0 0 0 45 0 0 0 98 0 0 196
15 1019592 T 162 0 0 0 0 0 0 94 0 0 0 116 3 0 0 122 1019095 0 0 0 0
16 1025185 D 6 0 1024287 159 0 197 44 0 0 0 0 125 0 0 0 0 0 108 0 259 0
17 1030916 G 31 0 0 98 0 1030149 0 0 3 0 0 0 1 0 201 0 0 185 0 0 248
18 1035919 E 6 0 45 1035285 0 157 0 0 181 0 0 0 0 43 0 0 0 29 0 0 173
19 1037622 R 0 205 0 0 0 50 369 0 0 238 0 0 64 0 1036564 132 0 0 0 0 0
20 1036823 Q 0 0 0 41 0 0 215 0 172 73 0 0 621 1035263 278 1 0 0 0 0 159
21 1030771 N 0 0 155 0 0 0 5 47 93 0 0 1030226 0 0 0 156 21 0 0 68 0
22 1010262 A 1009332 0 153 0 0 34 0 0 0 0 0 0 54 0 0 226 250 213 0 0 0
23 995081 T 181 0 0 0 0 0 0 82 0 0 0 138 425 0 0 160 994095 0 0 0 0
24 959913 E 13 0 69 959137 0 183 0 2 223 0 0 0 0 47 0 0 1 68 0 0 170
25 907955 I 0 0 0 0 42 0 0 907537 0 20 46 62 0 0 0 5 135 108 0 0 0
26 864292 R 1 0 0 0 0 234 0 127 193 0 1 0 0 0 863596 42 30 0 0 0 68
27 820462 A 819654 0 0 172 0 52 0 0 0 0 0 0 29 0 0 301 127 126 0 0 1
28 785672 S 6 29 0 0 60 0 0 0 0 0 0 0 145 0 0 785261 63 0 0 108 0
29 748626 V 109 0 73 2 99 5 0 261 0 20 1 0 0 0 0 0 0 748056 0 0 0
30 709028 G 29 0 0 146 0 708256 0 0 1 0 0 0 0 0 326 0 0 113 0 0 157
31 669792 K 0 0 0 123 0 0 0 35 669457 0 0 40 0 9 103 0 5 0 0 0 20
32 618938 M 0 0 0 0 0 0 0 297 39 30 618399 0 0 0 10 0 94 69 0 0 0
33 574240 I 0 0 0 0 54 0 0 573940 0 6 16 40 0 0 0 13 87 84 0 0 0
34 554930 G 14 131 113 0 0 554455 0 0 0 0 0 1 0 0 26 130 0 60 0 0 0
35 533487 G 26 0 0 78 0 533029 0 0 0 0 0 0 0 0 114 0 0 109 0 0 131
36 332635 I 0 0 0 0 22 0 0 332492 0 3 5 14 0 0 0 3 29 67 0 0 0
37 341017 G 21 0 0 34 0 340743 0 0 0 0 0 0 0 0 74 0 0 45 0 0 100
38 351428 R 0 0 0 0 0 16 0 0 0 53 0 0 19 66 351178 0 0 0 0 0 96
39 363593 F 0 1 0 0 363328 0 0 17 0 178 0 0 0 0 0 37 0 8 0 24 0
40 378695 Y 0 79 5 0 44 0 110 0 0 0 0 34 0 0 0 7 0 0 0 378340 76
41 394341 I 0 0 0 0 29 0 0 394097 0 9 20 35 0 0 0 5 83 63 0 0 0
42 413564 Q 0 0 0 13 0 0 24 0 122 19 0 0 6 413270 54 0 0 0 0 0 56
43 430524 M 0 0 0 0 0 0 0 143 26 24 430203 0 0 0 6 0 57 65 0 0 0
44 451342 C 0 450841 0 0 71 12 0 0 0 0 0 0 0 0 90 87 0 0 18 130 93
45 468909 T 93 0 0 0 0 0 0 59 0 0 0 45 10 0 0 54 468648 0 0 0 0
46 485321 E 4 0 50 484917 0 63 0 0 157 0 0 0 0 21 0 0 0 23 0 0 86
47 502344 L 0 0 0 0 50 0 23 100 0 502046 0 0 109 0 5 0 0 11 0 0 0
48 516684 K 0 0 0 107 0 0 0 18 516400 0 0 55 0 12 68 0 13 0 0 0 11
49 527659 L 0 0 0 0 44 0 24 54 0 527445 0 0 70 0 6 0 0 16 0 0 0
50 541680 S 0 40 0 0 0 150 0 81 1 0 0 66 0 0 91 541233 18 0 0 0 0
51 556544 D 5 0 556129 49 0 108 18 0 0 0 0 88 0 1 0 0 0 44 0 102 0
52 571555 Y 0 87 6 0 41 0 239 2 0 0 0 6 0 0 0 5 0 0 0 571090 79
53 590346 E 8 0 174 589673 0 150 0 0 132 0 0 0 0 26 0 0 0 64 0 0 119
54 602352 G 19 0 0 214 0 601747 0 1 0 0 0 0 0 0 151 0 0 85 0 0 135
55 613562 R 0 0 0 0 0 16 0 0 0 136 0 0 29 152 613058 0 0 0 171 0 0
56 622369 L 0 0 0 0 127 0 0 0 0 622014 54 0 2 0 0 109 0 14 5 0 44
57 633916 I 0 0 0 0 74 0 0 633479 1 9 28 60 0 0 0 5 137 123 0 0 0
58 644914 Q 0 0 0 28 0 0 37 0 148 27 0 0 67 644414 100 0 0 0 2 0 91
59 647783 N 0 0 93 0 0 0 6 48 93 0 0 647388 0 0 0 86 47 0 0 22 0
60 653831 S 0 20 0 0 0 105 0 114 0 0 0 103 0 0 135 653331 23 0 0 0 0
61 661472 L 0 0 0 0 63 0 0 42 0 661029 0 0 14 0 0 233 0 11 0 0 80
62 672879 T 123 0 0 0 0 0 0 70 85 1 0 0 8 0 21 61 672510 0 0 0 0
63 684150 I 0 0 0 0 0 0 0 683703 44 55 154 1 0 0 5 0 98 90 0 0 0
64 695020 E 10 0 145 694448 0 115 0 0 69 0 0 0 0 29 0 0 0 43 0 0 161
65 697949 R 0 0 0 0 0 122 0 95 96 0 0 0 0 0 697499 50 26 0 0 0 61
66 702652 M 0 0 0 0 0 0 0 320 62 44 702013 1 0 0 4 0 84 124 0 0 0
67 700947 V 104 0 0 88 0 16 0 1 0 79 155 0 0 0 0 0 0 700504 0 0 0
68 705042 L 0 4 0 0 79 0 41 122 0 704632 0 0 126 0 13 0 0 25 0 0 0
69 703323 S 6 36 0 0 58 0 0 0 0 0 0 0 121 0 0 702925 63 0 0 114 0
70 698813 A 698179 0 142 0 0 20 0 1 0 0 0 0 29 0 0 120 248 74 0 0 0
71 697682 F 0 5 0 0 697329 0 0 36 0 173 0 0 3 0 0 101 0 9 0 25 1
72 694184 D 4 0 693611 98 0 144 32 0 1 0 0 127 0 0 0 0 0 58 0 109 0
73 695728 E 4 0 58 695084 0 172 0 0 214 0 0 0 0 30 0 0 0 39 0 0 127
74 705112 R 0 0 0 0 0 181 0 0 123 0 213 1 0 0 704365 171 26 0 32 0 0
75 704630 R 0 0 0 0 0 172 0 101 103 0 0 0 0 0 704072 69 35 0 0 0 78
76 705240 N 0 0 101 0 0 0 5 39 51 0 0 704890 0 0 0 106 13 0 0 35 0
77 703635 K 0 0 0 118 0 0 0 60 703294 0 0 45 0 3 85 0 2 0 0 0 28
78 709488 Y 0 114 6 0 51 0 185 0 0 0 0 43 0 0 0 6 0 0 0 708992 91
79 715006 L 0 0 0 0 56 0 63 203 0 714534 0 0 115 0 11 0 0 24 0 0 0
80 708237 E 9 0 58 707686 0 118 0 0 165 0 0 0 0 34 0 1 0 55 0 0 111
81 707963 E 7 0 76 707497 0 110 0 0 89 0 0 0 0 24 0 0 0 59 0 0 101
82 707919 H 0 0 32 0 0 0 707518 0 1 54 0 80 12 64 81 0 1 0 0 76 0
83 706039 P 18 0 1 0 0 0 169 0 0 79 0 0 705577 1 36 53 105 0 0 0 0
84 715372 S 0 17 0 0 0 135 0 76 0 0 0 136 0 1 102 714892 13 0 0 0 0
85 713114 A 712350 0 0 131 0 49 0 0 1 0 0 0 29 0 0 139 187 228 0 0 0
86 710535 G 27 0 0 131 0 709630 0 0 0 0 0 0 0 0 120 0 0 169 458 0 0
87 711988 K 0 0 0 165 0 0 0 36 711498 0 2 94 0 6 138 0 7 0 0 0 42
88 714820 D 3 0 714286 65 1 96 13 0 0 0 0 215 0 0 0 0 0 38 0 103 0
89 716231 P 17 0 0 0 1 1 198 1 0 67 0 0 715756 0 29 63 98 0 0 0 0
90 719691 K 0 0 0 105 0 0 0 0 719378 0 24 67 0 3 91 0 17 0 0 0 6
91 716914 K 0 0 0 133 0 0 0 20 716561 0 0 16 0 5 134 0 12 0 0 0 33
92 710839 T 78 0 0 0 0 0 0 39 0 0 0 60 50 0 0 66 710546 0 0 0 0
93 712531 G 24 0 0 97 0 711987 0 0 0 0 0 0 0 0 214 0 0 80 0 0 129
94 711542 G 17 0 0 84 0 711100 0 0 0 0 0 0 0 0 113 0 0 116 0 0 112
95 706118 P 30 0 0 0 0 0 136 0 0 45 0 0 705726 1 16 105 59 0 0 0 0
96 701005 I 0 0 0 0 0 0 0 700580 52 70 99 0 0 0 6 0 100 98 0 0 0
97 697801 Y 0 115 8 0 71 0 173 0 0 0 0 51 0 0 0 9 0 0 0 697252 122
98 696170 R 0 0 0 0 0 151 0 1 125 0 181 0 0 0 695426 192 27 0 67 0 0
99 691991 R 0 0 0 0 0 162 0 149 91 0 0 0 0 0 691481 40 12 0 0 0 56
100 689066 V 166 0 0 89 0 10 0 128 0 55 0 0 0 0 0 1 0 688616 0 0 1
101 690300 N 0 0 111 0 0 0 9 30 104 0 0 689863 0 0 0 106 49 0 0 28 0
102 688641 G 17 0 0 107 0 688023 0 0 0 0 0 0 0 0 236 0 0 94 1 0 163
103 694120 K 0 0 0 110 0 0 0 0 693647 0 20 68 0 8 222 0 5 0 0 0 40
104 690987 W 0 127 0 0 0 6 0 0 0 208 0 0 0 0 145 26 0 0 690282 0 193
105 687764 M 0 0 0 0 0 0 0 291 79 77 687051 0 0 0 17 0 97 152 0 0 0
106 684529 R 0 0 0 0 0 135 0 119 75 0 0 0 0 0 684043 62 16 0 0 0 79
107 682827 E 6 0 75 682305 0 125 0 0 139 0 0 0 0 27 0 1 0 41 0 0 108
108 682173 L 0 0 0 0 66 0 52 47 0 681869 0 0 119 0 6 0 0 14 0 0 0
109 678286 I 0 0 0 0 57 0 0 677854 0 10 12 79 0 0 0 7 127 140 0 0 0
110 672101 L 0 0 0 0 43 0 17 192 0 671704 0 0 114 0 16 0 0 15 0 0 0
111 667128 Y 0 100 6 0 59 0 108 0 1 0 0 15 0 0 0 6 0 0 0 666726 107
112 657373 D 4 0 656680 132 0 136 31 0 0 0 0 197 0 0 0 0 0 109 0 84 0
113 650585 K 0 0 0 100 0 0 0 36 650251 0 0 48 0 11 105 0 8 0 0 0 26
114 652746 E 0 0 46 652334 0 119 0 0 93 0 0 0 0 19 0 0 0 27 0 0 108
115 649768 E 1 0 34 649393 0 112 0 0 85 0 0 0 0 12 0 0 0 53 0 0 78
116 645538 I 0 0 0 0 0 0 0 645107 39 47 138 1 0 0 6 0 111 89 0 0 0
117 647549 R 0 0 0 0 0 116 0 0 72 0 157 0 0 0 647032 106 20 0 46 0 0
118 646378 R 0 0 0 0 0 39 0 0 0 106 0 0 21 151 645946 0 0 0 1 0 114
119 642377 I 0 0 0 0 20 0 0 642080 0 17 18 56 0 0 0 4 91 91 0 0 0
120 642235 W 0 110 0 0 0 27 0 0 0 106 0 0 0 0 182 27 0 0 641448 0 335
121 641101 R 0 162 0 0 0 43 175 0 0 144 0 0 28 0 640372 177 0 0 0 0 0
122 638579 Q 0 0 0 37 0 0 52 0 117 42 0 0 12 638122 115 0 0 0 0 0 82
123 634546 A 633990 0 139 0 0 18 0 0 0 0 0 0 23 1 0 140 123 112 0 0 0
124 638533 N 0 0 94 0 0 0 1 76 67 0 0 638197 0 0 0 73 18 0 0 7 0
125 640429 N 0 1 103 0 0 0 4 36 52 0 0 640125 0 0 0 71 10 0 0 27 0
126 635882 G 19 125 126 0 0 635410 0 0 0 0 0 1 0 0 15 136 0 50 0 0 0
127 636865 D 6 0 636330 94 0 131 21 0 1 0 0 135 0 0 0 0 0 57 0 90 0
128 637259 D 1 0 636724 73 0 101 25 0 0 0 0 150 0 0 0 0 0 68 0 117 0
129 645151 A 644440 0 0 158 0 45 0 0 0 0 0 0 24 0 0 110 175 199 0 0 0
130 648155 T 104 0 0 0 0 0 0 0 88 0 164 0 7 0 24 29 647739 0 0 0 0
131 649337 A 648797 0 148 0 0 25 0 0 0 0 0 0 37 0 0 119 149 62 0 0 0
132 638936 G 17 123 86 0 0 638516 0 0 0 0 0 0 0 0 15 122 0 57 0 0 0
133 641935 L 0 0 0 0 0 0 0 0 0 641545 127 0 189 37 12 0 0 25 0 0 0
134 638671 T 117 1 0 0 0 0 0 94 0 0 0 77 9 0 0 110 638263 0 0 0 0
135 643106 H 0 0 24 0 0 0 642584 0 0 75 0 119 23 103 99 0 0 0 0 79 0
136 650634 M 0 0 0 0 0 0 0 268 56 61 650025 0 0 0 5 0 123 96 0 0 0
137 655768 M 0 0 0 0 0 0 0 270 63 54 655168 0 0 0 3 0 88 122 0 0 0
138 654251 I 0 0 0 0 50 0 0 653922 0 5 21 52 0 0 0 5 90 106 0 0 0
139 658524 W 0 133 0 0 0 17 0 0 0 109 0 0 0 0 274 24 0 0 657686 0 281
140 660350 H 0 0 37 0 0 0 659761 1 0 51 0 161 17 43 133 2 0 0 0 143 1
141 662406 S 3 34 0 0 76 0 0 0 0 0 0 0 119 0 0 662039 26 0 0 109 0
142 659182 N 0 0 124 0 0 0 12 35 30 0 0 658864 0 0 0 66 4 0 0 47 0
143 658347 L 0 0 0 0 138 0 0 0 0 658030 41 0 0 0 0 99 0 8 3 0 28
144 659261 N 0 0 132 0 0 0 9 30 91 0 0 658820 0 0 0 120 8 0 0 51 0
145 654398 D 8 0 653908 66 0 132 27 0 0 0 0 86 0 0 0 0 0 49 0 122 0
146 652186 A 651415 0 0 99 0 33 0 0 0 0 0 0 24 0 0 91 395 129 0 0 0
147 650590 T 84 0 0 0 0 0 0 49 0 0 0 65 8 0 0 60 650324 0 0 0 0
148 648701 Y 0 91 1 0 23 0 107 0 0 0 0 13 0 0 0 5 0 0 0 648362 99
149 651713 Q 0 0 0 16 0 0 169 0 116 68 0 0 13 651090 183 0 0 0 0 0 58
150 644764 R 0 0 0 1 0 151 0 0 103 0 153 0 0 0 644197 100 16 0 43 0 0
151 638995 T 182 0 0 0 0 0 0 93 57 0 0 0 7 0 27 110 638519 0 0 0 0
152 641756 R 0 0 0 0 0 134 0 41 88 0 0 0 0 0 641388 37 18 0 0 0 50
153 647345 A 646908 0 134 0 0 29 0 1 0 0 0 0 19 0 0 130 89 34 0 1 0
154 649030 L 1 0 0 0 54 0 54 94 0 648701 0 0 99 0 5 0 0 22 0 0 0
155 649883 V 112 0 65 0 61 62 0 94 0 27 0 0 0 0 0 0 0 649462 0 0 0
156 649306 R 0 151 0 0 0 30 249 0 0 111 0 0 36 0 648538 191 0 0 0 0 0
157 652229 T 103 0 0 0 0 0 0 88 1 0 0 51 9 0 2 122 651853 0 0 0 0
158 648608 G 29 0 0 82 0 647947 0 0 0 0 0 0 0 2 260 0 0 109 0 0 179
159 650694 M 5 0 0 0 0 0 0 325 34 62 649988 1 0 0 13 1 121 143 1 0 0
160 659277 D 12 0 658748 95 0 138 29 0 0 0 0 114 0 0 0 0 0 35 0 106 0
161 660335 P 16 0 0 0 0 0 182 0 0 73 0 0 659809 0 28 85 142 0 0 0 0
162 667211 R 0 0 0 0 0 170 0 0 86 0 165 0 0 0 666651 100 8 0 31 0 0
163 674411 M 0 0 0 0 0 0 0 239 41 55 673845 0 0 0 7 0 91 133 0 0 0
164 674564 C 0 673877 0 0 130 14 0 0 0 0 0 0 0 0 101 89 0 0 30 224 99
165 676552 S 10 20 0 0 56 0 0 0 0 0 0 0 115 0 0 676171 49 0 0 131 0
166 679318 L 0 0 0 0 0 0 0 0 0 678902 138 0 192 53 11 0 0 22 0 0 0
167 686958 M 1 0 0 0 0 0 0 332 64 76 686233 0 0 0 11 0 133 108 0 0 0
168 689614 Q 0 0 0 35 0 0 64 0 109 50 0 0 12 689061 171 0 0 0 0 0 112
169 687280 G 24 190 94 0 0 686824 0 0 0 0 0 0 0 0 14 72 1 61 0 0 0
170 694101 S 4 0 0 0 0 0 0 0 0 103 0 0 130 0 0 693661 46 0 0 0 157
171 697414 T 112 0 0 0 0 0 0 55 0 0 0 89 10 0 0 59 697089 0 0 0 0
172 698522 L 0 0 0 0 42 0 61 176 0 698062 0 0 155 0 6 0 0 20 0 0 0
173 699104 P 17 0 0 0 0 0 362 0 0 51 0 0 698391 0 22 80 181 0 0 0 0
174 702974 R 0 0 0 0 0 124 0 0 92 0 155 0 0 0 702414 125 30 0 34 0 0
175 703019 R 0 0 0 0 0 145 0 0 59 0 190 0 0 0 702512 52 12 0 49 0 0
176 707179 S 10 16 0 0 63 0 0 0 0 0 0 0 110 0 0 706821 58 0 0 101 0
177 715206 G 30 0 0 109 0 714732 0 0 2 0 0 0 0 0 173 0 0 63 0 0 97
178 722526 A 721997 0 119 1 0 24 0 0 0 0 0 0 22 0 0 144 110 109 0 0 0
179 730818 A 730083 0 0 125 0 22 0 0 0 1 0 0 99 0 0 101 314 73 0 0 0
180 728368 G 13 160 156 0 0 727874 1 0 0 0 0 1 0 0 22 84 0 57 0 0 0
181 726924 A 726395 0 76 0 0 23 0 0 0 1 0 0 22 0 0 140 171 96 0 0 0
182 732901 A 732125 0 0 127 0 46 0 0 0 0 0 0 39 0 0 126 240 198 0 0 0
183 734111 V 140 0 73 0 81 6 0 102 0 22 0 0 0 0 0 0 0 733687 0 0 0
184 743420 K 0 0 0 144 0 0 0 49 742962 0 1 80 0 8 88 0 20 0 0 0 68
185 748426 G 26 0 0 93 0 747886 0 0 0 0 0 0 0 0 128 0 0 133 0 0 160
186 751577 V 110 0 48 0 61 15 0 108 0 12 0 0 0 0 0 0 0 751223 0 0 0
187 756647 G 35 0 0 127 0 756005 0 0 1 1 0 0 0 0 211 0 0 115 0 0 152
188 758657 T 177 0 0 0 0 0 0 92 86 0 0 0 16 0 33 75 758178 0 0 0 0
189 765598 M 0 0 0 0 0 0 0 360 64 74 764853 2 0 0 8 0 101 136 0 0 0
190 764565 V 137 0 0 93 0 14 0 1 1 65 129 0 0 0 0 0 0 764125 0 0 0
191 764837 M 0 0 0 0 0 0 0 355 70 109 764026 0 1 0 17 0 113 146 0 0 0
192 765342 E 13 0 47 764787 0 174 0 0 98 0 0 0 0 28 1 0 0 82 0 0 112
193 763819 L 0 0 0 0 241 0 0 0 0 763369 43 0 0 0 0 111 0 7 4 0 44
194 763625 V 150 0 100 0 53 10 0 217 0 32 0 0 0 0 0 0 0 763063 0 0 0
195 759784 R 0 0 0 0 0 155 0 123 118 0 0 0 0 0 759176 77 24 0 0 0 111
196 757891 M 0 0 0 0 0 0 0 237 72 84 757259 1 0 0 5 0 96 137 0 0 0
197 755173 I 0 0 0 0 59 0 0 754679 0 5 40 93 0 0 0 11 153 133 0 0 0
198 751241 K 0 0 0 133 0 0 0 11 750811 0 0 119 0 11 127 0 13 0 0 0 16
199 745927 R 0 165 0 0 0 36 190 0 0 95 0 0 15 0 745315 111 0 0 0 0 0
200 748326 G 24 1 0 127 0 747425 0 0 0 0 0 0 0 0 182 0 0 213 354 0 0
201 741236 I 0 0 0 0 88 0 0 740791 0 7 24 49 0 0 0 7 117 153 0 0 0
202 735220 N 0 0 146 0 0 0 12 22 86 0 0 734786 0 0 0 110 10 0 0 48 0
203 733914 D 5 0 733377 70 0 117 20 0 0 0 0 135 0 0 0 0 0 79 0 111 0
204 731562 R 0 0 0 0 0 23 0 0 0 160 0 0 17 205 731007 0 0 0 150 0 0
205 724870 N 0 0 130 0 0 0 3 27 85 0 0 724447 0 0 0 140 9 0 0 29 0
206 713842 F 0 4 0 0 713438 0 0 18 0 247 0 0 0 0 0 90 0 11 0 34 0
207 701432 W 0 198 0 0 0 11 0 0 0 165 0 0 0 0 211 35 0 0 700509 0 303
208 692054 R 0 0 0 0 0 163 0 0 124 0 335 0 0 0 690901 458 19 0 54 0 0
209 687920 G 26 182 126 0 0 687359 0 0 0 0 0 0 0 0 20 118 0 89 0 0 0
210 685953 E 7 0 132 685277 0 181 0 0 111 0 0 0 0 12 1 0 0 93 0 0 139
211 682904 N 0 0 145 0 0 0 6 52 64 0 0 682472 0 0 0 119 16 0 0 30 0
212 683728 G 20 0 0 133 0 683115 0 0 2 0 0 0 0 0 211 0 0 110 0 0 137
213 679813 R 0 0 0 0 0 38 0 0 0 118 0 0 24 199 679223 0 0 0 0 0 211
214 669317 K 0 0 0 88 0 0 0 18 669048 0 0 32 0 12 76 0 7 0 0 0 36
215 661760 T 127 0 0 0 0 1 0 48 55 0 0 0 203 0 15 57 661254 0 0 0 0
216 657234 R 0 0 0 0 0 104 0 73 114 0 0 0 0 0 656841 47 21 0 0 0 34
217 653910 I 0 0 0 0 45 0 0 653586 0 11 2 42 0 0 0 15 119 90 0 0 0
218 651680 A 651231 0 101 0 0 29 0 0 0 0 0 0 24 0 0 126 115 54 0 0 0
219 657457 Y 2 113 5 0 36 0 112 0 0 0 0 11 0 0 0 6 0 0 0 657101 71
220 661114 E 5 0 34 660619 0 129 0 0 126 0 0 0 0 37 0 0 0 66 0 0 98
221 664203 R 0 0 0 0 0 154 0 99 79 0 0 0 0 0 663783 37 18 0 0 0 33
222 655417 M 0 0 0 0 1 1 0 268 54 42 654799 0 0 0 16 0 77 159 0 0 0
223 650664 C 0 649985 0 0 89 16 0 0 0 2 0 0 0 0 135 175 0 0 47 118 97
224 652753 N 0 1 129 0 0 0 7 74 90 0 0 652286 0 0 0 108 8 0 0 50 0
225 654473 I 0 0 0 0 37 0 0 654158 0 14 14 22 0 0 0 9 129 90 0 0 0
226 656883 L 0 0 0 0 58 0 82 127 0 656455 0 0 122 0 9 0 0 30 0 0 0
227 656842 K 0 0 0 87 0 0 0 44 656466 0 0 63 0 18 112 0 9 0 0 0 43
228 652864 G 24 0 0 120 0 652050 0 0 1 0 0 0 0 0 116 0 0 139 414 0 0
229 651053 K 0 0 0 144 0 0 0 28 650635 0 0 52 0 6 146 0 11 0 0 0 31
230 654788 F 0 15 0 0 654374 0 0 54 0 182 0 0 3 0 0 110 0 12 0 38 0
231 655508 Q 0 0 0 28 0 0 39 0 106 22 0 0 11 655002 208 0 0 0 0 0 92
232 656325 T 84 0 0 0 1 0 0 36 0 0 0 86 30 0 0 55 656033 0 0 0 0
233 658106 A 657641 0 96 0 0 15 0 0 0 0 0 0 31 0 0 115 123 85 0 0 0
234 655932 A 655332 0 0 108 0 33 0 0 0 0 0 0 25 0 0 122 203 109 0 0 0
235 654658 Q 0 0 0 23 0 0 28 0 64 32 0 0 2 654324 84 0 0 0 0 0 101
236 653204 K 0 0 0 81 0 0 0 27 652878 0 0 30 0 10 150 0 12 0 0 0 16
237 651840 A 651380 0 0 103 0 28 0 0 1 0 0 0 18 0 0 94 118 98 0 0 0
238 647224 M 0 0 0 0 0 0 0 256 54 43 646674 0 0 0 10 0 95 92 0 0 0
239 640830 M 0 0 0 0 0 0 0 345 69 67 640121 0 0 0 8 0 107 113 0 0 0
240 632362 D 2 0 631885 87 0 113 21 0 0 0 0 117 0 0 0 0 0 46 0 91 0
241 625571 Q 0 0 0 21 0 0 27 0 101 41 0 0 8 625151 154 0 0 0 0 0 68
242 616758 V 115 0 0 82 0 13 0 0 0 65 146 0 0 0 0 0 0 616337 0 0 0
243 612127 R 0 0 0 0 0 159 0 141 92 0 0 0 0 0 611559 70 24 0 0 0 82
244 598503 E 7 0 82 598054 0 143 0 0 75 0 0 0 0 12 0 0 0 41 0 0 89
245 585700 S 0 15 0 0 0 111 0 130 0 0 0 116 0 0 158 585150 20 0 0 0 0
246 572713 R 0 0 0 0 0 27 0 0 0 127 0 0 25 221 572203 0 0 0 110 0 0
247 558141 N 0 0 97 0 0 0 3 33 80 2 0 557786 0 0 0 109 9 0 0 22 0
248 542239 P 17 0 0 0 0 0 0 0 0 68 0 0 541752 234 20 49 99 0 0 0 0
249 524980 G 25 0 0 73 0 524378 0 0 0 0 0 0 0 0 74 0 0 131 299 0 0
250 511762 N 0 0 88 0 0 0 2 20 47 0 0 511464 0 0 0 107 6 0 0 28 0
251 500626 A 500188 0 85 0 0 18 0 0 0 0 0 0 12 0 0 105 161 57 0 0 0
252 487531 E 3 0 48 487234 0 79 0 0 69 0 0 0 0 17 0 0 0 22 0 0 59
253 471471 F 0 5 0 0 471156 0 0 30 0 182 0 0 2 0 0 69 0 5 0 22 0
254 453431 E 2 0 29 453061 0 61 0 0 132 0 0 0 0 18 0 0 0 46 0 0 82
255 433194 D 2 0 432959 24 0 65 12 0 0 0 0 49 0 0 0 0 0 31 0 52 0
256 412448 L 0 0 0 0 30 0 31 69 0 412188 0 0 116 0 2 0 0 12 0 0 0
257 393895 T 46 1 0 0 0 0 0 46 0 0 0 41 4 0 0 86 393671 0 0 0 0
258 377434 F 0 3 0 0 377256 0 0 21 0 72 0 0 0 0 0 61 0 4 0 17 0
259 364431 L 0 0 0 0 0 0 0 55 0 364270 0 0 60 36 3 0 0 7 0 0 0
260 347736 A 347428 0 0 82 0 22 0 0 0 1 0 0 13 0 0 55 82 53 0 0 0
261 329510 R 0 0 0 0 0 15 0 0 0 95 0 0 4 67 329259 0 0 0 70 0 0
262 311272 S 3 14 0 0 38 0 0 0 0 1 0 0 45 0 0 311094 27 0 0 50 0
263 288441 A 288136 0 0 66 0 24 0 0 0 0 0 0 14 0 0 40 91 70 0 0 0
264 266725 L 0 0 0 0 55 0 24 32 0 266556 0 0 45 0 2 0 0 11 0 0 0
265 245142 I 0 0 0 0 0 0 0 244979 17 18 41 0 0 0 1 0 46 40 0 0 0
266 225489 L 0 0 0 0 46 0 0 0 0 225357 25 0 0 0 0 38 0 4 4 0 15
267 211896 R 0 0 0 0 0 47 0 42 23 0 0 0 0 0 211747 9 4 0 0 0 24
268 195930 G 3 0 0 24 0 195730 0 0 0 0 0 0 0 0 54 0 0 54 65 0 0
269 178739 S 4 0 0 0 0 0 0 0 0 44 0 0 19 0 0 178604 15 0 9 0 44
270 159824 V 25 0 11 1 8 0 0 30 0 7 0 0 0 0 0 0 0 159742 0 0 0
271 144592 A 144461 0 18 0 0 7 0 0 0 0 0 0 3 0 0 23 54 26 0 0 0
272 135097 H 0 0 12 0 0 0 134969 0 0 17 0 28 1 23 26 0 0 0 0 21 0
273 119014 K 0 0 0 23 0 0 0 0 118946 0 7 12 0 2 19 0 1 0 0 0 4
274 106337 S 1 4 0 0 12 0 0 0 0 0 0 0 21 0 0 106272 5 0 0 22 0
275 97343 C 0 97225 0 0 17 2 0 0 0 0 0 0 0 0 11 10 0 0 9 26 43
276 88375 L 0 0 0 0 0 0 0 0 0 88309 33 0 8 13 3 0 0 9 0 0 0
277 80658 P 5 0 0 0 0 0 53 0 0 20 0 0 80511 0 7 17 45 0 0 0 0
278 73788 A 73692 0 24 0 0 4 0 0 0 0 0 0 6 0 0 15 31 16 0 0 0
279 65602 C 0 65525 0 0 4 4 0 0 0 0 0 0 0 0 44 8 0 0 2 9 6
280 67022 V 4 0 0 10 0 2 0 0 0 6 7 0 0 0 0 0 0 66993 0 0 0
281 72962 Y 0 22 2 0 17 0 25 0 0 0 0 8 0 0 0 1 0 0 0 72868 19
282 62075 G 8 0 0 53 0 61937 0 0 0 0 0 0 0 0 45 0 0 1 0 0 31
283 94958 P 15 0 0 0 0 0 159 1 0 47 0 0 94549 0 18 115 54 0 0 0 0
284 107300 A 106715 0 82 0 0 28 0 0 0 0 0 0 24 0 0 152 193 106 0 0 0
285 115111 V 63 0 0 32 0 6 0 81 0 75 0 0 0 0 0 0 0 114854 0 0 0
286 125032 A 124970 0 26 0 0 3 0 0 0 0 0 0 3 0 0 12 5 13 0 0 0
287 134327 S 0 7 0 0 0 28 0 10 0 0 0 21 0 0 33 134223 5 0 0 0 0
288 147214 G 5 0 0 22 0 147080 0 0 0 0 0 0 0 0 33 0 0 30 44 0 0
289 167675 Y 0 33 3 0 15 0 41 0 0 0 0 11 0 0 0 1 0 7 0 167544 20
290 188324 D 4 0 188148 41 0 27 4 0 0 0 0 55 0 0 0 0 0 16 0 29 0
291 206693 F 0 3 0 0 206593 0 0 6 0 48 0 0 1 0 0 30 0 7 0 5 0
292 227271 E 0 0 14 227073 0 63 0 0 67 0 0 0 0 11 0 0 0 16 0 0 27
293 241754 R 0 0 0 0 0 61 0 0 43 0 148 0 0 0 241433 56 2 0 10 1 0
294 255178 E 3 0 121 254868 0 72 0 0 44 0 0 0 0 6 0 0 0 18 0 0 46
295 275602 G 11 0 0 78 0 275354 0 0 0 0 0 0 0 0 55 0 0 36 0 0 68
296 296913 Y 0 59 1 0 26 0 53 0 0 0 0 21 0 0 0 1 0 0 0 296712 40
297 317152 S 3 10 0 0 24 0 0 0 0 0 0 0 51 0 0 316953 25 0 0 86 0
298 340829 L 0 0 0 0 0 0 0 86 0 340652 0 0 54 23 2 0 0 12 0 0 0
299 354958 V 52 0 35 0 34 1 0 66 0 10 0 0 0 0 0 0 0 354760 0 0 0
300 370275 G 11 0 0 48 0 369973 0 0 0 0 0 0 0 0 131 0 0 59 0 0 53
301 387458 I 0 0 0 0 0 0 0 387176 21 22 91 0 0 0 3 0 65 80 0 0 0
302 412131 D 5 0 411794 66 0 70 15 0 0 0 0 81 0 0 0 0 0 39 0 61 0
303 435578 P 6 0 0 0 0 0 258 0 0 27 0 0 435108 0 13 41 124 0 0 1 0
304 455817 F 0 3 0 0 455467 0 0 43 0 176 0 0 1 0 0 85 0 6 0 36 0
305 478647 R 0 0 0 0 0 130 0 72 100 0 0 0 0 0 478249 49 20 0 0 0 27
306 496106 L 0 0 0 0 0 0 0 0 0 495903 42 0 104 34 5 0 0 18 0 0 0
307 517925 L 0 0 0 0 48 0 15 68 0 517670 0 0 94 0 7 0 0 23 0 0 0
308 541390 Q 0 0 0 28 0 0 23 0 86 25 0 0 9 541068 104 1 0 0 0 0 46
309 559079 N 0 0 90 0 0 0 18 32 80 0 0 558669 0 0 0 84 93 0 0 13 0
310 579811 S 0 42 0 0 0 98 0 172 0 0 0 133 0 0 153 579198 15 0 0 0 0
311 592520 Q 0 0 0 27 0 0 27 0 116 43 0 0 20 592126 74 0 0 0 0 0 87
312 612044 V 69 0 0 54 0 6 0 0 0 78 137 0 0 0 0 0 0 611700 0 0 0
313 631353 Y 0 123 8 0 38 0 115 0 0 0 0 30 0 0 0 11 0 0 0 630920 108
314 649146 S 0 24 0 0 0 104 0 138 0 0 0 102 0 0 143 648612 23 0 0 0 0
315 663898 L 0 0 0 0 0 0 0 136 0 663555 0 0 153 34 6 0 0 14 0 0 0
316 678739 I 0 0 0 0 62 0 0 678422 0 10 16 52 0 0 0 5 90 82 0 0 0
317 689386 R 0 0 0 0 0 152 0 108 132 0 0 0 0 0 688896 51 14 0 0 0 33
318 696518 P 28 0 0 0 0 0 0 0 0 99 0 0 695996 198 34 95 68 0 0 0 0
319 706541 N 0 0 172 0 0 0 7 54 75 1 0 706102 0 0 0 86 8 0 0 36 0
320 716424 E 11 0 126 715734 0 148 0 0 143 0 0 0 0 33 0 0 0 77 0 0 152
321 719462 N 0 0 133 0 0 0 8 41 73 0 1 719040 0 0 0 118 19 0 0 29 0
322 725985 P 15 0 0 0 0 0 0 0 1 128 0 0 725496 146 31 67 101 0 0 0 0
323 730600 A 729989 0 0 148 0 34 0 0 0 0 0 0 33 0 0 114 169 113 0 0 0
324 734283 H 0 0 20 0 0 0 733731 0 0 117 0 99 13 103 114 0 0 0 0 86 0
325 731671 K 0 0 0 138 0 0 0 0 731103 0 68 154 0 10 155 0 15 0 0 0 28
326 730553 S 0 71 0 0 0 129 0 46 0 0 0 96 0 0 104 730086 21 0 0 0 0
327 726895 Q 0 0 0 31 0 0 63 2 104 59 0 0 16 726421 124 0 0 0 0 0 75
328 722963 L 0 0 0 0 0 0 0 1 0 722636 111 0 105 75 8 0 1 26 0 0 0
329 726812 V 109 0 0 63 0 22 0 0 0 79 116 0 0 0 0 0 0 726423 0 0 0
330 730875 W 0 133 0 0 0 10 0 0 0 172 0 0 0 0 164 34 0 0 730096 0 266
331 723437 M 0 0 0 0 0 0 0 280 79 70 722742 0 0 0 5 0 99 162 0 0 0
332 723248 A 722532 0 0 179 0 43 0 0 0 0 0 0 30 0 0 108 192 164 0 0 0
333 723766 C 0 722992 0 0 152 13 0 0 0 0 0 0 0 0 143 115 0 0 41 188 122
334 716223 H 0 0 29 0 0 0 715675 1 0 71 0 178 14 63 84 0 0 0 0 108 0
335 709258 S 6 22 0 0 81 0 0 0 0 0 0 0 97 0 0 708850 50 0 0 152 0
336 704442 A 703723 0 144 0 0 27 0 0 0 0 0 0 25 0 0 196 201 126 0 0 0
337 698219 A 697580 0 1 123 0 20 0 0 0 0 0 0 48 0 0 125 240 82 0 0 0
338 696611 F 0 10 0 0 696301 0 0 33 0 122 0 0 1 0 0 107 0 14 0 23 0
339 696095 E 5 0 59 695595 0 151 0 0 78 0 0 0 0 31 0 0 0 60 0 0 116
340 687685 D 3 0 687244 56 0 122 14 1 0 0 0 109 0 0 0 0 0 47 0 89 0
341 683627 L 0 0 0 0 0 0 0 114 0 683315 0 0 121 47 11 0 0 19 0 0 0
342 685614 R 0 0 0 0 0 94 0 117 87 0 0 0 0 0 685216 53 22 0 0 0 25
343 689110 V 83 0 0 43 0 7 0 91 0 75 0 0 0 0 0 0 0 688811 0 0 0
344 687775 L 0 0 0 0 74 0 0 44 0 687449 0 0 0 0 0 114 0 8 0 0 86
345 681098 S 0 21 0 0 0 85 0 118 0 0 0 96 0 0 173 680588 17 0 0 0 0
346 677755 F 0 3 0 0 677246 0 0 8 0 297 0 0 0 0 0 130 0 12 0 59 0
347 672560 I 0 0 0 0 59 0 0 672141 0 9 32 69 1 0 0 5 114 130 0 0 0
348 668319 K 0 0 0 122 0 0 0 30 667964 1 0 65 0 11 86 0 8 0 0 0 32
349 673143 G 26 0 0 145 0 672435 0 0 0 0 0 0 0 0 115 0 0 173 249 0 0
350 670094 T 171 0 0 0 0 0 0 0 89 0 145 0 6 0 32 63 669588 0 0 0 0
351 668693 K 0 0 0 99 0 0 0 0 668207 0 54 141 0 4 130 0 19 0 0 0 39
352 663579 V 108 0 0 76 0 13 0 0 0 51 119 0 0 1 0 0 0 663211 0 0 0
353 671685 L 0 0 0 0 91 0 51 115 0 671201 0 0 190 0 11 0 0 26 0 0 0
354 673727 P 33 0 0 0 0 0 0 0 0 106 0 0 672993 306 26 75 188 0 0 0 0
355 673593 R 0 0 0 0 0 92 0 169 95 3 0 1 0 0 673111 50 23 0 0 0 49
356 680300 G 29 0 0 67 0 679534 0 0 0 0 2 0 0 0 129 0 0 181 358 0 0
357 671234 K 0 0 0 182 0 0 0 0 670726 0 26 111 0 5 131 0 6 0 0 0 47
358 671905 L 0 0 0 0 51 0 25 100 0 671569 0 0 132 0 6 0 0 22 0 0 0
359 676415 S 7 39 1 0 83 0 0 0 0 0 0 2 167 0 0 675944 53 0 1 118 0
360 682329 T 109 0 0 0 0 0 0 56 0 0 0 91 5 0 0 81 681987 0 0 0 0
361 677416 R 0 0 0 0 0 72 0 161 121 0 0 0 0 0 676935 47 24 0 0 0 56
362 682942 G 29 0 0 86 0 682445 0 0 0 0 0 0 0 0 109 0 0 133 0 0 140
363 684908 V 118 0 47 0 54 10 0 86 0 14 0 0 0 0 0 0 0 684579 0 0 0
364 691177 Q 0 0 0 34 0 0 67 0 115 51 0 0 11 690702 120 0 0 0 0 0 77
365 693138 I 0 0 0 0 54 0 0 692827 0 20 3 54 0 0 0 4 90 86 0 0 0
366 699690 A 699205 0 140 0 0 11 0 0 0 0 0 1 15 0 0 126 129 63 0 0 0
367 698372 S 6 17 0 0 67 0 0 0 0 0 0 0 123 0 0 697906 83 0 0 169 1
368 698114 N 0 0 101 0 0 0 8 25 57 0 0 697793 0 0 0 82 9 0 0 39 0
369 702043 E 5 0 49 701529 0 150 0 0 140 0 0 0 0 26 0 1 0 45 0 0 98
370 701846 N 0 0 125 0 0 1 17 74 36 0 0 701476 0 0 0 87 7 0 0 23 0
371 708247 M 0 0 0 0 0 0 0 284 59 78 707581 0 0 0 6 0 105 134 0 0 0
372 714984 E 5 0 117 714419 0 194 0 0 106 0 0 0 0 29 0 0 0 45 0 0 69
373 718319 T 145 0 0 1 0 0 0 68 0 0 0 83 4 0 2 113 717903 0 0 0 0
374 723377 M 0 0 0 0 0 0 0 352 78 102 722599 0 0 0 12 0 121 113 0 0 0
375 725324 E 12 0 58 724810 0 144 0 0 117 0 0 0 0 21 0 0 0 55 0 0 107
376 727664 S 8 0 0 1 0 0 0 0 0 63 0 0 127 0 1 727261 42 0 0 0 161
377 723884 S 0 53 0 0 0 108 0 84 0 0 0 165 0 0 96 723357 21 0 0 0 0
378 721317 T 141 0 0 0 0 0 0 101 74 0 0 0 4 0 36 73 720887 1 0 0 0
379 724304 L 0 0 0 0 69 0 45 90 0 723933 1 0 147 0 9 0 0 10 0 0 0
380 721041 E 9 0 70 720531 0 128 0 0 124 0 0 0 0 28 0 0 0 66 0 0 85
381 723311 L 0 0 0 0 0 0 0 0 0 723043 85 0 141 15 9 0 0 18 0 0 0
382 723784 R 0 0 0 0 0 168 0 38 111 0 0 0 0 0 723367 41 17 0 0 0 42
383 724080 S 0 33 0 0 0 120 0 104 0 0 0 144 0 0 192 723462 25 0 0 0 0
384 722053 R 0 0 0 0 0 220 0 0 61 0 195 0 0 0 721414 74 15 0 74 0 0
385 721344 Y 0 145 15 0 52 0 147 0 0 0 0 77 0 0 0 8 0 0 0 720810 90
386 721137 W 0 128 0 0 0 7 0 0 0 300 0 0 0 0 147 19 0 0 720298 0 238
387 718619 A 718049 0 121 0 0 37 0 0 0 0 0 0 23 0 0 142 137 110 0 0 0
388 713103 I 0 0 0 0 0 0 0 712629 32 101 144 0 0 0 8 0 86 103 0 0 0
389 714754 R 0 0 0 0 0 136 0 0 95 0 170 0 0 0 714165 149 11 0 28 0 0
390 711778 T 145 0 0 0 0 0 0 59 0 0 0 53 10 0 1 95 711415 0 0 0 0
391 719382 R 0 0 0 0 0 166 0 102 80 0 0 0 0 0 718862 70 20 0 0 0 82
392 719366 S 0 27 0 0 0 131 0 58 0 0 0 103 0 0 70 718966 11 0 0 0 0
393 724063 G 13 0 0 88 0 723470 0 0 1 0 0 0 0 0 139 0 0 200 0 0 152
394 726155 G 27 0 0 87 0 725670 0 0 0 0 0 0 0 0 128 0 0 104 0 0 139
395 723847 N 0 0 156 1 0 0 11 37 128 0 0 723305 0 0 0 109 76 0 0 24 0
396 723129 T 113 0 0 0 0 0 0 97 0 0 0 54 22 0 0 97 722746 0 0 0 0
397 726085 N 0 0 104 0 0 0 11 27 88 0 0 725708 0 0 1 83 14 0 0 49 0
398 717763 Q 1 0 0 27 0 0 44 0 148 49 0 0 8 717304 114 0 0 1 0 0 67
399 714826 Q 0 0 0 32 0 0 144 0 74 50 1 0 10 714298 140 0 1 0 0 0 76
400 712872 R 0 0 0 0 0 134 0 0 104 0 298 1 0 0 712111 142 26 0 56 0 0
401 715731 A 715106 0 1 145 0 46 0 0 0 0 0 0 28 0 0 106 116 183 0 0 0
402 713410 S 15 29 0 0 53 1 0 0 0 0 0 0 110 0 0 713015 52 0 0 135 0
403 714736 A 713862 1 0 139 0 72 0 0 0 1 0 0 25 0 0 145 151 340 0 0 0
404 718625 G 97 119 252 0 0 717808 0 1 0 1 0 0 0 0 36 157 0 153 0 1 0
405 725276 Q 0 0 0 17 0 1 60 0 134 29 0 0 19 724809 91 0 1 0 0 0 115
406 716105 I 0 0 0 0 41 0 0 715788 0 12 29 49 0 0 0 4 114 68 0 0 0
407 720334 S 0 35 0 0 0 159 0 100 0 0 0 100 0 0 176 719733 31 0 0 0 0
408 721585 I 0 0 0 0 0 1 0 721081 44 82 117 0 0 0 3 0 132 125 0 0 0
409 720185 Q 0 0 0 24 0 0 74 1 73 17 0 0 14 719828 72 0 0 0 0 0 82
410 722089 P 25 0 0 0 0 0 144 0 0 36 0 0 721726 0 26 62 70 0 0 0 0
411 724534 T 104 0 0 0 0 0 0 0 71 0 141 0 5 0 24 37 724152 0 0 0 0
412 728830 F 0 0 0 0 728393 0 0 55 0 256 0 0 0 0 0 79 0 11 0 36 0
413 732627 S 5 0 0 0 0 0 0 0 0 109 0 0 142 0 0 732138 51 0 0 0 182
414 736961 V 134 0 0 75 0 8 0 184 0 102 0 0 0 0 0 0 0 736458 0 0 0
415 736844 Q 0 0 0 32 0 0 208 0 101 82 0 0 11 736190 127 0 0 0 0 0 93
416 733460 R 0 0 0 0 0 110 0 93 97 0 0 0 0 0 733020 43 31 0 0 0 66
417 739966 N 0 0 107 0 0 0 59 51 51 0 0 739515 0 0 0 106 19 0 0 58 0
418 744402 L 0 0 0 0 53 0 56 123 0 743945 0 0 207 0 3 1 0 14 0 0 0
419 743149 P 25 0 0 0 0 0 394 0 0 79 0 0 742368 0 25 77 181 0 0 0 0
420 744824 F 0 11 0 0 744415 0 0 39 0 172 0 0 0 0 0 124 0 11 0 52 0
421 744664 D 16 0 743933 123 0 152 40 0 0 0 0 181 0 0 0 0 0 94 0 125 0
422 741752 R 0 0 0 0 0 183 0 150 127 0 0 1 0 0 741147 46 30 0 0 0 68
423 733205 T 125 0 0 0 0 0 0 115 83 0 0 0 21 0 26 77 732758 0 0 0 0
424 730043 T 111 0 0 0 0 0 0 61 0 0 0 65 6 0 0 76 729724 0 0 0 0
425 723312 I 0 0 0 0 49 0 0 722975 0 3 5 90 0 0 0 7 94 89 0 0 0
426 713894 M 0 0 0 0 0 0 0 351 71 84 713176 0 0 0 9 0 100 103 0 0 0
427 704896 A 704259 0 0 147 0 60 0 0 0 1 0 0 24 0 0 98 106 201 0 0 0
428 688480 A 687995 0 0 115 0 27 0 0 0 0 0 0 24 0 0 93 132 94 0 0 0
429 672732 F 0 6 0 0 672276 0 0 30 0 215 0 0 0 0 0 116 0 18 0 71 0
430 658087 N 0 0 125 0 0 0 12 43 69 0 0 657699 0 0 0 85 7 1 0 46 0
431 641116 G 23 0 0 128 0 640252 0 0 2 0 0 0 0 0 181 0 0 172 358 0 0
432 625947 N 0 0 135 0 0 0 11 34 43 0 0 625582 0 0 0 94 5 0 0 43 0
433 615202 T 161 0 0 0 0 0 0 102 75 0 0 0 8 0 32 55 614769 0 0 0 0
434 599012 E 9 0 362 598227 0 121 0 0 121 0 0 0 0 20 0 0 0 28 0 0 124
435 584416 G 16 0 2 106 0 583621 0 0 0 0 0 0 0 0 126 0 0 145 400 0 0
436 565631 R 0 0 0 0 0 154 0 90 92 0 0 0 0 0 565158 42 33 0 0 0 62
437 547729 T 98 0 0 0 0 0 0 73 50 0 0 1 6 0 23 45 547433 0 0 0 0
438 530317 S 8 13 0 0 37 0 0 0 0 0 0 0 91 0 0 530067 34 0 0 67 0
439 516282 D 8 0 515791 91 0 92 29 0 0 0 0 137 0 0 0 0 0 56 0 78 0
440 499189 M 1 0 0 0 0 0 0 233 39 54 498703 0 0 0 7 0 65 87 0 0 0
441 481558 R 0 0 0 0 0 121 0 0 76 0 118 0 0 0 481092 104 16 0 31 0 0
442 463156 T 89 0 1 0 0 0 0 72 0 0 0 29 6 0 0 46 462913 0 0 0 0
443 448871 E 3 0 22 448490 0 92 0 0 132 0 0 0 0 18 0 0 0 39 0 0 75
444 433324 I 0 0 0 0 12 0 0 433125 0 7 17 29 0 0 0 2 75 57 0 0 0
445 414360 I 0 0 0 0 0 0 0 414057 27 47 91 0 0 0 0 0 75 63 0 0 0
446 394060 R 0 0 0 0 0 59 0 0 48 1 126 0 0 0 393735 50 16 0 25 0 0
447 373564 M 0 0 0 0 0 0 0 179 25 43 373195 0 0 0 6 0 55 61 0 0 0
448 356576 M 0 0 0 0 0 0 0 143 30 50 356214 0 0 0 2 0 46 91 0 0 0
449 334272 E 1 0 23 334008 0 71 0 0 60 0 0 0 0 15 0 0 0 31 0 0 63
450 315446 S 0 7 0 0 0 80 0 30 0 0 0 61 0 0 45 315219 4 0 0 0 0
451 294191 A 293851 0 0 51 0 22 0 0 0 1 0 0 9 1 0 66 90 100 0 0 0
452 275783 R 1 0 0 0 0 45 0 49 101 0 0 0 0 1 275525 45 9 0 0 0 7
453 249281 P 11 0 0 0 0 0 0 0 0 28 0 0 249131 45 8 28 30 0 0 0 0
454 229425 E 3 0 11 229271 0 37 0 0 41 0 0 0 0 6 0 0 0 6 0 0 50
455 202287 D 3 0 202177 12 0 25 9 0 0 0 0 15 0 0 0 0 0 16 0 30 0
456 180347 V 32 0 0 26 0 1 0 0 0 35 23 0 0 0 0 1 0 180229 0 0 0
457 170905 S 1 9 0 0 17 0 0 0 0 0 0 0 30 0 0 170806 22 0 0 20 0
458 246249 F 0 4 0 0 245948 0 0 14 0 181 0 0 0 0 0 80 0 0 0 22 0
459 254991 Q 0 0 0 24 0 1 130 0 140 39 0 0 12 254406 197 0 0 0 0 0 42
460 254016 G 18 0 0 85 0 253799 0 0 0 0 0 0 0 0 15 0 0 88 11 0 0
461 253843 R 0 0 0 0 0 56 0 0 0 244 0 0 24 177 253237 0 0 0 105 0 0
462 247513 G 20 0 0 69 0 247095 0 0 0 0 0 0 0 0 118 0 1 38 0 0 172
463 250505 V 82 0 6 0 23 3 0 38 0 16 0 0 0 0 0 0 0 250337 0 0 0
464 302296 F 0 4 0 0 302013 0 0 19 0 179 0 0 0 0 0 45 0 10 0 26 0
465 314981 E 2 0 61 314721 0 43 0 0 54 0 0 0 0 16 1 0 0 9 0 0 74
466 344922 L 0 0 0 0 26 0 12 57 0 344753 0 0 57 0 3 0 0 14 0 0 0
467 375892 S 6 0 0 0 0 0 0 0 0 211 1 0 66 0 0 375508 23 0 14 0 63
468 394441 D 1 0 394083 66 4 113 16 0 1 0 0 58 0 0 0 0 0 24 0 75 0
469 429646 E 0 0 18 429353 0 68 0 0 86 0 0 0 0 15 0 0 0 23 0 0 83
470 449072 K 0 0 0 47 0 0 0 0 448639 0 13 107 0 3 242 0 8 0 0 0 13
471 471098 A 470784 0 0 90 0 24 0 0 0 0 0 0 7 0 0 69 42 82 0 0 0
472 489242 A 488702 0 0 118 0 25 0 0 0 0 0 0 18 0 0 90 121 168 0 0 0
473 494236 S 0 14 0 0 0 65 0 114 0 0 0 60 0 0 142 493799 40 2 0 0 0
474 496157 P 16 0 0 0 0 0 0 0 1 98 0 0 495698 193 20 40 91 0 0 0 0
475 494674 I 0 0 0 0 31 0 0 494455 0 7 14 39 0 0 0 2 53 73 0 0 0
476 492894 V 91 0 0 42 0 8 0 0 0 100 127 0 0 0 0 0 0 492526 0 0 0
477 490621 P 28 0 0 0 0 0 105 0 0 61 0 0 490282 0 9 48 88 0 0 0 0
478 488249 S 5 20 0 0 49 0 0 0 0 0 0 0 56 0 0 488012 24 0 0 83 0
479 486379 F 0 1 0 0 486121 0 0 24 0 146 0 0 0 0 0 51 0 13 0 23 0
480 482100 D 10 0 481658 58 0 103 27 0 0 0 0 102 0 0 0 0 0 69 0 72 1
481 483344 M 0 0 0 0 0 0 0 238 33 32 482881 0 0 0 6 0 67 87 0 0 0
482 473176 S 0 39 0 0 0 69 0 50 0 0 0 61 0 0 66 472874 17 0 0 0 0
483 480240 N 0 0 72 0 0 0 2 25 49 0 0 480032 0 0 0 41 3 0 0 16 0
484 479121 E 6 0 50 478747 0 67 0 0 89 0 0 0 0 25 0 0 0 49 0 0 88
485 477265 G 21 0 0 24 0 476914 0 0 1 0 0 0 0 0 103 0 0 78 0 0 124
486 477153 S 5 16 0 0 34 0 0 0 0 0 0 0 66 0 0 476946 41 0 0 45 0
487 476330 Y 0 47 1 0 15 0 80 0 0 0 0 6 0 0 0 2 0 0 0 476141 38
488 473115 F 0 1 0 0 472851 0 0 26 0 156 0 0 0 0 0 51 0 2 0 28 0
489 475043 F 0 2 0 0 474729 0 0 17 0 214 0 0 0 0 0 46 0 6 0 29 0
490 473758 G 23 0 0 36 0 473384 0 0 0 0 0 0 0 0 133 0 0 85 0 0 97
491 474585 D 4 0 474184 88 0 108 17 0 0 0 0 49 0 0 0 0 0 59 0 76 0
492 472789 N 0 0 90 0 0 0 7 33 43 0 0 472530 0 0 0 62 4 0 0 20 0
493 471850 A 471211 0 0 99 0 26 0 0 0 0 0 0 28 0 0 73 327 86 0 0 0
494 468994 E 2 0 149 468579 0 80 0 0 61 0 0 0 0 20 0 0 0 19 0 0 84
495 460698 E 5 0 64 460352 0 79 0 0 73 0 0 0 0 17 0 0 0 31 0 0 77
496 434638 Y 0 115 6 0 37 0 64 0 0 0 0 38 0 0 0 4 0 0 0 434292 82
497 448484 D 5 0 447965 105 0 134 22 0 0 0 0 125 0 0 0 0 0 53 0 75 0
498 437357 N 0 0 55 0 0 0 10 28 42 0 0 437142 0 0 0 50 3 0 0 27 0
