#SITE	SITE_LOG_LIKELIHOOD
1	-0.609811
2	-3.81897
3	-13.7848
4	-16.0999
5	-5.17374
6	-3.72213
7	-1.8091
8	-7.2301
9	-19.6941
10	-11.8585
11	-14.5391
12	-25.865
13	-0.0726112
14	-12.8282
15	-9.45949
16	-19.6511
17	-10.4775
18	-18.4864
19	-4.27082
20	-6.18451
21	-19.6807
22	-22.445
23	-15.6045
24	-9.90394
25	-13.3273
26	-13.1949
27	-15.1626
28	-6.95941
29	-27.7344
30	-9.89926
31	-19.5458
32	-0.317987
33	-16.0427
34	-30.0503
35	-7.02539
36	-7.49412
37	-20.5479
38	-31.8569
39	-7.08475
40	-6.04501
41	-17.8236
42	-7.38253
43	-1.54978
44	-4.39635
45	-8.97901
46	-2.06638
47	-9.16391
48	-19.4863
49	-11.4836
50	-21.8361
51	-30.7202
52	-20.8608
53	-15.807
54	-14.0235
55	-14.7178
56	-21.5387
57	-14.831
58	-13.7336
59	-9.36851
60	-10.6869
61	-12.2487
62	-4.65078
63	-2.64112
64	-10.4337
65	-8.70518
66	-0.437073
67	-16.1631
68	-7.54244
69	-8.0607
70	-25.2012
71	-8.5799
72	-30.6282
73	-22.271
74	-18.6448
75	-10.3775
76	-7.5113
77	-15.1107
78	-7.87794
79	-18.4523
80	-5.86012
81	-23.2226
82	-15.8003
83	-14.7986
84	-19.3302
85	-16.0151
86	-15.2602
87	-15.9422
88	-30.9613
89	-13.454
90	-6.34937
91	-3.7873
92	-20.9407
93	-2.99957
94	-18.508
95	-7.40298
96	-21.1185
97	-14.1779
98	-17.9889
99	-28.7388
100	-30.9567
101	-21.086
102	-10.7394
103	-23.3808
104	-0.405962
105	-12.4797
106	-24.2988
107	-16.2278
108	-12.9782
109	-43.2285
110	-10.2342
111	-5.67166
112	-3.94779
113	-1.84106
114	-16.068
115	-6.61279
116	-26.5129
117	-4.68768
118	-14.2341
119	-24.5381
120	-0.23991
121	-19.3707
122	-5.04143
123	-26.4277
124	-12.4549
125	-3.52721
126	-12.0758
127	-32.8715
128	-20.1385
129	-25.2263
130	-7.44784
131	-14.2407
132	-20.4887
133	-19.2389
134	-14.5967
135	-21.9555
136	-45.1204
137	-0.223409
138	-10.5889
139	-0.315126
140	-10.9062
141	-9.35576
142	-11.8799
143	-34.0427
144	-8.45418
145	-8.11831
146	-13.6504
147	-29.3473
148	-5.73026
149	-7.31943
150	-16.4398
151	-3.11086
152	-6.88737
153	-18.4409
154	-23.816
155	-8.37639
156	-11.6446
157	-18.0055
158	-17.1192
159	-1.32888
160	-15.88
161	-6.91875
162	-6.80029
163	-4.22085
164	-11.1701
165	-21.3068
166	-15.5603
167	-0.924324
168	-12.1636
169	-16.5724
170	-8.28276
171	-14.3248
172	-20.1275
173	-15.3652
174	-14.0454
175	-11.571
176	-10.6716
177	-24.6855
178	-22.0948
179	-8.2358
180	-2.98555
181	-12.3366
182	-15.2772
183	-19.4487
184	-12.6604
185	-8.7295
186	-12.8797
187	-11.7443
188	-6.25504
189	-28.2538
190	-22.0825
191	-1.16944
192	-11.8389
193	-39.9347
194	-17.7212
195	-12.699
196	-0.702246
197	-6.5708
198	-15.3175
199	-8.81807
200	-41.3839
201	-11.0422
202	-2.80064
203	-8.9819
204	-21.7459
205	-14.9872
206	-2.78992
207	-0.49191
208	-13.0046
209	-8.1
210	-11.6805
211	-12.8646
212	-13.3099
213	-34.3867
214	-25.6868
215	-3.97971
216	-18.0481
217	-21.369
218	-18.2119
219	-6.01098
220	-10.2436
221	-7.50346
222	-4.28034
223	-4.32135
224	-10.1879
225	-15.6493
226	-17.9491
227	-1.96893
228	-23.9955
229	-16.0379
230	-15.5232
231	-15.4079
232	-4.95267
233	-15.6428
234	-29.532
235	-4.02904
236	-15.0472
237	-14.405
238	-1.66097
239	-3.21651
240	-12.7207
241	-6.38762
242	-13.4114
243	-24.3586
244	-5.90858
245	-16.4461
246	-25.039
247	-23.8158
248	-20.4694
249	-11.314
250	-15.2381
251	-3.77023
252	-13.3813
253	-10.8734
254	-2.47723
255	-10.626
256	-34.3701
257	-12.5384
258	-6.2512
259	-23.4996
260	-4.0458
261	-17.3948
262	-14.1595
263	-7.04597
264	-34.1534
265	-40.6274
266	-18.996
267	-24.5382
268	-20.4733
269	-13.7996
270	-12.8887
271	-21.43
272	-19.0229
273	-14.9573
274	-30.1442
275	-11.6984
276	-21.4287
277	-19.172
278	-18.0365
279	-6.85191
280	-20.1429
281	-11.3221
282	-11.3909
283	-13.458
284	-18.6388
285	-19.3011
286	-35.7088
287	-14.0585
288	-20.7407
289	-11.0554
290	-7.32448
291	-2.36156
292	-20.7268
293	-28.9246
294	-23.4823
295	-11.7499
296	-11.6671
297	-14.6948
298	-20.2839
299	-12.3529
300	-9.08067
301	-17.1081
302	-10.7148
303	-19.1149
304	-12.9515
305	-22.0208
306	-26.8933
307	-19.9779
308	-11.8273
309	-11.2688
310	-27.0183
311	-17.0189
312	-32.1019
313	-16.2474
314	-7.65418
315	-13.4377
316	-15.5091
317	-8.88055
318	-4.93232
319	-13.4942
320	-8.60971
321	-8.22074
322	-8.50573
323	-36.0952
324	-10.6799
325	-7.78766
326	-18.2325
327	-8.68316
328	-26.5656
329	-20.5616
330	-0.137643
331	-7.04553
332	-21.6433
333	-14.2582
334	-12.0954
335	-3.53293
336	-23.9397
337	-12.0448
338	-6.86929
339	-9.50624
340	-11.6904
341	-11.7956
342	-22.5789
343	-28.5029
344	-21.859
345	-19.3401
346	-9.00214
347	-5.67832
348	-3.02555
349	-15.6415
350	-13.977
351	-16.8762
352	-18.1567
353	-30.5534
354	-13.4513
355	-15.2682
356	-10.0439
357	-37.7457
358	-18.428
359	-10.0478
360	-20.2288
361	-2.9897
362	-20.6626
363	-24.5509
364	-5.81005
365	-3.14101
366	-10.5643
367	-12.9422
368	-3.63339
369	-8.46676
370	-6.76574
371	-26.8295
372	-15.9544
373	-36.5185
374	-8.00155
375	-13.7278
376	-13.901
377	-18.5479
378	-26.4115
379	-21.429
380	-5.86003
381	-38.0344
382	-21.3842
383	-7.70828
384	-26.1853
385	-7.2827
386	-0.140629
387	-5.06006
388	-7.02268
389	-10.351
390	-10.0344
391	-16.1564
392	-15.7326
393	-9.3062
394	-8.55646
395	-5.4564
396	-18.2146
397	-39.3082
398	-23.6351
399	-24.4022
400	-35.3329
401	-12.2996
402	-21.7075
403	-25.7187
404	-10.2717
405	-13.5868
406	-4.70021
407	-9.04007
408	-15.5078
409	-12.0059
410	-10.46
411	-12.4802
412	-6.88768
413	-9.87257
414	-16.0193
415	-28.146
416	-22.2956
417	-12.4941
418	-17.6237
419	-15.5316
420	-8.75252
421	-25.0165
422	-13.8542
423	-28.8892
424	-20.7459
425	-19.325
426	-14.643
427	-16.3873
428	-24.811
429	-10.4875
430	-47.1989
431	-19.7913
432	-13.2506
433	-31.9746
434	-11.8681
435	-11.3277
436	-38.6625
437	-6.88525
438	-13.515
439	-13.0968
440	-2.86575
441	-22.7285
442	-26.8099
443	-17.9596
444	-23.3847
445	-1.79885
446	-19.0175
447	-8.98939
448	-1.5003
449	-2.39148
450	-27.4638
451	-14.4058
452	-44.2615
453	-12.1718
454	-16.5009
455	-20.0709
456	-22.2975
457	-27.353
458	-2.92446
459	-12.1639
460	-8.25294
461	-4.65513
462	-3.27206
463	-5.69535
464	-2.69623
465	-2.67126
466	-19.4192
467	-13.2824
468	-2.70445
469	-11.9819
470	-17.0426
471	-2.95652
472	-6.82984
473	-18.5063
474	-12.3396
475	-3.68355
476	-5.80714
477	-8.22334
478	-4.72261
479	-5.28442
480	-7.22934
481	-0.77921
482	-10.7907
483	-9.71819
484	-17.8933
485	-15.6254
486	-3.40227
487	-1.81935
488	-2.65675
489	-6.14921
490	-2.9749
491	-2.81786
492	-9.52486
493	-3.7168
494	-3.34446
495	-6.01201
496	-2.99941
497	-28.1358
498	-18.2176
