#SITE	SITE_LOG_LIKELIHOODS
1	-4.046800040570088
2	-4.746462289786352
3	-5.021413000459116
4	-4.405829212451859
5	-4.683512930367873
6	-4.70389914904804
7	-3.975711641375394
8	-4.687064082675816
9	-15.00024105756055
10	-4.655098164148237
11	-8.574495360039588
12	-4.802692146770162
13	-4.046800040570088
14	-4.038661912338996
15	-12.36820888155573
16	-11.34748876661383
17	-9.324839275454279
18	-4.038661912338996
19	-9.609170195021463
20	-4.802692146770162
21	-4.232651239258129
22	-4.346721745261973
23	-4.557500734706823
24	-4.038661912338996
25	-11.52270843175401
26	-4.161334449548098
27	-4.346721745261973
28	-5.021413000459116
29	-9.219160061392213
30	-4.256815099353872
31	-4.581433090041734
32	-4.046800040570088
33	-4.638574358185019
34	-4.256815099353872
35	-4.256815099353872
36	-10.63077487257858
37	-4.683512930367873
38	-13.81177137740565
39	-12.08082500071904
40	-4.655098164148237
41	-4.501470067358717
42	-9.350783261970243
43	-4.046800040570088
44	-4.872884588785971
45	-4.557500734706823
46	-10.01029143818818
47	-9.943678203946773
48	-3.975711641375394
49	-16.72109421024417
50	-15.95125196431884
51	-8.184157034493523
52	-11.81928817569279
53	-4.038661912338996
54	-4.669046708122223
55	-10.64413867062843
56	-10.10052941960151
57	-4.408634440419006
58	-4.802692146770162
59	-4.394254091264874
60	-9.041590310979396
61	-3.796413985830285
62	-4.276947341791801
63	-3.796413985830285
64	-8.245849353214123
65	-4.581433090041734
66	-4.046800040570088
67	-9.327083418534636
68	-4.930916671748397
69	-5.091552964733932
70	-4.346721745261973
71	-13.48348599028535
72	-4.456337267091598
73	-4.038661912338996
74	-4.161334449548098
75	-8.639264362839533
76	-4.394254091264874
77	-4.430229374480619
78	-11.03304646725135
79	-16.38775391112128
80	-4.481077601819545
81	-7.549901965511404
82	-4.718682683180391
83	-5.215408736224371
84	-4.409414757612561
85	-4.629023768774306
86	-13.77635633518177
87	-3.975711641375394
88	-4.456337267091598
89	-10.37363272715875
90	-4.430229374480619
91	-10.95636971500947
92	-18.13515181666311
93	-4.256815099353872
94	-4.683512930367873
95	-5.150183975976018
96	-3.796413985830285
97	-4.79754892421168
98	-4.161334449548098
99	-14.4403273717804
100	-21.20660710332951
101	-4.298795662322318
102	-4.669046708122223
103	-3.975711641375394
104	-4.649679453747669
105	-14.67882665699278
106	-8.697905862988211
107	-4.038661912338996
108	-5.066613753495683
109	-7.995431804302271
110	-5.066613753495683
111	-22.22459756251539
112	-4.298795662322318
113	-3.975711641375394
114	-8.323769190632886
115	-4.038661912338996
116	-4.561442365995017
117	-4.046800040570088
118	-13.13076326966071
119	-15.03789768144272
120	-4.649679453747669
121	-4.968265676083752
122	-8.34081765172904
123	-4.772579471166719
124	-4.394254091264874
125	-4.232651239258129
126	-4.536491121483573
127	-4.038661912338996
128	-17.7969368392213
129	-4.629023768774306
130	-4.557500734706823
131	-4.629023768774306
132	-4.536491121483573
133	-4.930916671748397
134	-13.33188233432222
135	-4.718682683180391
136	-20.1477642564061
137	-4.046800040570088
138	-8.148464438904327
139	-4.649679453747669
140	-4.859318935961066
141	-5.155030143762763
142	-4.232651239258129
143	-5.066613753495683
144	-4.232651239258129
145	-4.456337267091598
146	-17.24581335115852
147	-12.08943135710107
148	-4.79754892421168
149	-4.405829212451859
150	-4.161334449548098
151	-4.276947341791801
152	-4.581433090041734
153	-4.629023768774306
154	-4.930916671748397
155	-4.501470067358717
156	-10.64413867062843
157	-18.20590546467504
158	-4.669046708122223
159	-4.046800040570088
160	-4.298795662322318
161	-9.738368139980466
162	-4.161334449548098
163	-4.046800040570088
164	-5.0090887910791
165	-5.021413000459116
166	-10.40101137869851
167	-4.046800040570088
168	-8.642016391453391
169	-20.64394595633246
170	-4.721879944337369
171	-9.810244709553183
172	-5.066613753495683
173	-4.787205592904285
174	-5.071474390932911
175	-4.161334449548098
176	-5.021413000459116
177	-4.256815099353872
178	-17.48326365860693
179	-9.653233907684038
180	-4.536491121483573
181	-4.629023768774306
182	-4.346721745261973
183	-15.35205519544263
184	-8.363384341699955
185	-4.536491121483573
186	-4.501470067358717
187	-4.256815099353872
188	-4.276947341791801
189	-13.03539984690584
190	-18.66080262332316
191	-4.046800040570088
192	-7.558368419962338
193	-10.398985875831
194	-4.561442365995017
195	-13.04284084529497
196	-4.046800040570088
197	-4.561442365995017
198	-3.975711641375394
199	-9.352376395345866
200	-15.99808856227516
201	-3.796413985830285
202	-4.232651239258129
203	-4.298795662322318
204	-10.64322504559779
205	-8.646126193660351
206	-4.974129063577021
207	-4.649679453747669
208	-4.161334449548098
209	-4.536491121483573
210	-4.038661912338996
211	-4.232651239258129
212	-4.536491121483573
213	-4.687064082675816
214	-19.19589776650211
215	-4.70389914904804
216	-4.161334449548098
217	-4.408634440419006
218	-4.629023768774306
219	-4.655098164148237
220	-4.038661912338996
221	-10.07020747347078
222	-4.046800040570088
223	-5.0090887910791
224	-9.117901181908673
225	-4.561442365995017
226	-5.066613753495683
227	-12.52258081935424
228	-4.669046708122223
229	-3.975711641375394
230	-9.874992107268667
231	-9.480419557785511
232	-4.276947341791801
233	-4.346721745261973
234	-4.346721745261973
235	-4.405829212451859
236	-9.899049559455445
237	-11.50605546560337
238	-4.046800040570088
239	-4.046800040570088
240	-9.088394994011459
241	-13.37932920460208
242	-4.638574358185019
243	-9.555159517932429
244	-8.693373781276641
245	-13.2818874024091
246	-13.61822495830125
247	-7.565238023035066
248	-11.8320857140192
249	-4.256815099353872
250	-8.796607900595143
251	-4.629023768774306
252	-9.324482816444029
253	-15.03842162071075
254	-4.481077601819545
255	-4.298795662322318
256	-5.066613753495683
257	-11.33636247844143
258	-9.783514528265329
259	-10.4039684064609
260	-20.64125766417323
261	-4.687064082675816
262	-4.721879944337369
263	-4.346721745261973
264	-10.31813533299072
265	-13.55023450978556
266	-17.31065350165857
267	-4.161334449548098
268	-4.256815099353872
269	-4.721879944337369
270	-4.222211109862681
271	-4.772579471166719
272	-4.718682683180391
273	-3.975711641375394
274	-8.873643294323632
275	-5.0090887910791
276	-4.876274944468363
277	-5.083076358164336
278	-4.772579471166719
279	-4.872884588785971
280	-8.137535501192827
281	-4.655098164148237
282	-4.683512930367873
283	-4.930916671748397
284	-4.346721745261973
285	-4.222211109862681
286	-11.86447799490553
287	-4.409414757612561
288	-8.266557945253677
289	-4.655098164148237
290	-9.841704246294958
291	-10.44535914900263
292	-4.481077601819545
293	-14.57517496701331
294	-8.979746536516325
295	-4.256815099353872
296	-4.79754892421168
297	-5.021413000459116
298	-12.98731798096753
299	-4.501470067358717
300	-12.19561801084694
301	-19.97818207690199
302	-4.298795662322318
303	-5.083076358164336
304	-4.974129063577021
305	-3.975711641375394
306	-9.222871196547642
307	-5.066613753495683
308	-8.759989005257328
309	-4.394254091264874
310	-9.052701802940975
311	-4.405829212451859
312	-14.35297976336867
313	-4.974129063577021
314	-4.409414757612561
315	-9.898018191122658
316	-4.561442365995017
317	-4.161334449548098
318	-10.11698396393463
319	-12.58029019168927
320	-4.038661912338996
321	-11.55828177654917
322	-4.787205592904285
323	-8.33025136582523
324	-4.859318935961066
325	-4.430229374480619
326	-4.561047321513815
327	-4.802692146770162
328	-10.8135571866683
329	-8.319295180342005
330	-4.649679453747669
331	-4.046800040570088
332	-4.346721745261973
333	-9.009602678578787
334	-4.718682683180391
335	-10.1018918345391
336	-4.346721745261973
337	-4.346721745261973
338	-4.836402924239921
339	-12.7979442906483
340	-12.84287862330903
341	-14.41196988532592
342	-9.766847217189618
343	-4.501470067358717
344	-26.98045283326486
345	-4.232651239258129
346	-4.974129063577021
347	-8.76148027745864
348	-4.161334449548098
349	-4.256815099353872
350	-4.70389914904804
351	-3.975711641375394
352	-12.77509098594354
353	-22.32184770981123
354	-4.787205592904285
355	-4.161334449548098
356	-7.824971323558009
357	-14.44371373683401
358	-19.13073709480799
359	-21.98427037779313
360	-4.70389914904804
361	-4.161334449548098
362	-4.256815099353872
363	-12.60060072260104
364	-9.191919815366511
365	-11.78922753414007
366	-4.629023768774306
367	-4.721879944337369
368	-4.232651239258129
369	-4.038661912338996
370	-4.394254091264874
371	-4.046800040570088
372	-4.481077601819545
373	-4.276947341791801
374	-3.796413985830285
375	-4.298795662322318
376	-9.456471710985895
377	-19.02379177260534
378	-4.276947341791801
379	-18.61941725094506
380	-4.038661912338996
381	-5.181525158289721
382	-12.11818908643093
383	-4.561047321513815
384	-12.28367684280103
385	-4.655098164148237
386	-4.649679453747669
387	-4.346721745261973
388	-3.796413985830285
389	-4.581433090041734
390	-4.70389914904804
391	-20.9601377274909
392	-9.694532342730188
393	-15.20497679934159
394	-8.850111459256624
395	-4.394254091264874
396	-4.70389914904804
397	-10.35674623478083
398	-4.405829212451859
399	-4.802692146770162
400	-14.37070603837178
401	-4.346721745261973
402	-5.021413000459116
403	-4.346721745261973
404	-9.058282339599831
405	-4.802692146770162
406	-3.796413985830285
407	-4.409414757612561
408	-4.638574358185019
409	-4.405829212451859
410	-10.37363272715875
411	-4.557500734706823
412	-4.974129063577021
413	-9.910409993180954
414	-8.934218031941256
415	-4.802692146770162
416	-8.696222318617417
417	-4.232651239258129
418	-15.20169540313731
419	-5.215408736224371
420	-4.836402924239921
421	-9.202462517309646
422	-4.161334449548098
423	-4.346721745261973
424	-4.70389914904804
425	-4.408634440419006
426	-12.71320019093734
427	-4.629023768774306
428	-4.346721745261973
429	-11.41039593537218
430	-4.557500734706823
431	-16.45605803954301
432	-4.394254091264874
433	-10.02505767156509
434	-14.45179731852789
435	-7.965182064434207
436	-10.24706407887333
437	-19.27461666277019
438	-5.155030143762763
439	-4.456337267091598
440	-4.046800040570088
441	-4.161334449548098
442	-12.66147734956656
443	-4.038661912338996
444	-4.561442365995017
445	-3.796413985830285
446	-4.581433090041734
447	-4.046800040570088
448	-4.046800040570088
449	-4.038661912338996
450	-16.0196367765813
451	-4.772579471166719
452	-16.56711754272841
453	-12.05151767256483
454	-11.80857984357786
455	-4.298795662322318
456	-4.638574358185019
457	-5.021413000459116
458	-4.974129063577021
459	-12.21899479719734
460	-4.669046708122223
461	-5.071474390932911
462	-4.256815099353872
463	-8.597145934543693
464	-9.242283347007906
465	-4.481077601819545
466	-11.85257473124619
467	-5.091552964733932
468	-4.456337267091598
469	-4.038661912338996
470	-4.430229374480619
471	-4.346721745261973
472	-4.685599869252767
473	-4.394254091264874
474	-9.377141804863593
475	-4.561442365995017
476	-4.638574358185019
477	-5.083076358164336
478	-11.52196383149857
479	-4.836402924239921
480	-4.456337267091598
481	-4.046800040570088
482	-16.90430028749619
483	-4.232651239258129
484	-4.038661912338996
485	-12.64976692224845
486	-5.021413000459116
487	-4.655098164148237
488	-4.974129063577021
489	-4.974129063577021
490	-4.256815099353872
491	-4.456337267091598
492	-4.232651239258129
493	-4.629023768774306
494	-4.481077601819545
495	-13.76837864717617
496	-4.836402924239921
497	-4.456337267091598
498	-18.87411542637686
