#SITE	SITE_LOG_LIKELIHOOD
1	-4.63353
2	-4.42335
3	-12.9842
4	-14.8152
5	-4.38026
6	-3.96755
7	-1.90189
8	-7.30308
9	-21.98
10	-12.2974
11	-14.1994
12	-19.4555
13	-1.10296
14	-11.678
15	-10.7354
16	-25.5118
17	-12.9371
18	-17.6568
19	-4.98906
20	-5.79517
21	-15.7115
22	-21.6677
23	-13.1865
24	-13.3064
25	-13.5512
26	-13.848
27	-14.3777
28	-6.40327
29	-25.9759
30	-9.19629
31	-19.9339
32	-0.169705
33	-17.4903
34	-26.3229
35	-7.08683
36	-7.33734
37	-20.091
38	-34.319
39	-6.66563
40	-7.5143
41	-19.1538
42	-7.31663
43	-0.394683
44	-4.08254
45	-8.53768
46	-2.05733
47	-10.1853
48	-21.1462
49	-11.1972
50	-19.876
51	-24.9508
52	-22.7338
53	-17.2802
54	-15.3325
55	-16.2616
56	-21.1923
57	-13.2521
58	-13.817
59	-9.2008
60	-10.4479
61	-11.5612
62	-3.46465
63	-1.79662
64	-10.281
65	-8.70969
66	-1.39262
67	-15.081
68	-8.07787
69	-8.26914
70	-24.109
71	-8.15046
72	-30.2888
73	-16.8219
74	-18.202
75	-10.2297
76	-7.32737
77	-9.45585
78	-6.25963
79	-18.5008
80	-11.6391
81	-24.6232
82	-8.80868
83	-13.1179
84	-16.6331
85	-12.8034
86	-12.7269
87	-15.8499
88	-23.8022
89	-12.8752
90	-6.26609
91	-2.32304
92	-20.7425
93	-3.13393
94	-18.1686
95	-7.30636
96	-19.9195
97	-16.5802
98	-17.6806
99	-30.465
100	-31.4466
101	-27.1693
102	-5.94804
103	-23.047
104	-0.415971
105	-12.6162
106	-24.1426
107	-15.4019
108	-13.2825
109	-44.1518
110	-10.7063
111	-2.5408
112	-3.15789
113	-2.35334
114	-16.3439
115	-6.62538
116	-27.4759
117	-8.32359
118	-15.7304
119	-27.9937
120	-0.100701
121	-20.8564
122	-3.12092
123	-25.9071
124	-12.1986
125	-5.32049
126	-11.7501
127	-41.7531
128	-14.659
129	-27.7096
130	-7.40679
131	-14.2384
132	-20.2968
133	-18.6746
134	-19.3688
135	-22.6385
136	-45.9426
137	-1.04401
138	-10.8158
139	-0.21471
140	-14.5594
141	-10.1479
142	-12.3683
143	-33.8086
144	-9.94827
145	-8.09317
146	-10.344
147	-29.2721
148	-5.79401
149	-7.45287
150	-16.2022
151	-3.30417
152	-6.97094
153	-20.3908
154	-22.5441
155	-8.69974
156	-11.6301
157	-16.8788
158	-17.758
159	-1.49305
160	-15.5466
161	-4.71399
162	-6.67811
163	-3.09655
164	-9.81674
165	-20.7054
166	-16.0422
167	-0.117035
168	-14.5056
169	-16.4903
170	-8.40031
171	-15.2002
172	-19.9081
173	-15.559
174	-13.9678
175	-10.0554
176	-11.1463
177	-24.3252
178	-22.2879
179	-8.20445
180	-3.14633
181	-12.3372
182	-16.4028
183	-20.4753
184	-12.8578
185	-8.62722
186	-12.9559
187	-11.5965
188	-6.22839
189	-27.5607
190	-21.0141
191	-3.00425
192	-11.7909
193	-40.8042
194	-26.9184
195	-12.572
196	-0.941315
197	-6.01949
198	-15.9273
199	-9.00205
200	-40.8439
201	-13.9615
202	-2.94647
203	-9.00547
204	-21.7401
205	-13.9947
206	-3.01874
207	-0.0752654
208	-12.8499
209	-8.021
210	-11.3766
211	-6.07616
212	-13.2688
213	-36.5687
214	-33.5694
215	-7.45574
216	-17.7792
217	-20.1737
218	-15.0491
219	-5.89612
220	-9.87329
221	-7.73672
222	-1.30825
223	-3.03058
224	-13.019
225	-12.5052
226	-17.7599
227	-2.2467
228	-25.892
229	-15.966
230	-14.6461
231	-19.6921
232	-4.05733
233	-11.7854
234	-30.0704
235	-3.85284
236	-20.7154
237	-13.7506
238	-0.674028
239	-4.3899
240	-11.8835
241	-6.32281
242	-12.8461
243	-23.0775
244	-5.72765
245	-14.148
246	-24.8437
247	-26.3849
248	-21.9661
249	-11.2828
250	-17.591
251	-3.62615
252	-13.6518
253	-20.0937
254	-2.01904
255	-10.44
256	-33.9573
257	-17.8841
258	-6.29337
259	-25.2355
260	-11.9747
261	-17.3676
262	-14.0221
263	-3.35508
264	-33.2654
265	-38.8992
266	-18.2603
267	-20.9552
268	-19.41
269	-14.9234
270	-13.4714
271	-23.9281
272	-18.7886
273	-14.7464
274	-29.9927
275	-13.9836
276	-21.8456
277	-19.0271
278	-18.109
279	-8.15041
280	-20.169
281	-11.2946
282	-11.9468
283	-18.4832
284	-22.9258
285	-19.0226
286	-35.3598
287	-14.8458
288	-19.8393
289	-13.9318
290	-7.76663
291	-2.79426
292	-20.8549
293	-21.5362
294	-14.7653
295	-11.7012
296	-13.5805
297	-14.8039
298	-20.2713
299	-12.5038
300	-9.49097
301	-18.7514
302	-9.60373
303	-20.339
304	-12.7472
305	-22.208
306	-26.6615
307	-19.8102
308	-11.2112
309	-5.54622
310	-26.8229
311	-14.1219
312	-35.4514
313	-20.0826
314	-8.58164
315	-15.5041
316	-15.4811
317	-8.93906
318	-5.45086
319	-18.2382
320	-8.5899
321	-8.50841
322	-9.06824
323	-37.1958
324	-10.5498
325	-7.79902
326	-17.9048
327	-8.94094
328	-26.559
329	-20.7868
330	-0.944815
331	-7.69971
332	-22.061
333	-15.3311
334	-11.4491
335	-6.84598
336	-23.4925
337	-12.5441
338	-8.37163
339	-8.94943
340	-11.5791
341	-11.6209
342	-23.3124
343	-29.5775
344	-24.6168
345	-22.6545
346	-9.40009
347	-5.68572
348	-6.75491
349	-15.9191
350	-19.72
351	-15.7842
352	-19.2419
353	-33.7108
354	-12.0707
355	-14.8884
356	-9.94267
357	-38.0519
358	-18.4302
359	-9.67423
360	-20.0997
361	-3.1224
362	-20.6827
363	-27.3923
364	-4.32337
365	-3.22306
366	-10.8934
367	-12.8295
368	-4.6845
369	-8.38457
370	-5.84917
371	-28.7762
372	-12.6636
373	-33.0322
374	-8.69426
375	-20.058
376	-13.8483
377	-20.1794
378	-27.8801
379	-22.5254
380	-6.26027
381	-37.5171
382	-21.1795
383	-7.4035
384	-26.5779
385	-7.9259
386	-1.10768
387	-6.70305
388	-7.40622
389	-10.8542
390	-10.3222
391	-16.0074
392	-15.9467
393	-9.50357
394	-8.58421
395	-6.20893
396	-16.9397
397	-38.7549
398	-21.912
399	-16.0189
400	-32.7279
401	-6.81315
402	-20.4842
403	-25.1482
404	-9.97212
405	-13.3669
406	-5.6148
407	-8.20133
408	-22.2607
409	-9.24893
410	-8.56238
411	-6.56976
412	-5.83514
413	-10.122
414	-15.7063
415	-18.1653
416	-22.0406
417	-9.3986
418	-17.9649
419	-20.0361
420	-4.13596
421	-16.5683
422	-15.1125
423	-24.5304
424	-18.3549
425	-21.5262
426	-8.68192
427	-8.91387
428	-23.0247
429	-7.40231
430	-46.9701
431	-21.5234
432	-9.69278
433	-22.5286
434	-11.5867
435	-11.3621
436	-38.2103
437	-5.99832
438	-12.2986
439	-12.1408
440	-1.20328
441	-22.4826
442	-29.4116
443	-17.5589
444	-23.9145
445	-3.14538
446	-16.6639
447	-7.55841
448	-1.65027
449	-2.03458
450	-19.1459
451	-9.66487
452	-49.3996
453	-8.73291
454	-6.22262
455	-9.73241
456	-17.0892
457	-27.1182
458	-2.89873
459	-4.85191
460	-5.62186
461	-4.96442
462	-3.14062
463	-4.15683
464	-2.81451
465	-2.96498
466	-11.8463
467	-13.934
468	-2.97328
469	-12.4529
470	-10.6209
471	-3.29162
472	-8.29423
473	-21.1379
474	-9.81061
475	-3.97414
476	-4.21272
477	-8.37752
478	-4.91849
479	-2.66969
480	-4.4384
481	-2.10467
482	-12.8181
483	-9.26007
484	-15.6672
485	-10.376
486	-3.63698
487	-1.97554
488	-2.86357
489	-6.21906
490	-3.22066
491	-3.014
492	-8.67164
493	-3.31625
494	-3.43233
495	-5.19546
496	-2.54352
497	-24.7231
498	-24.0445
