#SITE	WT_AA	SITE_ENTROPY	PI_A	PI_C	PI_D	PI_E	PI_F	PI_G	PI_H	PI_I	PI_K	PI_L	PI_M	PI_N	PI_P	PI_Q	PI_R	PI_S	PI_T	PI_V	PI_W	PI_Y
1	L	2.77793	0.0125544	0.101413	0.00370815	0.00590602	0.0426446	0.00124894	0.0436946	0.0170261	0.0075855	0.474651	0.0120105	0.0146302	0.00246062	0.00838601	0.105689	0.0327869	0.00355215	0.0892512	0.0152728	0.00552795
2	L	2.68846	0.00399357	0.0146088	0.110544	0.0163202	0.0263201	0.0648602	0.0181016	0.0127597	0.0268532	0.548909	0.0212503	0.0171546	0.0210305	0.00681608	0.022654	0.0198228	0.01398	0.0138961	0.00735896	0.0127672
3	L	2.73847	0.00922855	0.00484833	0.0109904	0.0112398	0.0257317	0.00823517	0.0205684	0.013221	0.050129	0.519849	0.0277513	0.00475788	0.00579966	0.0230752	0.0321097	0.040213	0.00676303	0.0779632	0.10437	0.00315694
4	L	2.93738	0.00638888	0.0130792	0.0956186	0.012289	0.0820362	0.00215379	0.00672399	0.101175	0.0177654	0.43378	0.0654997	0.0152711	0.00883526	0.0379567	0.00944615	0.0701151	0.00313007	0.00760681	0.00767681	0.00345174
5	L	3.01078	0.0181811	0.049622	0.0136002	0.00362431	0.0396926	0.120369	0.0137066	0.00518848	0.00751049	0.392114	0.123829	0.00824758	0.00283143	0.0288716	0.116864	0.0092169	0.0115614	0.00436983	0.0111933	0.0194059
6	L	3.05389	0.0106923	0.012067	0.0110167	0.0369483	0.0636334	0.0225684	0.00663675	0.0136603	0.0504233	0.46285	0.0130407	0.0377273	0.0882936	0.0573193	0.0116797	0.046402	0.0229114	0.0155533	0.00927637	0.00730059
7	L	2.32858	0.0174087	0.0189366	0.00742833	0.0068972	0.0262875	0.0234024	0.014728	0.0143178	0.0675006	0.643388	0.0108377	0.0204543	0.00353771	0.0260405	0.0356482	0.0117961	0.00857621	0.00522713	0.0298272	0.00776092
8	L	2.77441	0.0036547	0.0311838	0.0735295	0.0338606	0.0420902	0.0120687	0.0360353	0.00876646	0.00793184	0.527102	0.0890757	0.0193536	0.00323608	0.0078942	0.0207488	0.0258195	0.014082	0.0203527	0.00681058	0.0164032
9	L	2.95234	0.00813938	0.0119028	0.0217501	0.00793348	0.0576049	0.0314748	0.015977	0.0607225	0.0287942	0.503776	0.06492	0.0268679	0.00895857	0.0298645	0.0280537	0.0309082	0.0341045	0.00907371	0.00707864	0.0120956
10	L	3.0671	0.0135399	0.027904	0.0196609	0.00660812	0.05019	0.014928	0.0570544	0.0363558	0.0316357	0.476139	0.0348322	0.0239825	0.0104991	0.0262047	0.00926642	0.0791015	0.0101603	0.0106643	0.0192478	0.0420254
