#SITE	WT_AA	SITE_ENTROPY	PI_A	PI_C	PI_D	PI_E	PI_F	PI_G	PI_H	PI_I	PI_K	PI_L	PI_M	PI_N	PI_P	PI_Q	PI_R	PI_S	PI_T	PI_V	PI_W	PI_Y
1	R	2.45964	0.013557	0.0211363	0.0151353	0.0113474	0.0299636	0.00509174	0.0538917	0.00904959	0.00652617	0.00243371	0.0300839	0.0633773	0.0198718	0.0117464	0.604485	0.00456172	0.0263644	0.00545514	0.0103358	0.0555859
2	R	2.26576	0.0403829	0.0517131	0.0141185	0.0183665	0.00798151	0.00244599	0.0264015	0.0181388	0.0117807	0.00428787	0.0191329	0.0299072	0.0127995	0.0154897	0.661426	0.0152767	0.0151501	0.0131807	0.015146	0.0068742
3	R	2.33132	0.00492125	0.018572	0.00780026	0.0105502	0.248595	0.00457033	0.0177779	0.0133317	0.00703229	0.00339638	0.0113771	0.0112033	0.00870139	0.0167971	0.532988	0.0267736	0.0109159	0.0117281	0.0248261	0.0081428
4	R	2.60005	0.0296576	0.0609529	0.00595485	0.0103686	0.0180898	0.0116697	0.0748878	0.00572761	0.00716954	0.00422269	0.0179452	0.00658846	0.0189825	0.00650363	0.55704	0.00930234	0.063796	0.0687432	0.010077	0.0123209
5	R	2.05605	0.00617158	0.0475091	0.0101629	0.0147385	0.0104746	0.00604299	0.0261718	0.00640864	0.0129107	0.00504294	0.0566294	0.00827202	0.0141343	0.0308749	0.693958	0.00526468	0.0083554	0.00678094	0.0163098	0.0137879
6	R	2.0305	0.0190329	0.0201496	0.00703105	0.00897552	0.0119772	0.0122822	0.0573969	0.00987207	0.0261012	0.00289914	0.0155701	0.0116063	0.00212225	0.0418767	0.700812	0.00777873	0.0103599	0.00696345	0.0167714	0.0104216
7	R	2.53113	0.0084636	0.0395149	0.0268269	0.0181739	0.0165795	0.00388384	0.0248671	0.0150506	0.0684133	0.00745486	0.0278989	0.00904298	0.00459447	0.0286356	0.599344	0.00477206	0.0282693	0.0139662	0.0151726	0.0390754
8	R	2.70286	0.0129643	0.0192073	0.149405	0.014416	0.0106771	0.0097486	0.031698	0.00824563	0.00745947	0.00661866	0.030969	0.0217259	0.00430844	0.00619107	0.505842	0.00532292	0.015675	0.0753239	0.0108576	0.0533426
9	R	2.73967	0.0175277	0.0157067	0.00738241	0.0167131	0.0863352	0.007676	0.0252282	0.00440087	0.0953918	0.0297577	0.0103025	0.0173555	0.0410634	0.00708878	0.532197	0.0193391	0.0155765	0.0108074	0.0132106	0.0269399
10	R	2.74155	0.0207436	0.0256092	0.00342272	0.00447018	0.0246374	0.0998964	0.0367625	0.00285244	0.134573	0.0202952	0.0111371	0.00636438	0.017228	0.00439741	0.492046	0.0203969	0.0449539	0.00585018	0.0211862	0.00317733
