#SITE	WT_AA	SITE_ENTROPY	PI_A	PI_C	PI_D	PI_E	PI_F	PI_G	PI_H	PI_I	PI_K	PI_L	PI_M	PI_N	PI_P	PI_Q	PI_R	PI_S	PI_T	PI_V	PI_W	PI_Y
1	V	3.45627	0.134161	0.040024	0.0171192	0.0312648	0.0232694	0.0136378	0.0229732	0.0343127	0.0206621	0.0224679	0.0887007	0.031702	0.0206324	0.033785	0.0197479	0.00937525	0.0222798	0.348875	0.0153985	0.0496115
2	V	2.42498	0.461575	0.008374	0.00464072	0.0060769	0.013465	0.00234217	0.0151801	0.00387564	0.00565573	0.20863	0.132172	0.00854224	0.00304072	0.00466681	0.000913289	0.00697472	0.00376017	0.090208	0.00209344	0.017813
3	V	3.35275	0.0880664	0.079878	0.00842935	0.0249684	0.0258067	0.00653821	0.013272	0.0147328	0.010517	0.0140235	0.107299	0.0168617	0.00815968	0.027704	0.00296854	0.274867	0.0545731	0.190102	0.00980008	0.0214324
4	V	3.25051	0.0572139	0.0226664	0.0152105	0.0688932	0.0168176	0.00306516	0.0402773	0.028477	0.0245191	0.0183346	0.298063	0.0355056	0.00748211	0.0175544	0.00264526	0.0610155	0.00852432	0.246004	0.00723666	0.0204945
5	V	3.55168	0.0862682	0.0111186	0.0112833	0.0244628	0.0226428	0.0120139	0.137911	0.0170045	0.0347172	0.0088027	0.19135	0.035348	0.0761066	0.0713856	0.00706879	0.00753061	0.0258788	0.191184	0.00917243	0.0187506
6	V	2.53474	0.0170513	0.561923	0.00791928	0.053043	0.0260053	0.00506279	0.0509512	0.0187226	0.0137333	0.020229	0.0608615	0.0167035	0.00901457	0.00485324	0.00221335	0.00286557	0.00921953	0.106894	0.00624779	0.0064867
7	V	3.38	0.0515159	0.0891491	0.0226954	0.0238074	0.0949643	0.0289532	0.0312072	0.020676	0.0398763	0.0185243	0.0483876	0.0252663	0.0221021	0.0180407	0.00555413	0.00818763	0.0196868	0.385017	0.0183457	0.0280428
8	V	3.40348	0.102148	0.0215843	0.0193813	0.0363605	0.0212338	0.00670611	0.0256642	0.034668	0.0328173	0.00962378	0.194154	0.0431923	0.0135077	0.0138948	0.00748506	0.0101001	0.0564335	0.299965	0.0189907	0.0320898
9	V	3.6698	0.0529768	0.0879697	0.0347808	0.0490253	0.0335154	0.00993194	0.0182883	0.039627	0.0123226	0.0228476	0.0480809	0.0450313	0.00610733	0.0232291	0.00387886	0.0411808	0.244685	0.167488	0.0264967	0.0325368
10	V	3.07882	0.0383699	0.0489776	0.00379295	0.0433559	0.00813109	0.00391827	0.0103591	0.00804036	0.00197397	0.087581	0.3468	0.05157	0.0124199	0.00630286	0.00157853	0.0355869	0.1948	0.0815485	0.0069581	0.00793552
