#SITE	WT_AA	SITE_ENTROPY	PI_A	PI_C	PI_D	PI_E	PI_F	PI_G	PI_H	PI_I	PI_K	PI_L	PI_M	PI_N	PI_P	PI_Q	PI_R	PI_S	PI_T	PI_V	PI_W	PI_Y
1	N	3.04434	0.0208939	0.000851542	0.0204657	0.0176862	0.00189083	0.0865153	0.0109754	0.000481122	0.0933288	0.0113888	0.0393606	0.05302	0.00449718	0.0183585	0.33829	0.0052791	0.196519	0.00675292	0.0729594	0.000484856
2	N	1.87391	0.0346393	0.00198036	0.00110073	0.00601244	0.0155357	0.0115616	0.00237013	0.000779024	0.686877	0.00414931	0.00208217	0.0332975	0.000338775	0.00035917	0.0109756	0.0947651	0.015285	0.0158914	0.0018376	0.0601619
3	N	3.09656	0.036057	0.000605908	0.00156043	0.0142925	0.00391338	0.0289264	0.169443	0.0183296	0.082588	0.0109874	0.0440071	0.056707	0.0294258	0.0367917	0.0478879	0.0134455	0.383813	0.00556921	0.0130444	0.00260447
4	N	2.10235	0.574997	0.00375223	0.000626109	0.00234608	0.00155274	0.0198152	0.00449105	0.00184023	0.0573308	0.0298576	0.00112925	0.0241641	0.00927886	0.0026178	0.210584	0.00331341	0.0188097	0.0290983	0.000625192	0.0037697
5	N	2.81381	0.0058691	0.0722442	0.0043044	0.00617916	0.00318395	0.160473	0.0045574	0.000192733	0.0188936	0.0467581	0.00574695	0.0179166	0.00123453	0.195392	0.123128	0.00104136	0.321508	0.00440986	0.00647128	0.000495792
6	N	2.94204	0.0160567	0.000943825	0.0129345	0.00164934	0.0214089	0.093902	0.0170068	0.00206998	0.0748946	0.274991	0.00822323	0.0161518	0.000449088	0.0133528	0.218368	0.196885	0.0143668	0.00271064	0.00864895	0.00498518
7	N	2.79516	0.0291105	0.00138545	0.0348595	0.00174036	0.003559	0.276852	0.00355572	0.0263304	0.12541	0.0146262	0.00207145	0.0130474	0.00650044	0.00762985	0.332306	0.076784	0.0116032	0.0255487	0.00014999	0.00693119
8	N	2.9493	0.0114498	0.00163296	0.00167808	0.00351343	0.0155155	0.0958737	0.0113111	0.0361349	0.0686333	0.0165376	0.00609939	0.0105856	0.0301133	0.0548554	0.449919	0.0636116	0.0798496	0.0028074	0.00490196	0.0349761
9	N	3.83325	0.0565703	0.00422931	0.0125699	0.00362863	0.0255741	0.130116	0.0371342	0.093437	0.022968	0.0779269	0.0630482	0.0627078	0.0104795	0.0199233	0.0675239	0.159224	0.0845682	0.0335217	0.026122	0.00872723
10	N	3.84485	0.0544536	0.0204622	0.0135888	0.00647921	0.0197304	0.0414672	0.163043	0.0286753	0.0638416	0.0247595	0.1072	0.0637025	0.00730588	0.0906288	0.087935	0.0321572	0.101913	0.0567961	0.00300149	0.0128593
