#SITE	WT_AA	SITE_ENTROPY	PI_A	PI_C	PI_D	PI_E	PI_F	PI_G	PI_H	PI_I	PI_K	PI_L	PI_M	PI_N	PI_P	PI_Q	PI_R	PI_S	PI_T	PI_V	PI_W	PI_Y
1	S	3.5661	0.0392391	0.0251201	0.0358617	0.0114971	0.0355644	0.00606504	0.0461565	0.053499	0.0142914	0.0274308	0.0238207	0.158545	0.00396032	0.0483348	0.0358604	0.303621	0.0482835	0.0252339	0.0262958	0.0313189
2	S	3.31897	0.00834306	0.0543653	0.0295684	0.0159241	0.0237842	0.0140487	0.0311442	0.037072	0.0252057	0.0121248	0.0280931	0.112541	0.00533992	0.0188383	0.0560588	0.400522	0.0289069	0.0383858	0.0153913	0.0443437
3	S	3.47984	0.0098133	0.0729572	0.0283328	0.0104122	0.0324815	0.0335969	0.0278282	0.00970175	0.0163827	0.0680712	0.036064	0.136727	0.0187643	0.0333671	0.0214514	0.336974	0.0135265	0.0181997	0.0353948	0.039954
4	S	3.43845	0.0120287	0.0833848	0.0243423	0.0197021	0.0422175	0.0155926	0.0209151	0.0257596	0.0215638	0.0154831	0.0378183	0.169247	0.0370489	0.0116477	0.0242393	0.330165	0.0391053	0.0114882	0.0181453	0.0401053
5	S	3.68377	0.0216582	0.0291106	0.0490659	0.0105371	0.0410501	0.0467082	0.0360096	0.017681	0.0371804	0.0185603	0.0391795	0.123335	0.0154349	0.0406794	0.070196	0.297859	0.0269736	0.0308502	0.0276658	0.0202655
6	S	3.56144	0.0117233	0.0490821	0.0698531	0.029003	0.0444035	0.00631256	0.116532	0.230441	0.0320138	0.00677095	0.0221739	0.0399353	0.0214275	0.0107444	0.0646992	0.180635	0.00956427	0.00425394	0.0124844	0.0379479
7	S	3.44065	0.0169883	0.0434806	0.00994288	0.0135406	0.0262828	0.00504334	0.0135904	0.0758773	0.0223996	0.00891973	0.0309999	0.0621107	0.016351	0.0393068	0.283391	0.188339	0.0220987	0.00597602	0.0256523	0.0897088
8	S	3.3717	0.0201415	0.0515472	0.0196288	0.0187085	0.0241621	0.00640614	0.0365101	0.0276983	0.00899556	0.0339142	0.0329918	0.129614	0.0100576	0.0569877	0.039322	0.377793	0.0183466	0.0115523	0.0357947	0.0398277
9	S	3.95096	0.0503378	0.0538988	0.0402356	0.0301248	0.0360025	0.0470742	0.0374625	0.042333	0.0192924	0.0396053	0.0496975	0.0427124	0.0122	0.0152795	0.0499891	0.235885	0.0418841	0.0661266	0.0223736	0.0674859
10	S	3.76762	0.0112981	0.0465601	0.0471571	0.0482684	0.0479931	0.0725604	0.0491537	0.0399854	0.018724	0.0616109	0.0505954	0.0249972	0.00514785	0.0202778	0.0595596	0.28252	0.0368018	0.0433032	0.0188182	0.0146679
