#SITE	WT_AA	SITE_ENTROPY	PI_A	PI_C	PI_D	PI_E	PI_F	PI_G	PI_H	PI_I	PI_K	PI_L	PI_M	PI_N	PI_P	PI_Q	PI_R	PI_S	PI_T	PI_V	PI_W	PI_Y
1	R	1.10946	0.00343786	0.00358254	0.00436257	0.00420987	0.00334742	0.000812244	0.00381086	0.00329144	0.014481	0.0213131	0.0222941	0.00367872	0.00477087	0.0255931	0.858039	0.00229266	0.00345769	0.00163774	0.011094	0.00449257
2	R	1.42294	0.00141646	0.0190434	0.00468572	0.00267717	0.00302122	0.000766609	0.0027738	0.00271141	0.0413335	0.00393896	0.00691081	0.0449818	0.0344161	0.00673678	0.794612	0.00444354	0.00432508	0.00143933	0.015008	0.00475849
3	R	1.12885	0.00183109	0.00509531	0.00481283	0.00306937	0.00366649	0.000826657	0.00367746	0.00272026	0.102774	0.00129837	0.00792564	0.004202	0.00144735	0.00321378	0.822338	0.00174011	0.00362524	0.00120674	0.0178021	0.00672686
4	R	1.47287	0.00242387	0.00385428	0.0039227	0.00225346	0.00531841	0.0062122	0.00219761	0.0012046	0.0352367	0.00134741	0.0174251	0.00526406	0.00298603	0.0031226	0.738894	0.146569	0.00242008	0.00132544	0.0154879	0.00253488
5	R	2.23056	0.00151253	0.00285734	0.004329	0.00246427	0.0053027	0.000766076	0.00309284	0.001469	0.17537	0.118087	0.129741	0.00402219	0.00121837	0.00600718	0.492547	0.000725328	0.00221789	0.00139403	0.041539	0.0053363
6	R	1.72613	0.00380115	0.0462676	0.0041357	0.00381366	0.00304023	0.000917525	0.00251312	0.0065057	0.367354	0.00120446	0.00590606	0.00511299	0.00269419	0.0035616	0.522117	0.00101888	0.00295121	0.00191919	0.0109289	0.00423674
7	R	1.12361	0.00385767	0.00295462	0.0065618	0.00354037	0.0069424	0.000989462	0.00470716	0.00375305	0.0176671	0.00116384	0.01457	0.00792105	0.0017507	0.00356224	0.851087	0.0107974	0.00301839	0.0015052	0.0475453	0.00610529
8	R	1.65788	0.00272487	0.00336116	0.0962344	0.00225127	0.00371845	0.00114264	0.00272102	0.0028736	0.0282375	0.000963885	0.0133891	0.00302392	0.0014447	0.00267007	0.696186	0.119417	0.00516395	0.00134704	0.0104658	0.0026633
9	R	2.24319	0.00503757	0.0196165	0.00644786	0.00704705	0.0106643	0.0115875	0.00943988	0.00638085	0.0507121	0.00424202	0.0247813	0.00815377	0.00575844	0.0375216	0.625825	0.118374	0.0123723	0.00340716	0.0248657	0.00776471
10	R	2.21558	0.0749017	0.00816509	0.00485641	0.00252401	0.0052987	0.00791022	0.00450646	0.00893107	0.173819	0.00161093	0.0300812	0.00628133	0.00239907	0.00826271	0.581114	0.0177309	0.0241726	0.00229516	0.0300833	0.00505658
