#SITE	WT_AA	SITE_ENTROPY	PI_A	PI_C	PI_D	PI_E	PI_F	PI_G	PI_H	PI_I	PI_K	PI_L	PI_M	PI_N	PI_P	PI_Q	PI_R	PI_S	PI_T	PI_V	PI_W	PI_Y
1	T	2.78362	9.89284e-05	0.00412338	7.29996e-05	0.00618041	0.0806005	0.0286927	0.00303983	0.208471	0.0157993	0.0355645	0.00849202	0.00112537	0.072093	0.0382335	0.0164068	0.00198149	0.0372136	0.0171416	0.0086027	0.416066
2	T	3.19698	0.125861	0.0384026	0.00524808	0.037707	0.0368095	0.0338708	0.0172933	0.397492	0.00181727	0.074658	0.0562343	0.0131093	0.026388	0.0177486	0.0087629	0.022638	0.0614899	0.0130021	0.00620517	0.00526081
3	T	2.39543	0.00155706	0.00698355	0.0407509	0.0194388	0.0137227	0.000826054	0.00680126	0.160781	0.00155777	0.0228151	0.00133151	0.00479098	0.00499512	0.0297104	0.538171	0.00916421	0.038189	0.0920872	0.00586439	0.000462073
4	T	2.50609	0.000418056	0.00128828	0.0117474	0.0295709	0.00578162	0.00579105	0.10111	0.052463	0.0215574	0.557445	0.0102525	0.000659276	0.0231401	0.0195433	0.00745515	0.0031021	0.0362788	0.0677007	0.000488145	0.0442063
5	T	2.83295	0.0237659	0.00537638	0.00626811	0.0192471	0.0134714	0.0624971	0.00141175	0.442067	0.0136375	0.112597	0.00395304	0.0042407	0.0915783	0.0191871	0.0103579	0.00122832	0.122666	0.0240503	0.00147514	0.0209241
6	T	3.45833	0.00525592	0.0285105	0.00247015	0.100117	0.00388929	0.0374892	0.0656937	0.281853	0.0140131	0.0621263	0.0299444	0.0104465	0.0300645	0.0236444	0.0209505	0.00863068	0.106526	0.13692	0.0165887	0.0148655
7	T	3.29621	0.00143241	0.0821262	0.00221579	0.00821106	0.0530684	0.00822529	0.0015081	0.0756532	0.00765235	0.31734	0.0244225	0.00620494	0.0295737	0.0389393	0.0133269	0.083532	0.155401	0.0501551	0.0154526	0.0255596
8	T	3.43293	0.00259933	0.0725532	0.0294411	0.00968343	0.0159593	0.0398974	0.013458	0.208109	0.00344474	0.202055	0.0189347	0.0031715	0.0479833	0.0258467	0.0122285	0.0870562	0.152626	0.0267635	0.017309	0.0108804
9	T	3.92415	0.00715031	0.0511408	0.0455281	0.0694173	0.030347	0.0784149	0.00655484	0.0294321	0.00887534	0.0726862	0.122653	0.026014	0.0349112	0.171228	0.0441952	0.0451131	0.0769439	0.0269353	0.0174136	0.0350453
10	T	3.86728	0.0678232	0.146163	0.0345392	0.0400329	0.153014	0.013906	0.0177291	0.0389058	0.0416698	0.0991774	0.0757679	0.0131855	0.0366983	0.00563476	0.0678641	0.0143303	0.0705916	0.0252946	0.00553797	0.0321345
