#SITE	SITE_LOG_LIKELIHOOD
1	-3.58586
2	-3.06299
3	-8.65322
4	-5.37567
5	-3.09974
6	-2.80696
7	-1.22778
8	-6.0135
9	-4.65113
10	-11.4232
11	-1.3194
12	-7.51823
13	-0.798855
14	-10.0438
15	-4.06333
16	-1.44614
17	-15.9343
18	-17.034
19	-3.59931
20	-10.2154
21	-3.53472
22	-10.0294
23	-2.82613
24	-13.5734
25	-5.96385
26	-6.41628
27	-12.3087
28	-9.14604
29	-7.69428
30	-6.27506
31	-14.37
32	-0.118461
33	-8.74757
34	-19.6342
35	-2.2967
36	-2.04612
37	-11.0624
38	-9.02184
39	-2.38932
40	-3.13557
41	-6.6077
42	-1.30657
43	-0.275604
44	-6.81083
45	-11.7079
46	-5.64877
47	-11.3358
48	-7.044
49	-7.17059
50	-13.5714
51	-3.54598
52	-20.3669
53	-5.93872
54	-7.97621
55	-42.1667
56	-16.6175
57	-2.82815
58	-9.34435
59	-1.88643
60	-7.45812
61	-12.095
62	-2.4313
63	-1.43363
64	-1.90092
65	-16.063
66	-0.999756
67	-8.69634
68	-4.062
69	-2.68349
70	-2.66799
71	-1.53592
72	-9.2035
73	-14.1785
74	-6.93155
75	-10.3343
76	-11.1377
77	-10.9884
78	-8.68708
79	-4.26323
80	-6.54719
81	-3.59741
82	-6.11043
83	-6.21806
84	-11.9083
85	-18.2756
86	-3.18667
87	-9.10143
88	-4.49083
89	-7.44549
90	-4.86342
91	-1.49563
92	-9.6798
93	-6.06538
94	-10.7096
95	-6.71515
96	-1.64209
97	-3.59835
98	-31.9338
99	-2.33851
100	-19.6103
101	-37.5625
102	-29.6195
103	-24.3821
104	-0.351959
105	-11.0805
106	-5.97324
107	-1.64228
108	-3.92495
109	-9.67976
110	-3.15714
111	-6.82366
112	-5.93458
113	-1.51461
114	-2.04239
115	-1.39205
116	-1.39379
117	-10.6811
118	-17.4412
119	-11.0158
120	-0.0740358
121	-8.74756
122	-2.20149
123	-10.8278
124	-9.38593
125	-4.09581
126	-10.9787
127	-24.3455
128	-3.7009
129	-21.2535
130	-9.82969
131	-12.4496
132	-13.472
133	-11.4645
134	-6.25743
135	-2.87532
136	-13.6698
137	-0.793388
138	-8.10235
139	-0.171116
140	-8.55401
141	-7.14444
142	-1.82507
143	-3.50082
144	-2.71427
145	-6.34943
146	-29.5692
147	-15.5432
148	-12.6368
149	-1.92299
150	-10.9914
151	-2.31404
152	-2.30194
153	-3.77555
154	-2.73076
155	-14.0859
156	-11.4126
157	-8.26551
158	-18.1684
159	-1.04222
160	-9.20899
161	-3.34895
162	-7.33633
163	-2.39328
164	-2.71428
165	-2.77625
166	-13.9287
167	-0.0761679
168	-10.9967
169	-7.26141
170	-14.3281
171	-12.2569
172	-15.2059
173	-2.70144
174	-9.52278
175	-7.12383
176	-7.88117
177	-2.22454
178	-17.423
179	-2.25888
180	-16.6493
181	-3.11644
182	-3.34975
183	-3.97689
184	-1.44674
185	-2.18883
186	-12.5808
187	-12.9158
188	-8.68795
189	-0.799468
190	-7.27976
191	-12.2708
192	-19.4399
193	-16.7661
194	-18.9505
195	-5.9185
196	-0.740954
197	-22.5021
198	-1.82282
199	-8.25304
200	-6.55385
201	-5.30181
202	-5.71631
203	-8.66515
204	-16.8188
205	-12.7559
206	-11.0705
207	-0.0584404
208	-6.36111
209	-2.21512
210	-7.31822
211	-1.90639
212	-15.7012
213	-34.0274
214	-10.4893
215	-10.1296
216	-13.911
217	-33.9749
218	-5.41716
219	-8.41784
220	-10.0836
221	-2.76836
222	-1.09485
223	-2.01111
224	-4.40849
225	-5.72764
226	-7.80303
227	-1.46907
228	-12.732
229	-6.62704
230	-1.4586
231	-6.29017
232	-8.27337
233	-9.30137
234	-4.20135
235	-4.19841
236	-21.5001
237	-7.53288
238	-0.54701
239	-8.37504
240	-1.36543
241	-1.25518
242	-2.96904
243	-2.45607
244	-4.68985
245	-12.0972
246	-14.7654
247	-18.9632
248	-2.18842
249	-6.64569
250	-14.3403
251	-2.49842
252	-4.66093
253	-24.2424
254	-1.30025
255	-1.28939
256	-9.40167
257	-27.0436
258	-1.27052
259	-37.4894
260	-8.13
261	-13.4142
262	-7.40191
263	-6.34331
264	-17.0341
265	-8.89009
266	-18.2012
267	-2.31311
268	-13.4047
269	-6.43684
270	-4.71733
271	-5.22931
272	-1.87285
273	-5.32799
274	-6.23487
275	-14.5945
276	-13.2976
277	-9.29091
278	-3.95213
279	-2.59236
280	-15.1049
281	-6.08786
282	-2.84041
283	-13.9278
284	-23.791
285	-12.0163
286	-11.6272
287	-10.422
288	-19.2287
289	-15.8964
290	-17.1439
291	-9.39868
292	-8.78517
293	-14.461
294	-7.61361
295	-2.23684
296	-6.28054
297	-6.53598
298	-32.5239
299	-16.9732
300	-15.0819
301	-8.64199
302	-3.80763
303	-3.1823
304	-2.44161
305	-6.77896
306	-18.1116
307	-7.63338
308	-4.97723
309	-16.3235
310	-13.5059
311	-12.8427
312	-19.898
313	-3.06178
314	-10.6145
315	-10.2485
316	-13.1786
317	-2.26114
318	-20.5268
319	-18.4171
320	-1.91813
321	-13.4776
322	-8.48377
323	-2.95581
324	-1.93662
325	-1.87065
326	-10.2011
327	-10.1101
328	-8.3274
329	-12.3014
330	-0.914728
331	-1.68482
332	-9.62725
333	-3.59782
334	-19.395
335	-13.6779
336	-6.28146
337	-2.8474
338	-7.41315
339	-1.26178
340	-9.63786
341	-16.3246
342	-3.50108
343	-16.8436
344	-19.3612
345	-7.61647
346	-3.49066
347	-2.86703
348	-7.44557
349	-2.92377
350	-21.7795
351	-22.4371
352	-9.96117
353	-56.9496
354	-16.7482
355	-21.6018
356	-8.3063
357	-20.6405
358	-13.0016
359	-9.34723
360	-2.31166
361	-2.2842
362	-14.9379
363	-16.2977
364	-4.5855
365	-2.17489
366	-2.5838
367	-8.66935
368	-8.19659
369	-5.04882
370	-6.08897
371	-10.0159
372	-12.5873
373	-35.8182
374	-13.8094
375	-34.9828
376	-12.147
377	-10.8692
378	-16.9449
379	-3.97351
380	-5.64783
381	-8.71038
382	-6.25804
383	-3.03176
384	-29.7267
385	-6.34489
386	-1.03227
387	-10.595
388	-1.58901
389	-15.5634
390	-2.87025
391	-6.897
392	-2.54194
393	-2.50672
394	-5.93229
395	-3.17795
396	-16.303
397	-5.63466
398	-7.55152
399	-8.14034
400	-17.2706
401	-21.5423
402	-12.5393
403	-11.5652
404	-15.6806
405	-5.33487
406	-14.0024
407	-6.5026
408	-32.6586
409	-1.87068
410	-2.18926
411	-26.6113
412	-4.65209
413	-15.2255
414	-11.5028
415	-5.48347
416	-2.25861
417	-11.3227
418	-7.6525
419	-10.503
420	-1.66021
421	-17.4076
422	-21.361
423	-24.1868
424	-8.94762
425	-25.2548
426	-1.4273
427	-2.3336
428	-4.02983
429	-7.3896
430	-23.8698
431	-10.9165
432	-10.6546
433	-34.1152
434	-8.07636
435	-9.34219
436	-2.25547
437	-11.1376
438	-14.3764
439	-1.90319
440	-0.902122
441	-10.9292
442	-25.4254
443	-1.27903
444	-7.30378
445	-2.29503
446	-21.645
447	-2.90444
448	-1.21851
449	-5.39683
450	-21.7829
451	-4.42682
452	-14.4325
453	-16.1331
454	-1.73449
455	-10.761
456	-12.3041
457	-20.3318
458	-1.92237
459	-22.7537
460	-3.87293
461	-14.1065
462	-8.09142
463	-14.3706
464	-5.21368
465	-9.95694
466	-4.04019
467	-15.2856
468	-1.95985
469	-6.07153
470	-23.0557
471	-2.27621
472	-27.3308
473	-10.7087
474	-3.09719
475	-2.73052
476	-2.9309
477	-9.22313
478	-7.08456
479	-1.83602
480	-13.1406
481	-1.53241
482	-8.41515
483	-4.94081
484	-1.92567
485	-2.97518
486	-2.64482
487	-1.26859
488	-1.89036
489	-1.88991
490	-7.75375
491	-1.98803
492	-2.08082
493	-2.31261
494	-6.35273
495	-2.12274
496	-7.22418
497	-7.30223
498	-28.6523
