#SITE	SITE_LOG_LIKELIHOODS
1	-3.997782737657212
2	-6.24008557759326
3	-5.970585357560081
4	-5.503538375869289
5	-6.176837296939197
6	-6.141900981583476
7	-5.656286904044886
8	-5.911556844830848
9	-5.970585357560081
10	-5.681842655241409
11	-15.17701243390357
12	-9.740968245560335
13	-3.997782737657212
14	-8.617837576055045
15	-5.995487325884151
16	-12.74655215315719
17	-8.313715499572972
18	-22.45407046869586
19	-6.08933318361298
20	-5.989841363480178
21	-8.839387180998866
22	-26.62652646754091
23	-9.254719701789529
24	-15.02270533834955
25	-10.26514352580929
26	-11.57898197915336
27	-15.26677514408118
28	-5.970585357560081
29	-9.560141723091489
30	-18.61251945113775
31	-15.69743504596451
32	-3.997782737657212
33	-15.5385370203576
34	-21.74944285715972
35	-13.26250874914978
36	-19.56803182990673
37	-18.82968824696326
38	-16.15064107457856
39	-19.7683198224324
40	-7.799474748679313
41	-4.265644907482201
42	-9.380246364216525
43	-3.997782737657212
44	-14.2794401147634
45	-13.99717472804636
46	-5.622039424207313
47	-9.613980089374129
48	-10.32943886658491
49	-10.16715435876311
50	-25.25939067584714
51	-11.49070238414287
52	-18.21032962027796
53	-11.65402146773893
54	-14.35176411572389
55	-21.08657549548358
56	-11.65705211076582
57	-20.95977859832849
58	-15.64482729860777
59	-7.536906177042756
60	-10.25037420221821
61	-4.265644907482201
62	-5.765424150758119
63	-9.196906640355706
64	-14.55441604641133
65	-7.874081350164677
66	-3.997782737657212
67	-11.77379209289555
68	-14.09991106849354
69	-20.18260806159908
70	-9.084193294846834
71	-10.18208861860967
72	-11.39457383443496
73	-11.53662289700266
74	-10.19321526733435
75	-8.98016765562604
76	-14.27891422917354
77	-18.5026918424877
78	-8.421920429636984
79	-11.18281566648788
80	-8.677991496268628
81	-11.64073893300713
82	-15.63933442328764
83	-6.108143509157056
84	-11.58671347765682
85	-36.17549262274395
86	-7.945271168901735
87	-14.53313364097285
88	-16.65827931232235
89	-30.79135444416439
90	-6.274079008580213
91	-16.27505774922419
92	-17.10683105712292
93	-15.19226040392376
94	-10.14382588947387
95	-5.716016479775845
96	-18.00041948274833
97	-15.78876736770231
98	-26.12968747590544
99	-14.08747641941068
100	-12.72961439121532
101	-20.20049563197078
102	-26.46113199752721
103	-9.48267479472856
104	-4.507361961064683
105	-34.91189895468302
106	-14.97949239040649
107	-14.81106881296253
108	-21.18288754830283
109	-16.3622494892926
110	-19.1264575075878
111	-11.66659975487956
112	-19.27422464234414
113	-12.18694260908326
114	-13.67253373361447
115	-17.38049977776339
116	-6.050501629276146
117	-15.46925617976792
118	-17.9305464733042
119	-17.22884136449501
120	-4.507361961064683
121	-12.21007156368324
122	-5.503538375869289
123	-24.09252426262306
124	-15.86376148214741
125	-11.81040008098229
126	-9.968208034087104
127	-16.43667321694166
128	-12.55379876099023
129	-8.328896523511546
130	-18.1671892331407
131	-11.37254259418002
132	-6.026078492396109
133	-15.71149429502317
134	-18.74966045504508
135	-17.81920403170753
136	-26.54793058305809
137	-3.997782737657212
138	-19.56052836559938
139	-4.507361961064683
140	-8.919126081891289
141	-8.908963775541567
142	-18.94196741533741
143	-26.7442046137401
144	-12.08256100926258
145	-9.022230527836227
146	-6.121472582053163
147	-17.74475909684324
148	-15.41728414595739
149	-9.587934958896103
150	-11.99140396751839
151	-8.119339414241786
152	-12.96818352035344
153	-25.80118258176099
154	-16.38930668666281
155	-12.64440155286276
156	-23.92696693291866
157	-12.09546786627194
158	-16.87765803369793
159	-3.997782737657212
160	-11.93937196016151
161	-14.10483798600326
162	-19.32722174239744
163	-3.997782737657212
164	-15.12568208201995
165	-13.56425173548416
166	-21.92725417133033
167	-3.997782737657212
168	-5.503538375869289
169	-21.85348418185157
170	-10.20769204516371
171	-5.995487325884151
172	-12.6615862503072
173	-16.92441333877287
174	-13.20751208559456
175	-15.72941825273257
176	-22.53391283430163
177	-14.13168058375552
178	-10.12066697790075
179	-8.544946086729018
180	-14.99238604156656
181	-9.810972480331417
182	-9.058445199920854
183	-19.42831054932407
184	-13.76474789295481
185	-18.27331053030736
186	-22.9038357077976
187	-14.99395158698992
188	-19.13051797818543
189	-3.997782737657212
190	-22.95162175348183
191	-3.997782737657212
192	-15.8365012133652
193	-38.03321684968178
194	-25.39329244860933
195	-9.786989510451722
196	-3.997782737657212
197	-12.13733441309558
198	-19.65084525021383
199	-21.77562236787666
200	-16.56209441671146
201	-24.72017237011147
202	-11.48922357346968
203	-17.64629409184242
204	-8.354933518955672
205	-19.22663927964188
206	-5.853276782847835
207	-4.507361961064683
208	-5.6857400707785
209	-19.64833298605666
210	-5.622039424207313
211	-14.03537015420124
212	-16.4110414909858
213	-18.36572076913797
214	-23.67212065699687
215	-10.33512669305509
216	-23.54043933545538
217	-11.24433415877292
218	-27.07371927584215
219	-11.36878663064933
220	-12.97164352268223
221	-11.99458817282227
222	-3.997782737657212
223	-7.9359766676062
224	-9.370715918068619
225	-13.18786793573681
226	-15.26443922179686
227	-14.36500068511208
228	-10.27012140862724
229	-9.009967444121665
230	-15.679217139515
231	-9.025372636357854
232	-5.765424150758119
233	-8.152617536505309
234	-16.60598715128706
235	-5.503538375869289
236	-19.36213830853874
237	-5.743495328367816
238	-3.997782737657212
239	-3.997782737657212
240	-13.52372055233627
241	-23.42779191039952
242	-12.26342538065028
243	-28.27695822753463
244	-14.1441239794395
245	-5.875037213779787
246	-19.11822985674223
247	-9.69366615042955
248	-10.33990295192805
249	-14.06566537462235
250	-5.746363268005275
251	-10.64029039421631
252	-8.677991496268628
253	-5.892406114444229
254	-8.617837576055045
255	-14.1033540633874
256	-18.85803128984346
257	-22.80520300060949
258	-20.05230279529582
259	-29.91063833677242
260	-5.743495328367816
261	-29.30506161739878
262	-5.970585357560081
263	-10.52092837212808
264	-6.088022787822551
265	-17.76707785663374
266	-13.17679349248519
267	-13.20059853290682
268	-14.65231448627602
269	-5.700023549302031
270	-9.416948000352578
271	-17.04229652072876
272	-17.51348826948474
273	-9.490096946568451
274	-10.13320787983235
275	-12.60580852858286
276	-28.10812674940367
277	-15.61547172668649
278	-9.513811348375421
279	-12.61640807991299
280	-26.93514653211988
281	-19.55254682591459
282	-9.299085872551471
283	-14.8173500738066
284	-13.31213713686246
285	-23.13805440331669
286	-10.37900825402227
287	-10.33685987932403
288	-5.802840602251654
289	-17.22282312371942
290	-8.70568462108012
291	-9.658619101541225
292	-16.67945832842302
293	-13.2762220907757
294	-18.76094015859875
295	-21.77915600663723
296	-15.61051634330239
297	-13.96933926061202
298	-24.20888491492661
299	-21.04178473207744
300	-14.63380189566187
301	-21.42363671500064
302	-14.84616905838466
303	-5.986533430520072
304	-5.853276782847835
305	-8.270297388052812
306	-16.04641878694809
307	-14.40152114177277
308	-9.747083403564041
309	-7.536906177042756
310	-14.67194445400209
311	-17.54180616553509
312	-22.78011962250746
313	-10.16777630714526
314	-16.00238301312369
315	-15.6316700694405
316	-11.96271756099645
317	-10.73630850660034
318	-10.26230302717579
319	-12.56065080442182
320	-10.94683355325168
321	-11.31034901128707
322	-15.75595295371117
323	-5.743495328367816
324	-15.90586897456556
325	-10.87857418545057
326	-16.53819720858402
327	-16.61804948153318
328	-27.3734856096223
329	-13.50333499901691
330	-4.507361961064683
331	-11.08956975094484
332	-11.7672495953886
333	-16.79785331366026
334	-20.59224219407979
335	-18.55150042234146
336	-9.903454108411756
337	-9.952704539618791
338	-9.293306174820822
339	-14.2889870224615
340	-8.167557672521335
341	-14.86489876459103
342	-15.26758547530724
343	-21.24886429006879
344	-14.02619645645612
345	-15.15770898229048
346	-12.96777209156171
347	-6.050501629276146
348	-20.60633283148167
349	-24.01243235466738
350	-15.29900425684917
351	-10.56829306981245
352	-16.3417561485765
353	-23.03815224626432
354	-13.70705157590844
355	-10.86698275564776
356	-16.88404118581162
357	-17.12955008752206
358	-27.17920409395228
359	-6.095050081227316
360	-12.33817869989933
361	-5.6857400707785
362	-8.096005621889951
363	-10.37878841390567
364	-12.13798411709096
365	-12.89583194237642
366	-23.51944842378753
367	-5.700023549302031
368	-5.746363268005275
369	-14.55441604641133
370	-8.950052329047214
371	-11.59570936427031
372	-15.7323074018349
373	-12.27752651024316
374	-3.997782737657212
375	-8.242057938154241
376	-14.77269680880625
377	-26.06711538615328
378	-13.20713465752653
379	-19.52972182405757
380	-7.896032770738677
381	-23.2174997863685
382	-22.60919747858535
383	-9.50684057554632
384	-13.33440463886152
385	-15.27285893724818
386	-4.507361961064683
387	-9.293310552760765
388	-4.265644907482201
389	-14.58991100394956
390	-12.17693998710181
391	-17.76249652791827
392	-17.40967130696946
393	-11.01153056101952
394	-8.313715499572972
395	-10.64153091402232
396	-11.78928258877458
397	-16.32995352626143
398	-20.47977069385549
399	-8.476483171000259
400	-20.90364315130989
401	-11.07657496452617
402	-13.68217018251257
403	-18.18623401161204
404	-20.80632400906551
405	-15.27894154056021
406	-14.4265973354558
407	-15.90119759647519
408	-16.26174474740719
409	-15.2873047926363
410	-18.42353688348222
411	-14.35508934957551
412	-5.853276782847835
413	-30.58994053974226
414	-16.21528544427013
415	-14.18510594291058
416	-14.3129179349365
417	-21.74691033309514
418	-22.46421447970857
419	-28.94774972755872
420	-16.11432330403878
421	-15.44718659035645
422	-8.607224843935903
423	-16.14029252247902
424	-6.141900981583476
425	-23.78146306533077
426	-3.997782737657212
427	-21.49230082270781
428	-10.72239779760713
429	-14.74417273602899
430	-12.95798357812601
431	-14.73519082145513
432	-10.03137573084849
433	-19.64083907871424
434	-22.3841839608324
435	-8.069530650274801
436	-8.501745067812518
437	-17.47130377164971
438	-15.85756503800129
439	-7.565458239155077
440	-3.997782737657212
441	-22.58448641077456
442	-5.995487325884151
443	-10.50145460251249
444	-6.050501629276146
445	-4.265644907482201
446	-13.45349091389263
447	-3.997782737657212
448	-3.997782737657212
449	-12.48081393877911
450	-16.95599409759973
451	-9.553659185445655
452	-29.09541983242063
453	-24.76423138532541
454	-9.457344257247016
455	-5.724788164685632
456	-6.309541694087575
457	-15.22882401109993
458	-5.853276782847835
459	-5.989841363480178
460	-8.633315852705246
461	-6.306009285177582
462	-11.70473947228642
463	-9.797874786625126
464	-5.853276782847835
465	-6.21652078317523
466	-9.041153166076624
467	-9.601183247332285
468	-5.896393510722754
469	-5.622039424207313
470	-6.274079008580213
471	-13.04463307006237
472	-6.278055287917013
473	-5.923886482492462
474	-6.13191103802268
475	-6.050501629276146
476	-6.309541694087575
477	-5.986533430520072
478	-6.095050081227316
479	-5.716832392036283
480	-5.896393510722754
481	-3.997782737657212
482	-31.93124811482641
483	-24.68074070867663
484	-15.85952755742344
485	-11.46259412885873
486	-5.970585357560081
487	-5.681842655241409
488	-5.853276782847835
489	-10.95078553111781
490	-5.802840602251654
491	-5.896393510722754
492	-13.06773229322451
493	-5.743495328367816
494	-6.21652078317523
495	-14.38989457209759
496	-5.681842655241409
497	-5.896393510722754
498	-5.746363268005275
