# amino-acid counts among definitively called codons
# POSITION TOTAL_COUNTS WT N_A N_C N_D N_E N_F N_G N_H N_I N_K N_L N_M N_N N_P N_Q N_R N_S N_T N_V N_W N_Y N_STOP
1 884770 M 0 0 0 0 0 0 0 1324 80 72 882938 0 0 0 4 0 127 225 0 0 0
2 886668 A 877470 106 111 4268 99 274 142 179 78 275 2 122 448 165 296 1183 361 813 62 125 89
3 888225 S 258 150 143 146 406 2 138 198 153 372 38 151 459 102 351 883893 359 15 48 639 204
4 889216 Q 248 116 120 225 89 224 248 275 2477 460 59 164 420 881973 860 319 257 205 97 87 293
5 890390 G 248 1172 404 80 158 885092 177 151 112 298 62 145 331 86 279 388 181 721 48 123 134
6 891010 T 297 85 122 93 109 334 108 279 138 345 18 285 396 180 358 523 886898 142 21 137 142
7 893529 K 205 132 124 265 211 301 125 240 889008 403 63 213 249 158 405 405 325 263 47 158 229
8 895942 R 222 50 128 116 90 209 118 185 144 598 42 146 289 388 891853 286 237 117 13 117 594
9 898650 S 279 126 145 145 195 289 166 256 135 475 49 102 431 191 430 894139 304 210 38 360 185
10 901093 Y 300 363 184 154 186 300 261 237 174 415 76 144 329 143 357 440 305 243 56 895990 436
11 904253 E 224 123 158 899076 127 352 50 179 565 320 40 73 347 69 330 324 269 214 22 145 1246
12 909163 Q 134 38 50 98 73 104 704 142 309 311 46 79 212 905682 284 165 190 101 25 81 335
13 913895 M 182 95 80 97 78 142 130 1461 194 314 909283 129 181 101 228 309 297 383 39 90 82
14 919033 E 130 57 934 914034 93 695 113 139 188 253 30 70 284 126 213 205 172 257 47 96 897
15 924539 T 345 67 99 52 32 147 165 197 61 196 18 328 301 107 257 355 921498 146 35 57 76
16 930841 D 186 85 925693 216 164 523 169 141 123 327 53 456 359 90 248 315 280 252 55 977 129
17 937447 G 326 155 137 234 229 928654 153 292 129 486 56 219 476 180 689 460 407 1743 62 186 2174
18 943440 E 252 125 152 937484 163 350 197 134 578 402 41 149 642 216 275 385 479 252 27 140 997
19 946148 R 248 641 55 56 50 239 763 175 92 4215 34 107 388 108 937830 539 193 134 31 101 149
20 946486 Q 261 118 95 167 101 187 1033 135 2412 437 47 155 422 938761 794 322 326 172 41 81 419
21 941781 N 244 98 216 84 74 144 229 267 183 373 37 937920 304 64 304 480 225 202 52 189 92
22 922968 A 916188 87 1002 53 104 217 130 100 92 261 31 88 422 76 197 2315 576 775 33 82 139
23 910687 T 442 110 103 112 165 160 210 267 119 455 49 427 493 120 390 611 905931 185 53 135 150
24 882414 E 248 213 247 876077 270 375 194 239 520 521 69 148 347 220 326 430 307 352 57 178 1076
25 836367 I 142 72 111 58 186 139 123 833034 91 390 105 152 245 99 214 311 266 337 55 116 121
26 799888 R 67 76 112 74 102 610 94 1242 164 183 5 110 189 99 795738 349 241 45 62 116 210
27 761710 A 757793 71 64 836 53 148 73 76 94 148 47 48 161 56 175 854 394 415 27 55 122
28 732307 S 149 95 85 62 201 125 71 133 111 203 26 96 264 69 202 729174 270 121 22 714 114
29 702372 V 239 108 155 76 243 165 57 548 101 189 14 51 192 54 299 201 122 699364 34 41 119
30 668327 G 214 48 60 208 61 663357 40 69 68 157 20 51 110 45 840 162 124 823 40 52 1778
31 637396 K 97 38 56 158 55 146 79 123 635290 221 13 89 148 81 245 126 140 87 31 71 102
32 592792 M 125 68 94 65 55 142 62 603 117 293 589614 94 238 83 248 210 235 184 47 90 125
33 555243 I 88 40 28 66 75 80 56 553356 71 200 34 120 109 57 183 159 159 152 22 75 113
34 544532 G 123 807 157 54 31 542027 24 75 52 134 35 60 88 56 160 197 113 174 14 69 82
35 530469 G 87 32 41 114 35 527063 21 50 64 94 6 43 98 40 446 80 85 662 7 33 1368
36 366742 I 34 4 18 9 38 18 32 366051 23 67 19 31 71 39 64 45 81 69 0 15 14
37 375498 G 68 12 23 51 7 373795 32 20 18 54 4 13 37 11 115 61 58 336 9 22 752
38 387426 R 41 1 13 16 19 42 33 36 19 344 4 20 130 228 386057 55 67 23 0 19 259
39 399430 F 73 49 45 28 397328 153 79 91 47 600 16 73 175 31 126 172 92 70 16 84 82
40 414149 Y 57 154 30 58 70 85 166 66 64 154 30 106 55 11 111 94 81 75 14 412521 147
41 429091 I 47 34 21 49 79 69 58 427531 74 130 36 92 138 52 95 135 192 132 11 49 67
42 447664 Q 79 48 44 59 40 69 76 101 1090 184 12 43 152 444918 202 112 157 74 17 32 155
43 464513 M 71 45 55 18 56 92 59 263 99 138 462690 53 154 51 128 117 166 121 19 57 61
44 486159 C 70 483528 35 18 591 83 77 43 28 113 16 66 79 52 204 194 91 39 53 284 495
45 504503 T 151 27 19 41 19 65 32 173 24 109 3 131 104 33 68 167 503214 47 22 18 36
46 521923 E 104 54 112 519070 33 140 63 72 658 192 13 64 118 97 87 161 98 111 43 40 593
47 540621 L 45 28 39 48 217 63 106 190 36 538925 12 49 293 71 141 103 108 72 6 28 41
48 556008 K 52 57 37 260 61 87 61 121 554061 220 16 149 130 64 169 135 89 77 15 45 102
49 567709 L 133 56 78 73 121 124 159 178 99 565138 19 124 346 107 237 202 217 117 28 58 95
50 582460 S 194 120 94 56 88 419 116 298 103 337 30 145 222 85 436 578926 257 175 54 115 190
51 598603 D 120 57 596110 94 76 193 98 89 29 187 35 198 104 47 121 157 93 139 17 568 71
52 614617 Y 134 167 62 47 83 128 173 160 63 204 23 105 172 32 128 199 170 109 27 612276 155
53 635261 E 114 47 2008 629451 18 427 49 86 126 145 24 66 130 143 132 178 156 165 14 56 1726
54 648318 G 169 49 34 317 15 643730 94 62 58 201 11 67 257 51 364 173 167 559 1 60 1879
55 659172 R 87 51 48 37 58 120 78 101 49 1254 16 78 267 457 655403 134 194 89 548 34 69
56 668620 L 117 72 47 46 257 147 96 85 84 666270 105 80 189 57 191 300 117 117 52 63 128
57 680644 I 96 98 36 34 115 110 93 678298 91 249 49 140 183 49 181 167 283 162 32 78 100
58 691890 Q 135 105 79 106 55 139 88 106 703 275 20 64 438 688465 285 243 163 107 15 76 223
59 693841 N 152 124 188 85 95 119 141 181 252 254 49 690848 129 94 190 340 212 126 14 133 115
60 700183 S 106 85 40 44 74 195 46 866 26 162 21 158 83 34 930 697009 122 71 24 42 45
61 706455 L 71 48 73 35 156 106 61 132 56 704508 30 46 145 63 167 246 119 115 10 73 195
62 718937 T 259 76 60 37 40 111 82 187 154 157 20 51 228 126 246 258 716604 87 25 43 86
63 731225 I 74 41 38 30 42 108 74 729094 105 200 281 48 104 65 185 156 236 183 12 69 80
64 743055 E 145 51 1114 738347 93 283 80 95 154 252 24 93 214 111 174 258 179 208 16 65 1099
65 746235 R 112 41 45 64 96 239 66 752 261 227 20 54 133 43 743292 216 184 125 21 84 160
66 750418 M 49 20 14 8 21 48 25 1428 92 103 747972 23 52 24 61 78 161 124 18 46 51
67 747347 V 136 16 7 134 6 72 0 12 10 165 136 15 22 10 37 26 19 746469 29 1 25
68 751652 L 84 21 25 25 244 67 136 830 38 749177 36 33 334 50 126 124 125 90 7 34 46
69 749168 S 167 150 72 61 79 107 90 78 78 171 28 91 431 65 188 745442 224 115 33 1388 110
70 742828 A 739818 58 676 31 43 98 26 31 12 79 15 33 119 25 85 886 460 161 33 49 90
71 740420 F 93 73 65 49 738451 86 45 160 62 264 30 68 138 42 156 215 145 113 18 65 82
72 736178 D 46 60 733642 207 29 339 91 55 26 121 9 147 145 22 98 112 87 147 31 705 59
73 738557 E 76 52 138 735856 105 225 51 78 459 105 10 41 122 56 88 86 70 139 17 40 743
74 751260 R 80 11 34 16 16 219 44 49 148 68 1788 24 121 27 747109 1231 98 46 64 25 42
75 751720 R 91 25 30 21 50 227 48 523 194 106 2 39 171 43 749700 122 148 55 1 13 111
76 752537 N 68 33 127 17 31 69 78 109 101 139 20 751048 77 23 71 219 108 43 16 91 49
77 751342 K 78 43 55 202 60 99 41 130 749557 136 17 85 118 67 161 159 119 63 8 34 110
78 759122 Y 87 215 24 72 112 159 170 78 52 147 22 135 142 111 143 182 167 75 23 756752 254
79 764489 L 128 66 63 73 122 132 145 1512 113 760673 27 81 386 106 164 198 156 154 4 59 127
80 756366 E 234 76 222 751755 134 366 126 126 196 351 38 141 241 201 218 305 234 324 31 161 886
81 755682 E 168 82 142 751955 71 264 121 111 215 333 19 99 249 98 245 255 171 229 17 122 716
82 755145 H 79 69 83 107 17 97 752866 94 70 228 26 169 177 144 270 146 113 64 21 222 83
83 752698 P 233 31 89 57 85 111 2771 160 60 379 22 139 746277 75 263 459 1160 100 15 92 120
84 763447 S 99 108 62 23 77 391 77 327 44 147 4 187 127 30 284 760882 157 113 58 120 130
85 760230 A 755575 26 65 925 28 123 57 45 38 97 17 41 230 36 104 1663 292 744 16 46 62
86 756806 G 193 74 26 525 89 748047 48 62 50 165 38 54 147 74 404 163 115 2658 3729 54 91
87 758904 K 108 44 67 216 105 196 85 125 756193 197 17 222 160 81 371 175 240 93 21 65 123
88 761720 D 249 79 757938 190 132 228 170 184 103 356 88 198 288 139 263 297 151 243 28 286 110
89 762033 P 308 142 114 156 116 266 915 247 156 427 62 168 756911 192 429 316 504 198 68 163 175
90 765486 K 311 88 157 247 128 266 133 178 761146 344 172 330 152 108 362 394 332 240 57 141 200
91 762491 K 205 134 67 138 115 166 109 159 759291 348 38 125 279 85 308 307 205 106 55 88 163
92 755534 T 135 46 26 15 33 80 47 132 61 130 20 159 166 48 100 197 754009 46 28 28 28
93 757796 G 180 39 52 140 47 753794 55 68 62 112 30 45 63 49 454 161 118 700 9 58 1560
94 756979 G 101 48 31 164 37 753996 49 59 34 131 16 28 117 52 385 99 79 608 16 23 906
95 751736 P 66 12 19 12 9 36 1270 37 33 145 18 25 749339 54 115 160 253 50 10 32 41
96 745945 I 67 65 42 38 60 130 69 743833 142 229 130 49 69 95 170 192 198 160 42 69 96
97 741959 Y 96 164 47 33 107 50 134 51 63 106 13 114 156 55 84 186 117 93 17 739985 288
98 739475 R 66 32 26 37 59 451 96 85 157 225 1578 59 172 47 734472 1472 173 90 80 38 60
99 733844 R 82 44 41 35 64 282 99 1716 179 174 20 60 312 59 730070 152 185 66 16 39 149
100 729860 V 185 20 34 108 30 117 43 366 13 307 25 38 279 35 120 134 92 727842 6 30 36
101 731064 N 47 8 164 13 28 24 56 107 208 98 12 729688 137 23 85 140 102 26 0 55 43
102 728307 G 119 33 19 106 52 724362 47 42 32 129 9 35 201 51 574 83 106 681 4 28 1594
103 733887 K 58 26 47 132 32 52 82 66 731929 204 45 201 203 74 236 120 154 47 12 43 124
104 729456 W 66 638 34 31 41 44 90 91 50 1375 12 31 229 35 246 154 125 39 725716 44 365
105 725640 M 63 23 25 28 27 47 52 1634 86 221 722473 45 152 48 87 116 211 228 8 35 31
106 720873 R 69 21 20 11 29 338 66 887 261 88 13 34 202 36 718228 208 179 23 10 41 109
107 718115 E 22 1 78 716898 9 149 2 7 242 20 2 3 13 36 25 17 26 49 7 3 506
108 717025 L 26 16 17 3 166 31 121 123 14 715881 3 26 315 24 72 38 24 48 5 31 41
109 711369 I 42 16 8 19 53 56 32 710308 43 56 32 83 59 20 60 44 142 225 9 24 38
110 702529 L 20 16 8 16 45 21 26 2193 16 699843 9 4 150 2 31 25 30 38 6 16 14
111 696758 Y 53 105 12 11 66 18 156 9 21 39 6 22 84 5 29 42 44 20 9 695905 102
112 685761 D 88 21 683428 196 30 300 103 31 31 89 7 160 79 36 95 106 101 206 26 561 67
113 677459 K 57 29 20 154 33 67 62 97 676001 101 16 95 141 37 162 108 86 57 13 55 68
114 680016 E 79 20 83 678293 35 160 32 46 92 86 10 32 155 74 48 110 74 94 8 31 454
115 677044 E 68 38 105 674954 38 220 50 53 161 135 17 44 101 104 105 102 117 87 21 45 479
116 671382 I 118 53 49 38 56 90 107 668893 138 248 248 94 238 74 144 194 250 155 17 84 94
117 672925 R 78 75 40 46 55 298 69 89 144 199 721 68 166 47 669637 673 189 98 89 50 94
118 671410 R 57 32 56 25 22 113 65 48 29 983 8 24 199 395 668655 124 117 69 7 31 351
119 667044 I 58 29 31 23 65 54 39 665880 33 88 42 84 73 15 69 81 164 124 17 47 28
120 667532 W 78 887 40 45 31 177 26 37 37 1103 11 30 120 39 438 132 85 125 663681 28 382
121 666599 R 112 394 56 47 23 171 484 47 54 2688 14 48 317 70 657990 3788 138 49 16 20 73
122 664535 Q 208 75 85 117 76 301 182 184 1220 226 38 100 368 659970 381 279 214 128 46 105 232
123 662220 A 657503 93 1026 100 81 443 91 115 102 199 43 104 313 108 299 746 400 226 57 69 102
124 667901 N 143 59 189 69 69 222 108 186 148 257 32 665023 215 98 184 280 198 127 27 98 169
125 670975 N 175 111 246 152 123 171 141 245 259 367 98 666613 345 180 297 517 314 201 61 156 203
126 665971 G 314 871 178 162 120 660743 152 156 172 344 48 185 264 147 445 537 374 339 106 142 172
127 667408 D 188 72 662716 286 125 338 189 144 157 348 50 416 290 113 309 287 233 232 46 705 164
128 668395 D 131 55 665031 145 54 241 124 102 101 187 17 398 252 31 134 242 266 189 25 558 112
129 677132 A 672030 80 55 968 59 194 114 89 86 254 52 83 333 66 260 819 611 770 27 89 93
130 680902 T 288 57 59 80 49 136 128 161 278 262 421 130 270 136 260 247 677622 87 28 56 147
131 683292 A 675627 80 3857 139 84 288 41 104 140 270 64 124 258 76 269 839 465 280 37 103 147
132 673042 G 181 995 157 90 62 669088 96 137 101 182 45 137 281 71 273 408 186 326 40 80 106
133 676826 L 117 66 82 69 92 176 100 136 110 673230 729 96 591 126 288 193 224 173 45 77 106
134 674306 T 336 76 82 97 100 194 122 273 179 283 35 294 266 125 260 435 670665 179 25 126 154
135 680647 H 154 79 190 103 112 196 674635 224 141 347 57 2283 258 280 358 294 236 215 46 279 160
136 689715 M 133 120 78 102 161 209 99 760 204 398 685174 184 248 69 293 329 323 383 71 127 250
137 697209 M 117 68 50 60 49 110 59 401 176 281 694307 131 165 74 211 183 260 279 34 100 94
138 697235 I 45 42 20 30 103 83 31 695447 79 125 58 111 180 48 135 141 227 147 21 66 96
139 703049 W 48 745 21 44 25 119 16 53 63 1009 16 31 96 63 532 139 86 65 699313 34 531
140 706190 H 83 40 133 61 58 75 701862 123 116 232 61 2047 197 128 249 125 144 101 25 272 58
141 709982 S 100 106 64 68 157 126 31 100 79 163 11 71 289 22 109 707020 218 82 20 1054 92
142 707123 N 56 40 168 26 46 88 73 126 89 197 35 705245 107 46 152 204 122 78 27 94 104
143 707413 L 36 73 51 26 823 72 11 55 66 705207 62 27 81 30 143 239 70 114 28 64 135
144 710009 N 85 36 264 30 40 63 51 145 131 156 37 708076 69 36 143 265 146 63 11 105 57
145 705050 D 55 50 702564 131 49 220 78 62 54 171 19 170 100 95 158 174 139 193 31 469 68
146 703039 A 699888 22 25 883 18 105 35 32 37 52 10 28 163 12 92 464 646 472 5 16 34
147 702805 T 200 51 62 38 22 135 47 123 53 137 13 142 187 72 197 195 700927 91 25 43 45
148 700746 Y 89 104 53 24 73 89 237 118 48 123 18 85 189 59 147 153 145 85 14 698750 143
149 704394 Q 90 42 36 71 50 93 1615 69 618 263 26 50 127 700057 590 92 115 98 15 33 244
150 697489 R 165 34 45 63 40 368 55 87 300 101 1422 55 175 40 693309 892 123 83 58 24 50
151 692581 T 300 54 74 82 89 157 81 217 205 257 40 131 241 105 255 358 689546 116 44 86 143
152 696088 R 190 74 68 93 64 371 118 640 171 322 31 103 330 118 692342 286 248 150 30 121 218
153 702673 A 699283 51 806 61 43 147 63 120 45 142 19 67 226 42 166 793 267 202 18 36 76
154 704803 L 139 58 80 90 127 151 153 947 88 701485 48 72 239 95 226 191 197 176 25 76 140
155 705532 V 236 62 114 110 191 209 151 195 100 308 62 127 261 74 393 303 185 702161 42 87 161
156 704113 R 309 649 76 53 77 227 901 129 81 965 31 54 287 108 698199 1361 228 169 26 71 112
157 706701 T 316 95 76 87 55 201 130 266 91 199 59 242 197 83 273 385 703582 144 26 92 102
158 702475 G 289 101 129 220 93 695139 77 172 138 329 33 132 315 98 1300 251 210 1034 32 133 2250
159 704924 M 69 83 115 76 117 137 97 1001 239 438 700290 127 422 58 342 308 302 296 36 132 239
160 715692 D 290 101 711106 206 118 375 130 178 191 316 81 251 378 187 367 339 227 199 72 379 201
161 716765 P 152 133 148 123 93 235 1005 144 177 391 63 135 712194 58 272 382 539 194 40 121 166
162 724403 R 203 141 152 146 191 768 125 241 423 511 1847 250 281 196 716894 875 290 241 137 237 254
163 731736 M 152 120 86 128 138 256 56 493 226 377 727748 161 139 110 347 219 289 326 56 114 195
164 730776 C 145 726296 64 74 731 168 59 110 117 182 37 92 170 71 305 327 189 176 79 601 783
165 732666 S 210 122 100 130 211 191 80 121 166 237 38 137 306 119 328 727905 204 188 46 1685 142
166 735788 L 133 81 89 72 88 90 71 208 162 731511 1505 129 385 159 209 254 145 215 34 101 147
167 745677 M 168 72 40 87 94 154 101 1262 201 394 741010 116 236 111 297 279 390 278 46 154 187
168 748775 Q 112 83 59 143 79 134 162 169 1108 319 31 154 276 744541 519 203 198 131 52 41 261
169 745096 G 136 1115 199 74 50 741493 63 112 115 202 35 89 99 44 202 359 131 376 40 69 93
170 751449 S 162 68 74 78 60 179 108 112 82 389 58 64 377 120 184 747699 194 161 40 97 1143
171 754126 T 155 45 16 8 31 63 56 187 20 225 41 181 251 39 129 271 752279 25 30 37 37
172 754655 L 98 82 82 54 187 221 172 1864 77 749984 42 87 407 99 323 295 159 181 31 93 117
173 754609 P 305 151 130 142 155 276 4666 283 217 524 82 203 742869 89 446 518 2816 277 80 104 276
174 758830 R 55 118 93 73 183 393 159 190 132 418 1558 86 293 149 752964 1064 245 242 93 133 189
175 758155 R 118 58 30 46 50 357 44 115 278 189 1198 70 283 76 754298 377 206 88 105 59 110
176 762369 S 136 116 103 65 142 202 102 133 65 196 28 72 428 87 175 759092 241 73 37 754 122
177 771731 G 146 142 121 191 93 766048 131 164 129 410 47 95 236 118 614 278 144 1090 43 131 1360
178 779590 A 772512 118 962 90 98 256 102 136 136 273 92 101 215 82 339 2935 399 395 38 129 182
179 789415 A 783659 80 44 1772 65 164 81 88 88 187 29 70 227 65 171 1062 1101 291 34 59 78
180 786599 G 259 1211 192 84 116 782390 94 120 66 318 27 101 188 76 284 326 158 365 12 81 131
181 784588 A 779059 80 856 114 128 266 90 107 115 314 61 108 289 110 298 1075 610 475 123 121 189
182 790805 A 785111 101 92 1020 108 264 107 131 72 243 23 105 216 81 248 999 797 834 56 95 102
183 791712 V 205 77 151 58 285 158 112 144 47 307 29 55 205 78 136 226 135 789093 41 82 88
184 802382 K 199 61 92 240 129 197 97 240 798661 298 37 351 177 96 389 292 220 260 29 129 188
185 808212 G 196 99 86 147 83 802065 51 141 122 321 31 91 208 81 436 305 156 1652 27 92 1822
186 813104 V 262 77 79 61 216 174 83 267 49 291 26 87 289 88 158 227 165 810323 42 71 69
187 818801 G 161 66 53 166 53 813416 75 105 65 182 11 40 136 66 351 189 113 1196 47 52 2258
188 820783 T 292 69 26 42 48 161 133 208 172 181 52 78 303 81 231 286 818120 110 21 63 106
189 829502 M 143 72 67 68 72 115 91 1534 134 296 825438 107 197 109 213 163 193 223 28 96 143
190 828862 V 258 85 48 153 85 116 86 58 77 297 126 42 193 47 153 136 127 826601 35 74 65
191 829778 M 134 65 17 50 59 87 63 2128 131 266 825586 41 247 59 139 127 257 184 28 51 59
192 830803 E 86 40 96 828172 37 255 40 45 186 104 13 33 77 90 134 158 78 143 23 41 952
193 829703 L 115 58 42 37 1228 112 53 37 53 826672 75 64 229 99 195 205 108 83 68 45 125
194 830176 V 399 78 177 63 201 210 127 197 21 310 30 63 390 35 272 145 131 827175 52 46 54
195 824741 R 203 129 67 66 95 447 73 914 155 340 48 60 322 74 820537 404 209 189 56 114 239
196 822012 M 101 64 46 36 37 102 57 387 108 206 819754 38 180 50 160 113 177 232 61 33 70
197 819060 I 119 51 39 52 152 143 42 816902 50 197 78 162 117 48 172 182 191 191 27 78 67
198 814598 K 73 37 35 124 46 132 37 55 812949 176 31 93 58 39 219 148 65 100 17 55 109
199 809372 R 160 273 43 50 67 149 328 73 60 395 49 57 252 69 806450 299 201 155 74 71 97
200 811926 G 157 48 30 169 63 804622 56 71 45 117 5 27 115 29 426 130 116 961 4602 61 76
201 802940 I 139 50 75 41 137 128 49 800743 43 150 88 96 187 44 181 170 207 228 39 47 98
202 795604 N 143 63 354 75 52 146 72 94 105 207 21 793132 178 47 150 270 153 126 46 83 87
203 793472 D 439 169 788136 266 125 534 161 190 129 470 63 221 377 118 421 390 302 433 69 257 202
204 789990 R 281 167 114 130 146 490 108 162 129 2499 91 104 315 502 782901 366 224 320 633 123 185
205 782355 N 258 103 255 106 117 286 146 149 213 361 84 778192 368 135 181 527 239 268 58 176 133
206 769741 F 225 110 53 76 765844 223 131 126 51 943 62 81 320 94 303 350 190 224 64 129 142
207 754280 W 229 2133 79 116 127 392 94 105 63 2350 56 77 446 95 754 372 223 175 745859 74 461
208 743310 R 142 72 80 76 66 628 88 54 218 263 3015 94 248 77 733310 4195 214 175 123 76 96
209 738406 G 286 1720 289 32 45 733702 133 64 40 230 16 40 270 81 319 500 128 346 39 71 55
210 735317 E 236 69 817 729791 105 627 82 67 500 203 32 70 273 127 185 182 161 270 36 65 1419
211 731066 N 210 78 198 61 51 145 151 167 102 232 15 728215 394 64 217 303 156 124 29 92 62
212 731473 G 325 164 55 229 60 726156 65 107 52 236 39 53 294 91 560 238 200 1011 41 56 1441
213 726375 R 232 110 38 51 51 302 103 53 48 989 36 63 409 564 722204 184 176 159 37 36 530
214 715334 K 224 131 104 180 128 346 169 169 711239 349 49 124 379 138 479 311 242 241 87 61 184
215 707950 T 193 32 17 20 33 55 35 107 107 78 43 18 165 51 112 168 706609 54 13 17 23
216 702285 R 56 34 7 39 21 273 24 452 74 71 2 30 86 21 700757 118 65 44 12 24 75
217 697270 I 49 47 31 40 62 112 32 695893 32 123 16 72 128 13 124 130 139 140 16 44 27
218 693512 A 691470 17 469 28 33 127 16 14 19 43 16 24 104 25 104 698 103 134 16 19 33
219 698732 Y 28 93 26 29 58 60 114 22 20 73 12 21 75 33 67 62 41 58 19 697714 107
220 701482 E 14 5 72 700343 0 154 3 9 104 8 2 8 18 45 14 24 8 75 0 7 569
221 704848 R 25 20 16 19 17 155 9 516 115 58 19 8 23 13 703636 77 39 19 7 9 48
222 694249 M 42 8 4 1 10 43 20 229 69 91 693184 7 68 14 53 65 144 134 21 15 27
223 688644 C 38 686486 18 13 534 80 7 16 9 44 3 8 43 15 192 152 21 33 66 223 643
224 690699 N 42 13 128 8 18 47 10 108 125 50 7 689734 45 8 46 141 41 42 12 67 7
225 692551 I 41 20 6 16 59 77 9 691754 13 39 6 54 37 7 78 47 120 131 3 19 15
226 696779 L 45 9 22 18 228 41 109 667 6 695169 5 8 224 1 55 36 41 62 6 13 14
227 698124 K 84 52 16 154 32 67 49 85 696615 115 20 101 106 34 189 130 69 64 17 33 92
228 696103 G 153 34 37 164 48 689363 61 68 20 192 10 29 136 38 229 143 102 2018 3159 42 57
229 696343 K 102 44 64 186 46 99 38 101 694421 204 25 82 137 42 266 105 90 107 34 20 130
230 702304 F 135 58 50 32 700650 144 35 101 18 266 14 44 121 23 95 187 54 111 15 102 49
231 705264 Q 110 43 32 50 39 64 119 76 819 160 12 78 229 702155 726 126 93 86 24 73 150
232 709047 T 192 61 33 40 67 98 52 111 51 126 17 209 138 45 182 211 707203 96 23 37 55
233 712333 A 708668 45 892 34 57 163 41 60 21 138 22 48 224 52 139 1002 281 297 15 27 107
234 711389 A 707872 28 40 920 31 137 44 41 32 124 11 28 193 31 85 731 670 297 19 26 29
235 711575 Q 79 53 41 45 32 117 130 38 173 175 33 43 158 709647 250 147 79 97 20 54 164
236 712020 K 54 50 59 110 43 114 63 104 710129 183 33 94 137 56 219 175 107 103 41 56 90
237 713111 A 709685 67 71 747 61 191 73 45 32 150 36 43 212 61 189 597 243 437 51 50 70
238 710053 M 75 92 58 34 56 131 68 706 122 222 707057 73 174 38 250 228 240 246 32 62 89
239 705001 M 141 63 55 47 75 162 67 908 131 285 701528 60 173 73 265 245 243 266 43 65 106
240 697124 D 246 117 693122 163 95 393 142 109 67 300 46 232 287 107 346 358 169 351 47 304 123
241 691806 Q 267 153 122 113 62 208 146 146 242 388 56 90 231 687823 652 311 225 203 54 78 236
242 683217 V 394 89 92 138 144 351 85 122 101 545 129 96 343 96 381 309 240 679216 54 131 161
243 678985 R 224 88 105 65 125 479 117 1360 341 380 39 89 377 98 673772 489 312 190 49 94 192
244 664533 E 302 80 916 658937 104 596 105 122 272 328 33 72 402 162 310 255 180 256 53 76 972
245 651131 S 282 158 85 85 86 440 101 2697 66 280 35 197 338 115 1163 644294 266 178 42 87 136
246 637900 R 177 69 41 80 109 274 95 80 44 1696 41 55 332 913 632735 202 128 173 487 78 91
247 623274 N 190 78 186 85 79 156 76 146 245 244 40 620138 296 103 286 346 163 144 28 114 131
248 607136 P 183 105 100 84 141 151 155 165 90 549 61 100 599152 3660 398 273 1270 247 32 107 113
249 589557 G 61 70 43 139 127 582107 119 90 67 278 34 89 312 100 454 218 141 2135 2726 117 130
250 576426 N 139 83 172 66 59 152 74 123 88 179 27 574193 116 36 160 284 148 95 27 113 92
251 565722 A 561700 36 772 115 81 239 85 85 102 205 33 66 146 72 254 678 498 367 33 63 92
252 552920 E 95 35 130 549710 54 157 56 49 202 181 17 25 114 77 118 196 96 140 21 32 1415
253 537549 F 92 39 37 40 534938 150 60 74 59 957 18 52 155 65 165 208 87 176 34 89 54
254 519211 E 94 51 96 517053 31 298 11 27 275 113 19 16 32 59 108 70 48 146 61 10 593
255 498540 D 137 50 496757 66 43 193 71 50 13 132 22 65 192 38 147 146 82 129 27 137 43
256 477499 L 187 94 53 67 149 255 98 150 33 474906 22 60 330 55 260 216 138 200 42 84 100
257 457852 T 149 64 51 43 50 148 52 95 22 205 18 93 220 30 139 161 456124 73 24 42 49
258 441777 F 123 102 60 48 439620 159 64 103 58 232 21 56 169 50 198 222 111 182 27 70 102
259 429091 L 83 54 51 35 65 110 45 427 29 427132 15 51 212 90 157 147 87 124 51 50 76
260 412433 A 410540 24 21 422 26 137 19 18 24 55 6 13 85 22 88 489 233 138 13 19 41
261 394877 R 43 18 15 11 19 109 21 18 19 739 7 16 78 220 393101 52 22 18 290 15 46
262 376356 S 89 52 54 17 82 85 31 27 24 53 8 16 143 15 73 374958 83 74 17 409 46
263 351890 A 349288 61 35 424 38 182 36 46 64 142 25 40 97 42 107 517 278 342 22 55 49
264 328867 L 125 71 56 51 130 180 85 124 44 326929 25 24 203 75 204 164 91 138 25 42 81
265 305127 I 121 67 23 64 79 158 59 302882 91 216 89 77 126 65 212 161 184 217 25 71 140
266 283695 L 91 58 32 72 585 212 44 67 31 281578 46 38 75 40 136 203 83 95 41 57 111
267 268442 R 60 21 42 48 80 158 63 344 172 182 33 54 132 40 266571 134 112 92 7 33 64
268 249623 G 11 26 22 88 31 247431 25 28 27 90 13 28 77 28 188 57 61 511 831 15 35
269 227240 S 64 28 18 20 34 79 19 35 21 231 15 13 100 22 92 225949 73 53 54 54 266
270 202706 V 122 34 57 49 91 129 45 124 52 158 16 18 91 33 92 108 96 201258 21 33 79
271 183773 A 181320 87 198 61 66 155 65 88 59 207 43 62 123 70 137 347 257 229 25 77 97
272 170716 H 132 68 97 83 97 118 167694 110 93 239 49 506 216 108 262 216 177 165 50 119 117
273 149226 K 120 91 45 117 91 194 45 115 146862 237 64 135 72 52 148 218 172 177 53 95 123
274 133347 S 65 96 61 70 96 84 27 98 33 131 16 47 93 14 99 131833 89 84 19 220 72
275 121592 C 101 119381 39 57 335 144 36 76 72 185 38 33 71 35 184 177 53 113 64 94 304
276 111020 L 30 38 22 16 38 61 37 34 14 109969 241 17 67 51 93 69 34 99 33 21 36
277 103120 P 51 17 31 15 21 74 252 50 28 107 10 31 101839 13 60 101 305 80 7 17 11
278 97608 A 95818 22 232 40 40 136 37 37 21 103 5 24 117 22 96 431 139 188 19 43 38
279 90445 C 49 89067 26 26 92 99 44 35 19 170 13 39 109 19 218 109 37 74 40 78 82
280 94532 V 107 36 30 31 36 65 17 20 7 108 29 28 43 22 55 121 62 93605 26 41 43
281 103094 Y 49 102 69 70 133 302 103 88 35 265 19 32 73 37 176 97 27 159 81 101058 119
282 93585 G 281 158 180 221 143 89042 107 126 110 337 106 116 196 108 512 377 241 309 129 131 655
283 133967 P 322 184 117 162 175 503 970 175 144 487 54 115 128241 52 522 560 399 341 98 132 214
284 151976 A 145773 71 736 119 72 286 64 108 120 306 48 40 245 115 287 2239 574 458 79 68 168
285 162770 V 246 108 64 170 146 352 107 315 61 545 18 96 240 103 293 279 39 159274 92 88 134
286 176716 A 175459 56 238 15 14 66 1 10 12 51 4 8 26 10 79 363 29 114 25 44 92
287 187748 S 20 37 4 10 17 70 11 60 9 70 6 12 58 18 111 187147 19 19 13 12 25
288 203694 G 73 26 19 52 23 201581 24 18 15 99 13 13 43 23 157 47 26 465 905 30 42
289 227827 Y 78 88 40 34 48 158 167 62 45 132 36 61 86 35 118 100 64 95 24 226236 120
290 251557 D 60 46 250176 60 43 76 49 41 47 128 24 126 81 36 96 93 60 88 15 175 37
291 272884 F 71 56 24 32 271500 179 29 62 27 170 13 31 62 45 147 147 64 91 30 41 63
292 296283 E 65 29 57 294585 43 193 37 48 76 115 21 48 102 44 82 108 88 97 25 54 366
293 312067 R 43 42 17 27 40 207 32 46 120 45 1384 35 69 27 308619 1027 107 67 28 41 44
294 325533 E 71 37 1539 321811 57 224 38 67 103 108 31 30 111 69 120 85 76 93 28 45 790
295 347275 G 74 24 34 163 18 345055 25 19 31 105 11 21 86 20 188 63 52 331 19 25 911
296 369657 Y 28 120 16 17 59 46 68 36 34 50 11 36 50 23 45 63 69 37 3 368736 110
297 390563 S 75 80 37 45 99 94 44 48 51 112 18 31 131 37 106 388202 128 66 18 1076 65
298 415512 L 111 53 40 55 62 114 76 1022 63 412805 23 79 169 93 157 126 120 168 27 75 74
299 429523 V 151 46 78 38 153 144 24 69 34 107 20 25 70 28 100 76 45 428228 13 26 48
300 444119 G 80 12 30 117 28 440963 40 37 32 87 19 21 58 47 445 83 67 635 4 34 1280
301 460515 I 48 28 34 24 43 93 30 459187 52 157 208 29 85 37 75 59 96 117 25 14 74
302 486342 D 86 53 484606 169 30 159 65 37 36 76 22 51 95 34 104 119 59 84 18 393 46
303 510216 P 75 19 7 23 19 126 2136 24 15 78 9 22 506111 16 64 119 1297 13 10 15 18
304 530831 F 98 44 58 37 528328 90 61 111 78 999 42 63 61 45 120 222 67 88 20 126 73
305 554024 R 133 84 62 42 121 443 86 525 200 320 31 68 259 79 550761 262 188 144 4 74 138
306 569874 L 87 27 26 41 47 112 85 55 60 568044 156 43 355 89 210 104 106 78 28 52 69
307 592282 L 110 68 60 59 208 143 146 676 89 589193 21 75 433 108 191 199 116 169 27 73 118
308 616117 Q 85 107 55 96 108 89 134 162 973 294 34 99 152 612602 314 203 153 126 36 70 225
309 634591 N 109 74 176 58 91 186 128 173 218 294 61 631342 300 91 188 398 234 158 64 121 127
310 656066 S 155 108 53 52 85 230 67 3076 48 205 49 397 142 56 1047 649753 171 154 28 82 108
311 668038 Q 94 47 43 92 94 100 141 128 1043 331 31 53 346 664479 278 166 121 140 23 67 221
312 687723 V 186 92 58 160 76 194 66 138 79 385 103 59 211 81 193 275 169 685001 34 77 86
313 708265 Y 79 218 54 72 153 123 233 97 68 184 20 111 148 58 161 203 198 105 23 705733 224
314 726757 S 121 106 46 82 54 406 87 1434 58 138 6 157 120 40 1005 722491 149 119 25 38 75
315 741187 L 171 55 73 81 79 214 90 1117 75 737427 33 95 472 146 259 177 129 232 38 84 140
316 755924 I 119 65 83 56 106 254 60 753405 84 200 74 115 134 43 242 173 212 281 64 60 94
317 766079 R 130 66 84 132 106 517 109 751 160 310 68 97 157 84 762308 304 198 205 38 71 184
318 771431 P 199 85 74 99 81 212 145 132 133 359 47 95 766828 1364 357 349 370 165 64 119 154
319 780142 N 172 109 178 80 95 214 109 198 188 340 75 776573 250 119 244 422 197 204 79 131 165
320 788797 E 225 122 764 783319 79 682 58 119 245 202 52 65 172 125 239 263 193 346 81 79 1367
321 788466 N 132 77 160 51 76 167 82 158 222 196 47 785854 147 46 225 276 163 121 57 99 110
322 792722 P 165 66 79 51 81 175 68 85 73 435 34 79 787341 2003 206 274 1117 103 44 101 142
323 795436 A 790300 57 74 1157 64 234 100 91 90 266 41 63 246 87 296 1079 391 543 44 74 139
324 796629 H 153 102 59 74 78 124 793700 88 105 365 30 219 160 260 309 203 116 113 19 241 111
325 789361 K 75 44 55 297 62 125 30 61 785957 142 104 1304 104 45 409 109 91 175 18 56 98
326 785013 S 81 101 65 64 42 260 79 246 93 155 29 280 114 104 261 782656 178 94 17 50 44
327 776359 Q 18 22 14 65 51 48 120 34 678 105 12 25 58 774502 277 81 36 19 23 36 135
328 767981 L 149 116 87 139 60 300 129 86 122 764367 204 117 300 219 378 348 188 312 86 91 183
329 770312 V 234 86 72 119 89 237 84 74 86 392 128 59 185 74 256 300 152 767452 45 72 116
330 772984 W 147 898 73 64 91 198 68 105 64 1694 48 74 226 74 385 251 192 165 767592 88 487
331 762135 M 187 180 131 182 145 381 174 1372 221 521 755771 131 463 145 390 406 504 335 123 141 232
332 762374 A 755123 89 116 1982 132 316 168 172 140 352 41 121 492 128 270 970 786 646 46 97 187
333 762368 C 207 756099 43 52 2005 232 56 168 73 309 47 71 209 62 560 399 157 186 108 436 889
334 752798 H 130 83 112 94 135 152 748206 162 96 330 57 1218 263 178 396 268 154 247 81 252 184
335 744844 S 114 147 112 103 196 237 27 107 86 224 30 77 151 44 158 741631 196 172 64 817 151
336 739596 A 734250 58 699 44 20 181 68 66 33 94 8 56 224 50 159 2338 660 456 22 56 54
337 732036 A 727769 58 45 1069 75 176 47 39 24 129 12 30 194 75 178 899 802 237 19 71 88
338 730446 F 86 76 65 61 728381 160 83 112 36 323 10 61 152 28 141 306 80 112 14 83 76
339 730875 E 167 47 289 727462 63 535 42 60 122 188 13 44 184 100 186 159 119 165 37 99 794
340 722864 D 127 41 720781 81 51 194 78 61 35 151 28 162 169 50 127 144 117 153 25 226 63
341 719838 L 84 57 57 48 58 155 94 240 82 717489 26 77 352 110 267 175 126 138 35 69 99
342 723193 R 84 41 33 47 64 317 54 1296 154 139 16 55 131 40 719982 235 140 105 47 53 160
343 727803 V 124 23 31 84 21 38 21 129 18 182 4 15 46 4 44 49 51 726856 9 26 28
344 726358 L 58 54 36 40 153 105 35 134 27 724900 22 34 84 35 95 166 101 94 27 31 127
345 720177 S 58 47 26 15 37 186 21 749 42 82 19 100 72 36 883 717536 102 76 25 29 36
346 717258 F 70 73 28 34 714956 76 24 101 25 981 8 36 123 41 112 230 66 86 28 118 42
347 711669 I 62 83 58 48 99 58 83 709867 51 149 67 117 106 42 172 143 176 149 27 45 67
348 706598 K 142 80 78 204 38 97 73 140 703858 199 32 297 203 77 320 206 208 125 33 57 131
349 711580 G 161 49 48 224 24 705627 51 43 28 95 6 51 71 56 289 83 89 2078 2383 34 90
350 709113 T 305 54 42 48 43 152 81 74 183 177 328 83 230 68 233 191 706507 119 48 67 80
351 708209 K 189 71 66 182 80 262 86 90 704229 194 180 953 201 60 495 205 227 178 47 77 137
352 702862 V 196 56 45 112 46 173 75 77 63 326 222 45 166 57 147 129 129 700584 52 68 94
353 711831 L 183 74 55 62 418 162 151 819 54 708308 22 90 505 84 212 155 113 162 69 42 91
354 714313 P 321 126 120 129 98 305 113 161 113 446 58 114 703683 4438 416 411 2713 243 36 114 155
355 715223 R 139 86 63 71 110 335 66 1702 179 261 55 100 129 50 710921 229 232 185 42 96 172
356 724196 G 190 77 59 201 108 716234 65 110 80 368 26 67 136 50 456 187 104 2377 3160 48 93
357 713660 K 126 116 43 281 98 174 47 96 710066 249 77 822 200 98 390 209 121 145 37 80 185
358 715347 L 74 40 56 71 175 186 96 801 52 712697 49 35 251 38 176 111 118 170 32 44 75
359 721180 S 83 86 46 31 127 65 22 71 43 93 25 33 169 39 58 718950 132 77 13 977 40
360 728735 T 199 73 63 59 47 156 44 117 33 135 17 241 136 60 141 266 726620 131 39 58 100
361 723220 R 151 46 70 113 96 300 95 1642 101 243 48 57 136 56 719183 232 257 143 44 49 158
362 729521 G 120 19 35 135 41 725116 24 69 21 138 17 39 83 33 297 80 61 1319 14 31 1829
363 732846 V 224 31 101 77 225 179 39 173 14 181 8 35 115 31 94 149 96 730941 30 42 61
364 740317 Q 58 26 25 88 4 61 92 44 938 155 27 63 117 737823 278 99 74 63 21 14 247
365 743058 I 38 20 28 27 85 100 26 741758 52 107 27 102 79 22 114 103 149 136 10 23 52
366 750984 A 748624 43 503 37 16 94 21 47 50 75 9 22 83 16 59 719 275 204 29 19 39
367 749089 S 131 91 69 48 123 158 50 45 86 154 17 51 228 49 114 746224 158 118 16 1083 76
368 748681 N 72 51 158 34 49 109 66 75 94 111 20 747006 77 19 137 222 91 83 18 132 57
369 754388 E 70 22 134 752680 36 183 24 35 163 54 3 23 53 66 57 59 71 90 5 24 536
370 753640 N 21 50 112 56 53 65 53 213 71 94 24 752214 66 43 62 148 94 56 15 76 54
371 760779 M 55 48 15 32 25 75 37 689 87 148 758785 17 60 44 113 75 189 165 20 33 67
372 767692 E 72 39 567 765477 29 400 23 25 144 75 11 21 58 58 106 107 70 136 31 33 210
373 771402 T 234 27 37 38 39 49 44 93 53 85 8 145 124 42 105 205 769896 62 34 42 40
374 776613 M 53 22 15 20 19 74 36 1843 109 134 773680 12 42 30 67 56 173 146 18 20 44
375 777891 E 47 12 103 775921 34 184 33 25 124 98 0 28 56 45 28 68 16 141 12 16 900
376 780037 S 63 35 27 39 24 79 42 36 36 157 28 44 151 27 88 778116 111 68 22 49 795
377 775861 S 84 120 52 39 62 303 46 188 58 128 18 123 99 33 243 773934 113 73 43 49 53
378 772592 T 236 34 29 48 66 139 40 282 169 124 21 56 159 61 145 164 770567 95 33 37 87
379 775927 L 59 40 24 41 152 147 93 198 54 774039 22 46 289 76 175 152 58 112 20 62 68
380 772139 E 61 66 98 769524 67 230 51 65 190 130 18 38 50 77 128 109 101 177 22 23 914
381 774271 L 126 73 54 54 81 127 75 97 57 771798 240 73 363 114 261 185 123 160 36 76 98
382 774650 R 86 94 75 56 174 469 67 398 404 300 56 84 141 55 771103 356 217 164 31 113 207
383 774431 S 108 121 68 52 77 364 72 812 58 185 25 195 89 35 1254 770457 74 144 39 87 115
384 773357 R 113 64 65 49 65 800 73 99 104 186 1103 57 114 51 769520 337 144 127 166 44 76
385 773283 Y 69 134 26 68 87 96 124 62 36 172 19 100 118 66 128 134 103 108 45 771261 327
386 773361 W 107 1417 24 40 21 192 62 56 24 2897 24 11 102 27 431 135 59 80 767155 19 478
387 772286 A 766069 6 1574 71 23 404 37 61 47 103 44 36 168 37 211 2288 585 423 18 24 57
388 766571 I 47 38 23 37 37 95 14 764651 94 228 396 45 57 67 143 95 155 173 27 59 90
389 768504 R 124 104 103 99 107 574 67 193 202 190 1559 86 89 62 763343 932 185 185 71 63 166
390 765404 T 250 94 78 75 109 250 41 180 86 195 35 253 90 49 286 307 762578 174 64 54 156
391 775554 R 221 104 89 132 160 693 63 705 180 284 63 106 162 76 771435 243 134 245 81 114 264
392 775952 S 187 136 98 116 61 365 95 233 127 172 48 182 242 134 415 772555 223 241 48 123 151
393 782635 G 211 68 43 101 63 777289 61 76 45 135 27 83 88 45 461 157 120 1896 26 29 1611
394 786581 G 181 91 66 314 81 782142 34 64 69 210 20 78 146 26 513 170 106 747 51 60 1412
395 784372 N 249 137 257 143 118 392 196 224 322 400 65 779217 449 123 481 489 336 281 93 185 215
396 784498 T 293 97 89 95 66 282 97 192 79 240 34 220 284 82 272 304 781371 160 52 55 134
397 788898 N 227 66 295 89 79 341 79 113 184 170 44 785802 177 49 307 263 130 196 41 96 150
398 780116 Q 186 100 119 188 120 196 210 245 837 459 45 169 360 775175 438 342 212 238 42 138 297
399 776608 Q 343 115 114 145 219 218 1717 327 367 644 65 226 921 768532 679 628 440 241 38 187 442
400 775914 R 212 162 97 87 193 439 129 190 334 422 2545 136 277 84 768361 1224 388 179 124 132 199
401 780384 A 773469 110 100 1186 95 377 161 225 199 384 50 119 474 145 459 1018 615 828 55 131 184
402 778376 S 237 203 153 103 271 221 178 305 199 462 46 205 465 183 378 773020 348 247 43 852 257
403 780776 A 772868 114 83 939 165 232 143 181 100 326 44 111 388 114 361 2301 547 1378 54 127 200
404 787424 G 368 1722 808 118 192 778304 154 234 110 437 27 150 300 95 454 561 218 2762 86 140 184
405 796702 Q 303 151 153 213 208 418 269 349 1170 595 107 183 417 789607 557 558 341 331 86 235 451
406 787310 I 298 143 140 139 403 266 248 781664 197 616 122 216 456 113 240 548 494 422 59 256 270
407 795109 S 348 197 124 94 164 514 158 1164 106 398 41 382 209 86 1296 788909 297 270 59 133 160
408 798184 I 195 115 98 114 144 227 152 794207 221 478 244 117 89 103 247 339 288 356 46 120 284
409 799232 Q 306 126 158 161 133 240 245 154 208 482 68 138 292 794553 458 375 290 279 87 122 357
410 803880 P 155 62 43 85 54 304 1244 83 73 241 34 45 800178 58 294 240 265 212 77 52 81
411 808372 T 152 21 14 39 5 69 10 47 148 93 334 20 60 40 125 167 806844 60 24 23 77
412 814556 F 93 70 34 49 811597 197 41 125 69 1156 38 34 149 52 195 233 89 94 52 72 117
413 819847 S 156 107 78 98 77 286 77 94 108 471 45 101 481 52 199 814954 245 222 52 39 1905
414 826983 V 338 66 97 165 65 193 56 191 66 424 30 55 115 55 201 191 129 824349 19 61 117
415 829829 Q 80 49 47 89 83 85 1481 68 234 265 31 71 179 825858 352 141 155 139 37 51 334
416 828175 R 134 91 41 74 90 325 69 546 210 218 32 62 174 55 825237 233 172 126 43 52 191
417 838118 N 69 52 188 65 73 177 89 134 141 236 37 835747 147 46 176 247 70 141 48 107 128
418 844337 L 94 55 36 71 162 137 109 642 32 841851 19 45 395 38 157 126 90 123 19 73 63
419 843452 P 198 59 46 55 62 171 5307 75 65 271 20 51 833482 35 200 272 2763 144 28 46 102
420 846505 F 91 45 39 59 844764 161 41 99 57 278 21 35 62 64 185 209 105 34 17 74 65
421 848267 D 160 75 844432 310 57 515 120 51 37 158 31 184 204 62 234 185 115 263 39 962 73
422 846243 R 218 93 72 78 117 635 115 944 257 287 56 85 301 55 841712 331 307 207 48 105 220
423 837016 T 256 53 65 71 114 167 88 253 220 215 20 80 288 83 237 306 834137 156 30 61 116
424 835028 T 244 65 87 83 60 125 70 185 50 256 35 191 225 76 179 281 832489 150 29 71 77
425 828194 I 82 83 74 51 188 130 58 825854 64 203 28 172 134 55 175 221 217 189 22 111 83
426 817980 M 80 58 21 22 87 60 108 1368 169 325 814092 88 162 80 210 207 291 239 67 93 153
427 808100 A 801727 81 75 2890 56 195 81 71 39 195 23 62 191 35 170 898 421 669 49 69 103
428 789942 A 786108 49 86 898 95 136 36 100 54 146 17 57 170 69 122 889 497 260 21 44 88
429 771731 F 107 103 58 102 767843 147 38 238 124 1325 54 80 73 61 276 400 113 244 31 159 155
430 754699 N 231 125 271 108 141 247 88 321 176 347 45 750586 148 121 311 501 258 213 94 159 208
431 735015 G 229 103 74 220 117 725625 72 120 64 316 28 74 209 101 409 271 174 3161 3474 64 110
432 717045 N 135 136 248 69 113 242 144 249 152 351 44 713182 275 101 272 429 269 289 31 159 155
433 704470 T 329 66 45 42 83 139 71 451 218 264 44 77 187 71 214 262 701467 137 52 118 133
434 684956 E 94 45 2954 678635 56 348 49 87 139 199 42 52 86 147 159 159 129 192 35 76 1273
435 668329 G 137 59 32 307 63 660979 67 50 30 177 15 40 137 59 294 166 76 2163 3410 40 28
436 646421 R 183 106 66 38 129 391 96 894 319 348 37 86 368 69 642241 293 219 200 39 98 201
437 625419 T 246 100 72 79 97 115 94 278 220 309 39 97 167 117 308 388 622217 168 33 134 141
438 605963 S 154 111 72 84 225 105 109 149 65 299 31 92 305 84 193 602753 200 165 44 551 172
439 589981 D 174 110 586272 282 97 233 128 101 62 265 12 264 122 48 216 304 181 223 30 735 122
440 569605 M 141 141 74 74 143 173 110 1769 143 300 564452 119 249 111 272 310 363 328 35 112 186
441 549337 R 66 49 36 31 35 379 33 42 267 131 1144 48 80 53 545921 684 98 62 74 31 73
442 527898 T 168 38 30 30 42 64 37 152 34 118 15 128 142 38 108 203 526353 82 25 39 52
443 512189 E 75 53 82 509878 22 184 23 15 540 129 0 14 64 53 114 66 65 119 38 34 621
444 494182 I 85 49 33 47 80 78 52 492684 23 132 49 61 109 51 148 127 119 124 24 46 61
445 472115 I 104 77 50 62 86 79 54 469938 67 203 244 70 117 44 130 204 202 198 33 71 82
446 448667 R 79 50 38 28 54 262 44 53 70 146 1112 39 104 33 445681 496 105 130 46 30 67
447 425531 M 124 54 37 60 65 131 38 485 70 227 423120 39 195 59 204 117 162 199 40 51 54
448 406752 M 71 41 25 22 33 129 10 813 87 160 404628 18 60 51 132 106 88 183 25 31 39
449 380567 E 42 26 55 379254 17 178 30 45 110 70 10 17 46 39 42 64 51 82 6 24 359
450 359033 S 51 54 21 30 19 138 24 60 21 98 12 85 75 21 120 358046 53 50 19 16 20
451 334254 A 332213 46 19 309 28 121 21 40 24 77 17 18 91 22 67 413 263 373 21 22 49
452 313861 R 36 36 18 27 30 157 17 294 79 70 10 10 63 14 312695 92 62 56 24 17 54
453 283678 P 44 15 6 15 20 43 8 17 9 124 5 10 282549 531 72 51 81 54 0 11 13
454 261100 E 24 13 47 260461 10 72 5 23 28 36 5 14 31 13 27 44 21 28 12 11 175
455 228572 D 73 52 227199 57 29 119 50 70 27 108 16 51 77 18 84 106 66 107 23 189 51
456 202061 V 123 38 41 63 61 106 38 81 22 209 49 41 185 32 88 103 82 200589 18 44 48
457 190315 S 87 41 34 31 67 88 22 42 19 123 13 40 112 36 80 189042 76 73 29 231 29
458 257890 F 111 40 67 82 255136 90 79 153 122 777 53 82 121 76 137 257 135 116 25 100 131
459 264871 Q 127 71 81 65 57 104 2003 97 1347 249 54 64 223 258201 1233 239 184 169 8 81 214
460 262641 G 216 81 75 321 58 259173 61 91 72 180 38 73 196 69 138 207 85 1175 146 60 126
461 260256 R 177 83 99 70 65 288 59 101 50 2754 20 50 252 416 254687 172 116 136 422 77 162
462 254462 G 224 101 70 245 92 249002 107 144 68 254 59 66 286 86 613 238 165 411 58 113 2060
463 256225 V 118 16 23 10 95 33 28 189 7 174 9 11 183 11 55 97 109 254980 2 33 42
464 303381 F 196 117 122 109 299586 235 108 246 119 619 75 146 141 141 158 373 209 291 49 146 195
465 312976 E 112 61 360 309975 71 247 52 113 219 194 66 90 82 110 134 213 137 108 35 75 522
466 335464 L 150 99 84 122 160 242 118 526 143 332164 44 89 281 104 288 219 158 195 50 89 139
467 357220 S 12 55 13 5 76 18 38 91 68 482 34 49 145 60 197 354809 71 23 81 56 837
468 371394 D 44 40 369543 131 41 203 38 45 32 68 13 119 45 24 82 125 65 91 35 545 65
469 400779 E 30 20 55 399291 19 96 25 44 327 75 6 38 60 36 56 32 36 79 8 19 427
470 415919 K 26 32 22 106 60 40 53 81 413756 94 42 500 116 50 529 123 94 50 0 50 95
471 433910 A 430740 46 52 626 56 153 51 89 50 203 38 57 151 71 163 502 272 339 34 80 137
472 448762 A 445760 28 37 542 28 57 34 96 37 97 20 48 166 22 34 715 224 707 3 37 70
473 452069 S 66 62 29 40 47 156 68 1116 35 163 11 131 179 53 530 449121 59 59 12 61 71
474 452970 P 50 26 27 13 24 43 16 45 14 209 4 18 449465 1848 90 173 791 27 16 35 36
475 451023 I 62 42 31 58 108 71 45 449631 52 115 23 127 44 48 96 128 114 115 15 55 43
476 448997 V 178 55 57 117 99 130 82 116 112 308 312 106 153 71 166 204 145 446266 43 112 165
477 446526 P 140 43 56 47 70 79 663 94 59 312 42 57 443648 62 154 242 456 92 44 76 90
478 443761 S 112 80 53 41 180 60 63 138 57 248 27 100 183 49 125 441336 163 97 20 487 142
479 441596 F 62 56 38 23 439640 62 54 148 48 363 18 77 144 62 148 174 106 157 25 78 113
480 437397 D 64 32 435826 140 39 132 78 37 33 79 9 103 54 41 49 90 48 107 7 393 36
481 438191 M 37 28 10 8 27 31 33 1399 41 114 435840 44 60 30 63 71 152 139 11 22 31
482 429062 S 30 99 19 22 31 182 20 136 7 57 16 133 15 12 98 428055 41 29 11 29 20
483 434680 N 26 13 68 20 32 39 20 47 57 58 3 434037 15 3 33 90 38 29 3 23 26
484 433372 E 33 33 92 431790 49 94 27 37 80 143 10 23 73 56 85 97 55 98 16 17 464
485 431594 G 78 35 16 64 32 430204 38 25 24 95 13 24 84 32 136 63 29 171 11 19 401
486 431190 S 53 51 25 11 72 32 26 56 13 87 12 20 114 20 53 430252 60 57 23 117 36
487 430271 Y 29 58 49 33 66 75 171 42 61 88 13 40 40 32 64 93 49 63 5 429103 97
488 427478 F 33 25 25 10 426104 70 27 61 38 497 15 32 52 21 71 133 57 57 7 93 50
489 428809 F 66 39 24 38 426829 57 46 92 25 817 19 48 69 46 86 164 63 114 15 72 80
490 427607 G 103 31 40 83 68 424366 26 70 30 104 10 43 50 45 419 135 75 774 17 59 1059
491 428173 D 63 29 426433 97 26 171 59 49 30 47 8 124 67 19 42 113 69 110 14 567 36
492 426443 N 47 31 104 26 22 52 42 92 83 82 22 425333 48 28 78 121 73 43 17 60 39
493 425384 A 423416 17 30 528 30 83 31 38 22 84 5 22 61 33 61 417 200 242 5 27 32
494 422679 E 88 27 1338 419484 52 167 32 52 83 102 21 21 49 59 54 80 69 105 13 26 757
495 415208 E 67 24 137 413365 57 168 21 36 69 94 14 31 77 43 57 96 66 99 13 25 649
496 393881 Y 43 173 33 27 82 52 98 35 14 83 8 56 49 18 68 57 50 42 13 392757 123
497 404274 D 76 35 402674 139 37 231 50 36 18 71 7 189 39 28 62 63 33 125 17 314 30
498 393836 N 76 45 93 48 67 78 52 132 65 187 16 392162 104 34 118 155 86 111 21 117 69
