# nucleotide counts
# upper case indicates nucleotide called by both reads
# lower case indicates nucleotide called by one read with other ambiguous
# N indicates disagreement between reads, or both ambiguous
# POSITION WT COUNTS A T C G a t c g N
1 A 888298 885029 68 4 225 2800 5 3 1 163
2 T 889557 80 885946 127 4 5 3190 1 0 204
3 G 890542 189 1078 57 885516 3 9 2 3350 338
4 G 891071 906 1614 1217 883533 4 11 5 3473 308
5 C 892104 5083 1371 880520 872 30 10 3932 3 283
6 G 892888 1369 970 1231 884812 3 6 3 4205 289
7 T 893845 1150 885856 1205 564 1 4766 7 3 293
8 C 894675 1628 1029 885717 736 4 8 5257 6 290
9 T 895579 1143 886285 1476 683 5 5746 10 4 227
10 C 896502 3457 978 884338 1023 27 4 6199 7 469
11 A 897564 886707 1090 1122 1497 6837 16 12 11 272
12 A 898447 887209 988 1144 1412 7362 20 9 16 287
13 G 898907 889 1932 1032 887352 12 22 12 7420 236
14 G 899748 1204 1392 955 887873 8 18 14 7863 421
15 C 901067 2509 1076 887743 702 26 38 8602 12 359
16 A 901848 888594 963 1201 991 8995 22 44 12 1026
17 C 903154 1168 896 889975 988 43 17 9695 12 360
18 C 904709 2662 953 889258 775 35 7 10618 41 360
19 A 906238 890767 1189 1033 1158 11767 59 17 25 223
20 A 907497 891736 1181 1084 1037 12108 30 51 24 246
21 A 908731 892374 1110 1063 1031 12707 52 26 21 347
22 C 910016 1097 1168 893398 792 15 29 13146 15 356
23 G 911065 1261 1032 940 894102 24 30 46 13348 282
24 A 912973 895838 745 959 828 14354 11 16 14 208
25 T 914512 1061 895620 1434 1069 21 14816 22 20 449
26 C 915793 1385 1185 897000 1021 24 24 14957 13 184
27 T 917600 1190 897948 1230 993 17 15853 19 21 329
28 T 919554 1153 898100 1279 1183 24 17511 42 28 234
29 A 921676 898854 1161 1263 1255 18600 35 45 31 432
30 C 924115 1391 1567 900214 1065 43 95 19530 33 177
31 G 925469 1305 2049 875 900719 26 67 30 20149 249
32 A 927603 903371 881 1088 968 20792 34 32 35 402
33 A 929590 905324 757 975 922 21245 30 29 29 279
34 C 932107 853 721 907546 487 22 25 22076 16 361
35 A 935169 909417 674 659 508 23651 31 22 15 192
36 G 936300 630 1044 616 910302 25 49 21 23371 242
37 A 938489 912066 685 714 885 23687 26 28 25 373
38 T 940942 865 913637 821 694 27 24621 31 25 221
39 G 942318 934 1745 918 914570 31 89 31 23771 229
40 G 944538 680 1444 866 917100 24 51 31 24127 215
41 A 947220 918591 775 760 1078 25454 51 25 47 439
42 G 949381 727 1437 885 920350 32 51 39 25548 312
43 A 951747 923258 588 897 789 25778 41 43 25 328
44 C 954796 942 591 925424 608 37 38 26781 19 356
45 T 958671 782 927789 983 544 32 28072 44 22 403
46 G 961231 1193 1782 996 927731 39 108 49 29139 194
47 A 963621 930881 939 1059 1031 29238 50 55 39 329
48 T 966632 992 933163 1028 844 39 30271 63 36 196
49 G 968410 1526 3313 1524 932254 63 186 68 29272 204
50 G 970578 1388 2820 1579 935961 58 116 74 28319 263
51 A 973068 938406 1315 1719 1590 29355 118 88 72 405
52 G 975340 1508 1884 1568 940147 93 87 70 29648 335
53 A 978602 943455 994 1715 872 30820 52 92 43 559
54 A 980887 944350 1090 1612 1023 32336 66 94 43 273
55 C 984050 1019 1254 946451 734 45 76 34285 23 163
56 G 987433 1407 4637 1052 943681 57 207 68 36035 289
57 C 990741 2470 806 947278 673 123 41 38970 53 327
58 C 996225 3236 1082 946616 884 166 92 43867 38 244
59 A 1001256 949635 896 1258 1266 47738 99 84 67 213
60 G 1003249 988 1683 1211 950994 61 137 77 47922 176
61 A 1006181 950363 873 1116 898 52511 68 74 79 199
62 A 1009275 947798 965 1031 862 58219 69 73 64 194
63 T 1013751 886 945906 1095 798 79 64587 101 67 232
64 G 1018372 1043 2814 991 937585 112 279 107 75210 231
65 C 1024208 1657 1286 932907 659 165 165 86847 87 435
66 C 1029911 2188 888 925557 632 273 120 100010 77 166
67 A 1033936 917929 1235 1434 1017 111197 133 214 159 618
68 C 1039077 1345 1128 914277 930 223 160 120586 142 286
69 T 1044331 1130 915639 1776 983 158 124017 265 137 226
70 G 1049438 1536 2387 1378 908284 233 424 257 134658 281
71 A 1054440 899863 1491 1266 1157 149589 341 240 187 306
72 A 1057794 889718 1315 1618 997 162999 288 348 218 293
73 A 1060656 873815 900 952 817 183043 264 242 224 399
74 T 1064469 861 859225 899 618 272 201826 252 197 319
75 C 1068701 1743 957 843508 694 546 327 220307 254 365
76 A 1072087 831669 810 730 954 236826 353 207 332 206
77 G 1070384 877 1623 670 817804 339 629 262 247782 398
78 A 1070357 807048 763 812 572 259861 409 304 228 360
79 G 1066797 823 1212 550 792949 383 481 322 269806 271
80 C 1065550 1367 770 784884 549 657 431 276499 256 137
81 A 1063287 773867 421 615 572 286592 244 374 298 304
82 T 1060237 799 760194 705 566 448 296167 462 315 581
83 C 1058265 1322 709 750155 545 786 559 303703 271 215
84 C 1065238 2520 1000 741162 588 1553 589 317249 327 250
85 G 1060512 1033 774 694 736411 884 694 498 319299 225
86 T 1050876 646 724221 704 742 418 322597 402 683 463
87 C 1042916 1898 1068 709011 641 998 689 327802 630 179
88 G 1027303 1083 2251 516 704988 665 1032 521 316009 238
89 G 1013556 641 1177 582 690552 461 624 291 318994 234
90 A 1004375 680053 519 537 527 321463 372 284 443 177
91 A 995192 669049 482 624 574 322953 415 424 320 351
92 A 986685 654952 519 483 523 328956 354 329 333 236
93 A 975073 644452 471 539 482 327963 343 334 315 174
94 A 965378 630626 732 725 662 330391 1001 459 538 244
95 T 957999 735 617198 798 625 597 336262 568 957 259
96 G 945345 753 1039 682 607598 965 854 493 332796 165
97 A 933286 597938 482 532 449 332140 762 351 451 181
98 T 923163 582 580678 444 461 525 339582 325 355 211
99 T 914651 580 570422 495 357 455 341154 359 662 167
100 G 906055 549 1126 401 565848 554 1069 241 336123 144
101 G 895058 553 460 361 559784 488 670 389 332202 151
102 T 884165 473 561054 495 388 704 318947 418 830 856
103 G 883682 642 1690 335 564718 690 1105 214 314059 229
104 G 869476 397 887 357 554260 600 660 277 311865 173
105 A 858233 547318 262 349 301 308866 235 237 432 233
106 A 470050 375718 124 244 151 93440 83 85 71 134
107 T 466867 185 377844 224 103 76 88172 84 42 137
108 T 468277 183 379031 217 139 64 88365 79 56 143
109 G 469519 207 879 165 382779 70 305 53 84938 123
110 G 467799 199 436 217 387638 53 123 64 78945 124
111 A 467212 389451 170 234 254 76719 57 70 66 191
112 C 471407 274 344 392854 137 62 110 77453 48 125
113 G 475291 372 437 274 396453 95 138 80 77333 109
114 A 476858 400816 211 244 159 75111 58 79 40 140
115 T 480921 431 401219 510 372 95 77977 107 78 132
116 T 484093 461 403549 452 439 84 78779 103 106 120
117 C 486323 798 444 409028 327 166 99 75291 67 103
118 T 493794 429 415417 399 306 100 76835 87 73 148
119 A 499282 420909 400 252 440 76815 110 70 115 171
120 C 505743 493 477 426898 326 111 141 77091 76 130
121 A 512650 431104 368 405 319 80098 84 101 54 117
122 T 517954 448 436955 476 283 122 79365 102 49 154
123 C 523760 852 386 443664 337 161 99 78037 70 154
124 C 531141 1482 415 447957 326 229 96 80429 54 153
125 A 538307 453906 417 470 406 82692 86 124 76 130
126 A 542295 458538 387 462 359 82093 96 107 78 175
127 A 548252 466032 361 427 359 80642 91 98 78 164
128 T 553634 441 473364 465 361 102 78582 112 70 137
129 G 556478 486 435 484 479834 109 127 100 74747 156
130 T 562874 350 486890 464 247 78 74445 98 57 245
131 G 568273 578 820 359 493262 124 186 73 72725 146
132 C 575351 738 797 496868 253 148 165 76171 58 153
133 A 582514 505773 253 312 325 75367 62 96 64 262
134 C 587798 323 359 511258 253 70 90 75229 32 184
135 C 592756 1656 573 515416 248 267 160 74184 62 190
136 G 598924 989 954 454 521992 173 223 104 73870 165
137 A 605867 528839 428 449 390 75287 95 113 86 180
138 A 611078 534324 411 463 409 74885 115 123 98 250
139 C 617066 479 421 541664 269 104 51 73897 37 144
140 T 624565 402 548719 523 298 65 74270 78 59 151
141 C 631073 2135 355 552490 305 309 93 75133 74 179
142 A 636290 557301 461 461 515 77043 117 101 85 206
143 A 642479 562439 502 371 412 78342 77 101 72 163
144 A 647443 564477 536 339 348 81221 112 65 63 282
145 C 653064 779 545 569402 527 123 108 81371 80 129
146 T 659384 770 572328 848 546 134 84344 137 87 190
147 C 665031 2632 674 576445 494 360 126 84016 103 181
148 A 670221 583992 895 891 948 82845 174 143 147 186
149 G 674160 875 940 884 589224 148 182 156 81603 148
150 T 679893 941 594881 804 840 178 81516 152 146 435
151 G 685258 555 976 432 601825 100 186 85 80942 157
152 A 690220 607952 543 431 463 80363 111 93 79 185
153 T 695030 504 611727 552 355 104 81398 97 73 220
154 T 702371 610 616287 577 482 132 83875 99 83 226
155 A 708585 623569 589 646 514 82753 106 126 72 210
156 T 714173 632 629279 813 427 103 82551 138 69 161
157 G 718321 557 2037 516 635673 105 303 85 78864 181
158 A 723592 642982 442 542 694 78338 196 76 118 204
159 G 726388 824 2286 507 645319 126 368 82 76664 212
160 G 729292 642 2132 757 649695 114 296 104 75299 253
161 G 733143 733 856 704 656461 101 141 99 73795 253
162 A 737745 661506 505 645 525 73953 126 113 90 282
163 C 742950 691 901 663902 383 158 152 76486 97 180
164 G 748446 825 1535 640 663312 188 290 149 81309 198
165 G 750535 584 616 672 668678 91 106 119 79466 203
166 T 755481 568 672532 764 481 81 80392 99 123 441
167 T 762005 588 675407 689 527 97 84275 107 96 219
168 G 764598 620 656 626 678573 119 196 115 83537 156
169 A 769892 683500 599 653 442 84110 107 112 135 234
170 T 774270 596 687444 687 517 173 84440 139 81 193
171 C 780188 752 562 693921 516 160 187 83769 67 254
172 C 786074 1200 710 695458 572 231 146 87415 94 248
173 A 791401 699304 568 910 668 89306 96 223 102 224
174 A 794152 698947 642 596 591 92811 116 95 90 264
175 A 798082 699023 729 675 677 96313 142 111 139 273
176 A 801259 700651 717 660 681 97812 149 186 109 294
177 C 804917 803 849 703025 501 256 177 98996 102 208
178 A 806778 706225 383 368 462 98739 120 100 150 231
179 G 807590 428 1215 376 709021 91 243 168 95849 199
180 C 810471 1037 445 708380 397 190 161 99563 105 193
181 T 816849 485 711532 594 403 98 103258 112 103 264
182 T 822362 581 717856 542 417 165 102341 124 90 246
183 A 826538 720581 580 539 451 103805 122 125 77 258
184 A 830999 724306 534 746 560 104172 116 165 101 299
185 C 835374 624 497 727518 526 202 99 105598 109 201
186 A 841127 731660 476 682 592 107156 103 132 102 224
187 A 841611 734814 474 461 434 104882 90 79 123 254
188 T 845714 496 739754 540 408 112 104001 139 77 187
189 A 850636 743648 459 454 674 104856 144 84 119 198
190 G 852124 677 1593 718 746267 134 277 124 102116 218
191 A 854972 749025 679 746 619 103270 165 112 133 223
192 G 857393 796 1589 773 753094 152 223 119 100432 215
193 A 861515 754581 620 508 594 104601 159 87 107 258
194 G 862602 708 1241 577 754108 135 212 107 105256 258
195 A 864729 757784 648 461 433 104844 114 79 114 252
196 A 867853 763484 310 143 249 103269 55 35 58 250
197 T 871363 272 764034 337 178 87 106047 62 36 310
198 G 870629 353 1390 262 763001 73 281 73 104863 333
199 G 872791 236 204 100 762297 102 71 27 109475 279
200 T 875858 205 762348 189 177 65 111791 44 125 914
201 G 880508 431 687 113 763147 114 156 89 115559 212
202 C 884762 1117 506 763971 294 209 170 118189 71 235
203 T 890944 376 764454 655 270 158 124601 119 54 257
204 C 895724 1821 434 766970 359 329 117 125400 56 238
205 T 899382 627 763267 832 529 180 133311 281 111 244
206 C 901066 1972 479 760711 575 382 103 136518 136 190
207 T 904734 657 759787 865 477 191 142241 184 95 237
208 G 901952 616 1175 288 757178 216 286 62 141937 194
209 C 904317 934 335 754454 341 200 177 147600 87 189
210 T 910573 330 754969 497 242 107 153952 130 86 260
211 T 913094 573 753805 518 413 146 157011 141 182 305
212 T 915419 455 754260 565 413 151 159073 153 91 258
213 T 916785 496 749250 582 446 152 165311 154 147 247
214 G 913195 404 1002 418 747973 208 296 128 162549 217
215 A 910018 746909 370 358 601 161121 116 163 149 231
216 C 911439 417 918 747215 346 172 388 161567 184 232
217 G 913444 694 1096 373 748409 293 333 167 161874 205
218 A 914991 753860 448 356 425 159179 195 104 141 283
219 A 915829 754268 548 302 434 159587 210 78 129 273
220 A 915355 758365 245 370 401 155334 191 92 131 226
221 G 912124 355 1999 373 760331 117 517 98 148100 234
222 G 911307 428 1409 223 765366 159 317 70 143124 211
223 A 910039 766260 303 425 429 142049 106 95 121 251
224 G 908153 416 756 469 766260 130 159 109 139632 222
225 A 906401 767007 322 365 406 137728 90 87 108 288
226 A 903037 765508 363 310 333 135995 84 62 98 284
227 A 903818 764851 349 346 331 137463 86 71 76 245
228 T 903750 372 766364 386 232 99 135905 81 66 245
229 A 904781 764249 416 394 508 138609 119 98 127 261
230 A 904436 766513 414 438 406 136110 115 100 97 243
231 A 903369 769494 333 484 340 132188 105 123 71 231
232 T 902792 554 768480 617 424 156 132064 140 100 257
233 A 903669 773442 451 536 630 127092 136 142 153 1087
234 C 901887 641 556 777153 512 155 129 122351 121 269
235 C 904804 2029 621 778921 559 384 130 121824 109 227
236 T 907411 722 774491 831 473 158 130174 182 103 277
237 T 906469 710 772078 717 524 214 131695 145 102 284
238 G 905099 939 1650 950 770430 231 432 190 130056 221
239 A 905291 768447 994 939 858 133207 195 195 206 250
240 A 904505 766420 963 1010 930 134229 267 212 222 252
241 G 903313 794 1314 877 767261 236 284 164 132187 196
242 A 903259 767068 776 800 731 133094 221 151 158 260
243 A 903408 767121 776 896 666 133125 158 229 152 285
244 C 905555 584 577 768455 441 179 160 134856 91 212
245 A 909991 767615 438 485 523 140358 117 117 110 228
246 T 910541 600 765701 555 472 149 142577 99 114 274
247 C 911332 1684 852 762699 601 320 236 144566 136 238
248 C 914027 3413 759 761146 530 708 165 146901 119 286
249 C 919908 6001 766 761340 687 1229 183 149323 122 257
250 A 923760 769358 662 472 697 151877 136 150 158 250
251 G 921752 649 681 497 773041 164 165 117 146214 224
252 T 918321 593 776126 760 381 134 139604 157 178 388
253 G 914633 487 1885 486 773017 99 376 98 137974 211
254 C 912574 1271 950 774145 339 232 331 134906 166 234
255 G 909373 1278 4143 476 771468 237 783 172 130603 213
256 G 906973 609 4300 561 767366 96 799 109 132869 264
257 G 903847 903 3053 581 767758 188 564 98 130424 278
258 G 900777 730 1306 619 768012 207 253 108 129276 266
259 A 900453 769413 552 589 689 128475 115 129 204 287
260 A 900131 773260 552 637 734 124030 367 95 177 279
261 A 899591 774301 531 688 827 122226 164 117 470 267
262 G 894993 885 992 1041 772851 251 434 220 118110 209
263 A 893765 774297 1024 928 709 115763 494 151 155 244
264 T 891994 968 775887 938 780 199 112439 399 127 257
265 C 889090 1371 1067 772337 1065 249 432 112108 215 246
266 C 891031 2023 1072 770456 1059 425 412 115153 205 226
267 T 895537 1259 771972 1219 1107 341 118827 407 186 219
268 A 893540 770603 1056 756 1237 119087 206 146 193 256
269 A 891452 772496 1078 1089 956 115008 186 170 210 259
270 G 888391 1026 1341 875 773135 244 240 143 111124 263
271 A 887453 772217 889 902 698 112030 127 145 201 244
272 A 886493 769014 774 931 797 114267 161 135 138 276
273 A 884319 768124 878 794 701 113151 154 117 122 278
274 A 881085 767742 350 433 307 111693 66 84 82 328
275 C 880705 412 365 768062 321 131 82 111055 60 217
276 T 881867 337 767566 551 291 73 112632 121 64 232
277 G 878836 678 1886 424 766121 138 398 90 108841 260
278 G 877857 530 978 486 767448 170 203 107 107716 219
279 A 880431 769225 492 525 804 108680 160 112 221 212
280 G 878133 547 1168 401 768426 146 250 70 106882 243
281 G 877320 429 861 367 768542 88 216 98 106437 282
282 A 875265 767491 343 357 422 105823 140 67 111 511
283 C 873896 428 264 765678 188 79 97 106813 64 285
284 C 874489 1501 266 763180 211 264 98 108675 54 240
285 T 875625 303 761140 629 242 97 112747 163 62 242
286 A 873950 759113 559 478 445 112792 131 91 92 249
287 T 872017 575 757289 449 534 121 112628 88 92 241
288 A 871033 757330 562 406 532 111713 94 104 84 208
289 T 870993 450 755485 485 328 107 113740 109 69 220
290 A 869183 753924 380 510 404 113391 95 89 87 303
291 C 867130 556 629 754564 325 134 139 110501 71 211
292 A 867208 751540 413 610 680 113393 126 100 121 225
293 G 866084 517 2070 493 748677 107 385 107 113500 228
294 G 865029 509 1715 528 747653 108 293 100 113905 218
295 A 864910 746428 426 708 519 116250 122 119 124 214
296 G 860458 564 2072 655 742258 111 340 136 114109 213
297 A 859140 743278 410 664 408 113855 104 123 89 209
298 G 857215 592 390 620 742632 122 99 108 112434 218
299 T 857982 331 743301 675 309 185 111619 139 123 1300
300 A 858550 743441 333 563 437 113267 78 111 89 231
301 A 859387 743801 211 368 282 114299 54 60 50 262
302 A 859705 743228 273 341 224 115200 58 74 53 254
303 C 859843 385 731 742554 169 97 170 115455 53 229
304 G 860351 727 1841 506 739634 129 336 96 116821 261
305 G 858843 341 929 502 740991 82 183 81 115526 208
306 A 858848 741292 307 491 268 116016 71 85 70 248
307 A 860986 742084 362 590 340 117087 69 94 74 286
308 A 859927 741149 396 502 386 117011 66 79 82 256
309 G 859528 472 468 499 740216 72 107 78 117420 196
310 T 860903 434 740080 616 217 145 118379 124 153 755
311 G 859220 613 1573 542 735816 118 330 88 119874 266
312 G 855459 465 863 525 733816 105 189 97 119165 234
313 A 855454 735236 303 428 395 118596 68 97 92 239
314 T 854904 345 737170 514 213 83 116124 114 57 284
315 G 853991 442 1752 382 738456 119 293 92 112259 196
316 A 853644 738046 342 420 472 113845 141 72 92 214
317 G 849059 490 1054 571 732367 108 182 112 113973 202
318 A 850131 732653 298 484 386 115827 102 97 70 214
319 G 846565 295 565 82 733207 65 136 33 111986 196
320 A 846560 731394 91 75 190 114436 49 32 48 245
321 A 843686 730249 97 60 220 112536 63 31 50 380
322 C 840351 214 295 730449 129 57 63 108929 25 190
323 T 841681 274 727365 398 145 82 113055 84 40 238
324 C 841969 2008 264 723886 188 379 65 114910 57 212
325 A 842372 724856 177 189 356 116417 49 48 63 217
326 T 842582 255 723149 269 186 78 118297 68 60 220
327 C 843202 844 174 718475 141 198 59 123060 39 212
328 C 845487 2332 126 714773 108 501 56 127304 34 253
329 T 846662 98 716377 225 85 145 129358 73 29 272
330 T 845510 114 712677 148 95 52 132005 102 28 289
331 T 841571 119 710256 304 117 46 130385 86 34 224
332 A 836700 706810 144 217 172 128970 90 56 41 200
333 T 834148 192 706229 253 113 64 127002 63 36 196
334 G 829683 388 829 361 702077 103 228 127 125399 171
335 A 827452 700709 371 351 510 124903 99 114 119 276
336 C 827537 417 365 697310 301 162 100 128582 97 203
337 A 830857 694735 313 378 370 134554 114 92 83 218
338 A 828697 692543 309 370 325 134624 95 83 90 258
339 A 829857 690899 332 422 325 137285 147 108 78 261
340 G 829269 307 646 377 691522 189 152 83 135811 182
341 A 829600 692360 275 387 301 135729 80 94 153 221
342 A 829999 693022 291 399 272 135482 76 160 86 211
343 G 826011 458 784 404 695241 208 178 96 128459 183
344 A 824698 691263 341 378 444 131644 108 94 163 263
345 A 822006 687489 419 262 460 132821 126 78 105 246
346 A 820228 686053 562 654 463 131816 133 144 177 226
347 T 818775 652 680229 755 400 206 136021 168 126 218
348 A 824023 681879 500 720 625 139620 142 188 148 201
349 A 825322 682730 509 582 572 140230 172 143 146 238
350 G 822397 562 1197 533 684278 200 285 112 134999 231
351 G 818450 543 924 589 683540 152 193 157 132131 221
352 C 817440 1557 595 683290 327 358 221 130723 144 225
353 G 816430 668 1149 480 681462 224 264 117 131863 203
354 A 815948 682913 343 417 352 131358 143 96 94 232
355 A 814441 679560 278 223 294 133623 101 51 119 192
356 T 814233 301 679077 346 215 117 133776 96 66 239
357 C 813044 791 293 679328 218 181 97 131866 95 175
358 T 816945 404 679532 550 481 148 135343 125 116 246
359 G 812997 566 1338 387 678796 103 266 94 131238 209
360 G 806805 390 1090 380 676799 98 225 99 127518 206
361 C 808318 4105 655 674697 444 818 169 127089 113 228
362 G 806518 839 2886 676 676354 181 604 144 124630 204
363 C 804614 1174 392 680219 396 237 89 121795 87 225
364 C 808749 2008 830 678566 873 408 172 125495 174 223
365 A 810557 674245 671 992 960 132832 173 231 192 261
366 A 808810 670195 772 896 861 135240 197 200 187 262
367 G 805590 1003 1132 848 673039 231 263 208 128677 189
368 C 801836 1711 678 675042 1047 384 176 122358 217 223
369 T 801194 791 677278 1304 977 187 120030 287 179 161
370 A 800826 675917 722 676 764 121959 213 173 172 230
371 A 803504 676736 686 728 679 123918 155 182 158 262
372 T 805184 767 679475 703 692 227 122809 163 164 184
373 A 806275 680361 1134 1043 962 121785 282 269 245 194
374 A 806468 678996 1052 1137 974 123374 269 265 201 200
375 T 807314 1307 677108 995 1065 329 125826 252 215 217
376 G 807394 1385 1835 1083 674611 326 480 220 127260 194
377 G 804930 1281 1025 1238 675228 303 286 302 125051 216
378 T 804540 1269 676506 1293 1205 351 122627 304 309 676
379 G 804695 1244 1425 1043 678017 313 335 222 121903 193
380 A 804164 679999 921 928 944 120449 218 220 204 281
381 C 803863 1092 1682 679890 812 271 443 119290 186 197
382 G 806581 1072 1057 599 681751 284 283 164 121191 180
383 A 805099 685218 575 812 601 117248 137 189 124 195
384 T 805147 631 684065 931 570 152 118209 203 152 234
385 G 802824 1090 1174 898 682522 251 246 155 116313 175
386 C 803070 1545 1240 683282 688 319 255 115424 137 180
387 A 803942 686973 633 979 823 113836 140 176 138 244
388 A 804302 690190 568 911 666 111218 116 206 133 294
389 C 804359 998 1000 690821 621 244 278 110075 119 203
390 G 804588 1292 1535 854 688725 289 270 160 111258 205
391 G 806623 1113 1323 721 691822 240 267 128 110834 175
392 C 806477 4643 811 685482 822 779 170 113427 153 190
393 T 809110 936 689137 935 752 205 116615 188 151 191
394 G 805702 955 1512 795 687147 200 330 132 114424 207
395 G 801478 823 761 803 686222 176 143 160 112165 225
396 T 801121 737 681752 1062 689 164 110535 231 1443 4508
397 C 802214 1472 732 685605 625 259 177 113016 119 209
398 T 804539 750 684756 1074 682 195 116426 228 125 303
399 G 800690 937 1200 730 684572 199 278 134 112356 284
400 A 801373 687239 894 857 914 110427 204 161 203 474
401 C 803907 1169 894 687592 749 254 162 112609 121 357
402 T 807935 1023 687874 1013 819 236 116193 243 151 383
403 C 810445 3186 980 685832 873 665 259 118221 197 232
404 A 811972 689828 987 864 841 118233 213 265 208 533
405 C 814019 1102 929 693640 862 274 253 116498 179 282
406 A 818256 695055 1146 824 914 119407 226 204 208 272
407 T 820517 1042 697462 949 885 271 119167 205 178 358
408 G 819160 1012 1462 818 703873 245 387 159 110931 273
409 A 819674 708009 590 601 627 109149 127 104 129 338
410 T 820405 739 706216 670 513 233 111308 132 99 495
411 G 819821 639 758 597 707429 159 201 108 109670 260
412 A 821872 710525 449 440 333 109467 107 109 97 345
413 T 822309 481 713778 539 378 154 106343 108 87 441
414 C 823021 700 425 711914 318 160 128 108950 96 330
415 T 826693 398 712880 688 303 128 111786 158 66 286
416 G 822867 551 1195 335 712769 133 336 62 107095 391
417 G 819840 614 837 337 715080 81 178 74 102417 222
418 C 820790 2603 624 713540 464 433 148 102496 125 357
419 A 822510 716253 588 527 446 104007 102 127 116 344
420 T 823329 558 716810 521 499 130 104283 108 100 320
421 T 823788 583 718387 507 448 146 103232 126 114 245
422 C 823682 1477 519 718638 446 316 170 101608 110 398
423 C 823852 2795 466 715149 392 454 142 104104 107 243
424 A 825893 716746 498 473 426 107089 123 136 102 300
425 A 824622 717062 487 395 447 105650 131 97 98 255
426 T 823243 507 718380 394 394 128 102987 82 77 294
427 T 826021 367 719689 386 306 80 104780 88 66 259
428 T 827295 404 719125 395 376 80 106468 87 90 270
429 G 825659 476 1110 382 717930 102 385 123 104703 448
430 A 827257 720499 367 359 509 104809 107 90 119 398
431 A 826944 719263 449 363 488 105865 91 76 108 241
432 T 826877 469 716641 416 297 130 108436 91 60 337
433 G 824944 547 867 512 717127 149 288 106 105089 259
434 A 824415 718316 509 434 536 103973 131 108 117 291
435 T 823455 523 716931 576 488 153 104302 114 110 258
436 G 823467 819 560 322 715197 194 127 77 105922 249
437 C 823952 1090 592 713430 258 278 117 107830 96 261
438 A 827335 715450 239 325 360 110353 57 134 66 351
439 A 826535 714822 360 539 536 109559 118 112 116 373
440 C 826383 502 391 714024 498 142 147 110247 116 316
441 T 827399 758 712022 555 438 163 112897 113 131 322
442 T 825736 512 709924 690 347 95 113644 209 70 245
443 A 826676 711253 427 533 428 113376 125 169 89 276
444 T 829115 552 711195 889 376 128 115422 156 129 268
445 C 830030 983 507 711024 392 264 111 116306 195 248
446 A 836182 712264 515 379 821 121403 227 107 184 282
447 G 836605 405 1909 479 713578 147 395 102 119295 295
448 A 838178 709715 334 434 742 126191 120 207 168 267
449 G 835908 634 1760 566 706690 175 439 120 125218 306
450 G 831539 393 1133 435 706509 209 234 109 122296 221
451 A 829464 703511 805 786 748 122336 177 176 213 712
452 C 829192 895 734 704934 637 255 164 121111 138 324
453 A 831950 706380 778 775 763 122494 201 150 144 265
454 A 828355 705113 796 1005 884 119632 226 235 187 277
455 G 828989 921 1234 972 704419 839 276 244 118531 1553
456 A 828111 709633 671 1012 813 115166 162 234 160 260
457 G 824873 648 1028 534 713221 167 194 106 108742 233
458 C 826671 1200 536 711874 466 262 128 111834 100 271
459 T 831368 564 713720 627 475 138 115284 164 87 309
460 C 831789 1518 637 714133 650 283 162 113946 133 327
461 T 832400 763 717642 729 585 190 111975 137 96 283
462 T 836468 809 716506 778 519 176 117157 155 135 233
463 G 835905 914 854 976 714630 202 352 182 117395 400
464 T 835590 887 711780 880 886 188 120193 201 159 416
465 T 837792 867 710260 674 977 201 124067 271 180 295
466 C 836853 1779 1231 709012 842 403 330 122731 171 354
467 G 840015 1448 1392 1063 711757 362 377 220 123121 275
468 C 840761 1631 939 719013 767 311 199 117531 166 204
469 A 842898 719883 718 756 842 119036 298 280 184 901
470 C 844518 876 739 718520 764 246 145 122721 262 245
471 C 848208 2852 1329 715030 589 670 286 127051 154 247
472 G 853093 1845 2980 979 712952 449 736 241 132624 287
473 G 850947 1076 1705 988 716081 330 411 209 129913 234
474 A 851643 717118 967 1216 892 130300 225 312 231 382
475 A 850502 717493 1065 1012 715 129336 240 205 189 247
476 T 852674 1060 717727 1033 766 297 131059 194 224 314
477 G 850973 1291 1389 941 717459 270 449 209 128686 279
478 G 849859 1168 1286 1107 721317 241 294 244 123949 253
479 A 851584 724409 911 1167 1079 122959 211 258 253 337
480 T 854449 1232 727297 1078 1044 283 122655 254 215 391
481 C 855410 1320 929 727601 867 307 254 123698 169 265
482 C 859592 1957 913 731473 866 400 174 123320 210 279
483 C 861950 6267 1147 726739 784 1240 254 125090 189 240
484 A 867853 733578 1358 1314 1538 128791 330 273 338 333
485 G 868170 1737 3100 1022 733561 383 594 246 127284 243
486 G 868236 1653 1950 1013 737416 364 407 241 124966 226
487 A 868275 741866 939 711 972 122750 222 157 263 395
488 T 870355 1043 742657 683 995 232 124039 187 228 291
489 G 870151 1120 1046 733 743372 233 282 169 122948 248
490 T 871839 806 742902 651 644 184 125451 150 294 757
491 G 872282 1177 1264 674 743246 250 285 144 124995 247
492 C 874174 1293 796 742456 655 276 165 128130 158 245
493 T 880816 893 742428 834 835 227 134948 177 188 286
494 C 885152 2565 811 741277 814 594 217 138418 195 261
495 T 888369 1035 746002 639 750 343 139010 159 156 275
496 C 890272 2372 781 744577 613 548 199 140801 152 229
497 T 894261 908 747452 855 541 350 143481 222 171 281
498 G 890376 1139 1463 611 750420 342 379 159 135647 216
499 A 891084 754263 940 839 741 133451 193 172 208 277
500 T 893779 960 756322 993 751 213 133898 198 197 247
501 G 895226 1362 1380 769 753882 335 318 194 136747 239
502 C 895957 1841 722 756407 589 418 198 135403 159 220
503 A 897506 758199 739 730 905 136071 187 159 207 309
504 A 896201 759751 747 711 1054 133056 201 155 228 298
505 G 893635 774 1623 493 759259 198 355 137 130596 200
506 G 894138 725 783 517 759957 216 209 157 131319 255
507 T 894510 533 760308 694 629 158 129935 198 608 1447
508 T 892534 637 762976 909 674 147 126552 236 138 265
509 C 893619 1710 806 763923 650 349 227 125619 146 189
510 A 898616 765555 650 758 1214 129606 151 180 203 299
511 A 897309 766755 448 622 269 128219 124 205 120 547
512 C 898170 391 528 771138 348 167 139 125126 86 247
513 T 901593 361 769240 547 389 114 130174 234 114 420
514 C 900929 2487 784 766188 647 464 163 129831 139 226
515 T 902943 759 766248 852 832 234 133277 215 158 368
516 C 904088 2228 1015 765178 763 455 214 133802 165 268
517 C 907861 3949 1386 762737 1154 773 273 137055 250 284
518 C 911291 5895 1348 764841 1194 1204 338 136004 220 247
519 T 914065 1402 769624 1213 1140 395 139510 304 221 256
520 A 914373 766562 1141 1155 869 143632 290 289 199 236
521 G 912147 968 2615 889 764759 215 556 225 141687 233
522 G 912730 1015 1767 970 768562 220 352 208 139408 228
523 A 911752 768964 629 679 652 140001 138 135 219 335
524 G 912955 696 1664 767 768370 165 301 156 140576 260
525 G 911700 587 658 673 772498 142 158 140 136638 206
526 T 913870 673 769859 873 582 167 139224 247 823 1422
527 C 915900 1355 576 771986 644 312 169 140484 137 237
528 T 919995 841 777138 1674 530 228 138869 357 126 232
529 G 919086 1036 2158 1011 778514 222 479 160 135250 256
530 G 919744 1076 1840 733 782928 222 314 142 132264 225
531 A 920633 787483 736 993 1081 129482 128 179 230 321
532 G 918768 1092 3598 774 785928 192 662 152 126137 233
533 C 920852 1759 1012 791221 905 321 198 124965 187 284
534 C 924689 2713 1479 795420 706 417 272 123238 150 294
535 G 927876 1565 1419 569 800618 352 331 175 122543 304
536 C 930502 2275 669 797234 555 436 206 128754 127 246
537 A 933862 797503 709 710 1618 132409 207 159 278 269
538 G 931967 704 1906 775 798550 161 361 151 129117 242
539 G 930264 765 970 813 797995 168 199 153 128943 258
540 T 931144 911 795606 1079 553 209 131270 250 202 1064
541 G 931325 1199 1765 910 794056 265 395 198 132349 188
542 C 932772 1666 1099 795397 930 350 240 132622 222 246
543 T 934844 835 800223 1399 1044 198 130409 266 209 261
544 G 937632 1281 1480 775 799141 311 330 175 133937 202
545 C 940433 1647 1355 798300 815 360 338 137185 193 240
546 A 942562 801210 722 1023 906 137804 183 228 209 277
547 G 941816 512 832 741 801877 128 209 181 137122 214
548 T 942633 652 803234 713 518 194 136721 174 129 298
549 C 944621 1156 653 806936 591 284 154 134461 131 255
550 A 945742 809314 848 749 1003 132939 191 217 190 291
551 A 948018 814752 984 805 829 129754 243 164 181 306
552 A 948071 819592 985 966 1052 124562 208 231 208 267
553 G 949904 857 2462 793 815823 226 627 211 128656 249
554 G 949263 743 2266 777 815826 202 607 195 128395 252
555 A 950954 819462 836 823 787 128078 173 190 322 283
556 G 949051 722 738 763 820353 163 171 147 125783 211
557 T 948791 583 821681 896 534 239 123943 178 174 563
558 T 953009 615 827607 1114 586 195 122221 211 165 295
559 G 952623 630 2727 524 827408 182 614 122 120139 277
560 G 951770 597 1596 547 831092 154 270 118 117144 252
561 A 953640 833247 550 549 823 117732 122 140 163 314
562 A 954459 831384 582 820 641 120248 123 171 145 345
563 C 955953 694 615 834070 565 168 156 119329 89 267
564 A 956140 835530 605 769 656 117852 128 140 144 316
565 A 955622 837092 678 693 622 115850 145 133 121 288
566 T 958846 809 840512 662 504 181 115709 130 117 222
567 G 957735 805 1787 637 841970 158 301 152 111700 225
568 G 955409 547 617 554 842637 130 131 122 110421 250
569 T 955571 578 839660 686 467 130 111889 127 251 1783
570 G 954583 673 1226 669 842086 126 227 151 109192 233
571 A 953814 841519 496 593 476 110129 94 124 98 285
572 T 953432 466 841520 739 377 92 109797 130 77 234
573 G 954930 606 2236 519 840919 169 354 89 109761 277
574 G 953886 437 1263 385 839291 108 198 100 111861 243
575 A 953561 837024 348 365 522 114705 68 77 101 351
576 A 952376 840163 353 383 484 110449 65 83 82 314
577 T 951432 428 842573 727 401 91 106713 122 80 297
578 T 952160 501 843053 629 513 88 106885 116 87 288
579 G 951436 602 1535 586 842366 113 281 128 105544 281
580 G 949559 554 608 1039 842577 108 151 173 104098 251
581 T 950004 572 840943 1041 681 111 105910 177 144 425
582 C 952368 1401 737 837112 597 311 139 111725 111 235
583 A 954849 835544 976 974 990 115453 238 209 199 266
584 G 954896 708 1619 972 836608 191 284 184 114100 230
585 A 953413 834397 930 971 910 115404 185 173 172 271
586 A 953699 835671 449 509 527 115914 96 137 110 286
587 T 951866 429 834189 525 463 93 115739 108 87 233
588 G 948429 505 579 366 832961 117 159 94 113406 242
589 A 946434 832733 523 485 557 111572 104 116 104 240
590 T 945906 522 830724 534 513 86 113062 89 95 281
591 C 945779 566 589 827523 439 207 123 115976 100 256
592 A 948327 828469 509 300 474 118009 99 68 109 290
593 A 948241 827210 419 331 466 119269 92 62 85 307
594 A 945595 824283 331 397 468 119546 85 83 81 321
595 C 944740 674 752 819787 563 150 160 122324 107 223
596 G 942156 751 750 741 820836 129 159 151 118429 210
597 T 943013 499 821117 772 696 102 119044 162 134 487
598 G 941194 593 5006 467 818485 131 845 79 115311 277
599 G 940017 468 1229 462 819783 96 284 115 117309 271
600 G 939149 596 752 548 817857 120 162 121 118737 256
601 A 939152 818568 514 550 625 118350 94 89 98 264
602 T 937372 449 817234 646 529 92 117925 118 104 275
603 C 932582 532 569 811754 513 173 151 118546 85 259
604 A 930031 810576 531 542 869 116715 94 273 158 273
605 A 928801 808403 514 594 618 118043 155 101 122 251
606 T 929204 571 807273 647 557 125 119509 143 116 263
607 G 930039 1164 1239 1337 807475 228 418 245 117726 207
608 A 927689 807192 1312 1411 1428 115226 296 316 256 252
609 T 924142 1194 804791 1368 1242 210 114485 332 277 243
610 C 924174 1305 1629 803018 1352 292 391 115625 320 242
611 G 925014 1340 3277 1073 800057 352 626 217 117802 270
612 G 921215 1130 2071 1047 800502 222 369 224 115385 265
613 A 920604 797925 1029 1052 1201 118468 186 202 247 294
614 A 919990 792380 991 1204 894 123486 214 245 179 397
615 C 918397 958 919 785973 948 217 217 128757 197 211
616 T 918441 701 784425 1078 818 148 130617 221 168 265
617 T 913496 731 780033 1021 837 146 130147 216 133 232
618 C 909974 1151 690 778360 882 240 202 128099 155 195
619 T 909378 849 770404 1503 1014 203 134649 274 233 249
620 G 906374 942 2869 1179 765802 200 608 202 134303 269
621 G 901507 831 2803 1187 761979 193 509 224 133549 232
622 A 896825 758810 663 892 1127 134374 175 159 297 328
623 G 895340 787 3652 767 753475 157 664 132 135509 197
624 G 893342 715 4659 758 749003 156 807 135 136829 280
625 G 891728 756 2161 915 752962 174 401 181 133919 259
626 G 887277 728 714 808 752430 150 218 148 131825 256
627 T 888498 517 746781 1065 812 172 136017 243 604 2287
628 G 889150 1015 1900 763 747505 235 400 174 136961 197
629 A 888010 745895 691 787 1043 138677 212 174 249 282
630 G 883122 820 1327 871 745392 269 289 173 133772 209
631 A 881944 745234 508 972 752 133686 147 201 167 277
632 A 879611 743177 596 922 670 133457 156 200 164 269
633 T 878415 568 742266 917 545 144 133382 188 176 229
634 G 873860 852 2028 883 741181 205 568 159 127737 247
635 G 872325 713 1480 991 739920 189 322 191 128289 230
636 A 870910 739435 725 971 1090 127763 163 245 242 276
637 C 871172 653 965 738912 798 204 225 128982 171 262
638 G 870092 963 1298 952 733410 297 299 233 132397 243
639 A 869000 732286 665 963 767 133520 162 210 183 244
640 A 868941 728705 940 1259 1123 135969 195 238 243 269
641 A 865922 723624 950 1077 1228 138079 226 216 252 270
642 A 863223 723241 991 1037 1077 135982 224 211 212 248
643 A 858803 722204 296 375 346 134949 90 152 104 287
644 C 858347 283 326 723847 242 206 85 133061 86 211
645 A 858233 718791 267 381 493 137726 85 107 125 258
646 A 857320 716932 238 297 429 138888 91 73 136 236
647 G 852809 232 602 260 713545 93 168 77 137618 214
648 A 853167 713535 219 245 384 138270 88 84 93 249
649 A 850424 710318 315 373 379 138468 111 94 105 261
650 T 849324 282 709158 401 366 97 138532 114 85 289
651 T 849116 257 708620 467 283 71 138920 128 81 289
652 G 847800 246 804 271 708934 74 300 87 136898 186
653 C 843893 637 243 706613 322 191 91 135516 89 191
654 T 847246 177 709037 367 228 64 136903 148 73 249
655 T 850406 163 712949 303 203 91 136276 109 75 237
656 A 850756 713838 226 193 268 135803 78 85 63 202
657 T 852449 247 713306 260 251 78 137945 66 63 233
658 G 853192 143 618 83 716094 78 213 26 135746 191
659 A 854515 717001 97 65 180 136765 65 22 59 261
660 A 853548 719207 96 65 224 133531 28 23 102 272
661 A 857682 720274 139 129 239 136455 84 44 81 237
662 G 856642 209 643 116 720054 78 149 47 135120 226
663 A 853548 715899 132 113 208 136799 52 34 47 264
664 A 850922 712167 169 187 230 137790 52 32 68 227
665 T 847625 146 708145 302 164 45 138498 70 41 214
666 G 846179 206 263 165 707810 76 67 45 137335 212
667 T 844404 179 706657 286 185 77 136437 73 80 430
668 G 842297 320 649 157 705454 101 166 60 135156 234
669 C 840292 771 480 704939 186 167 129 133311 60 249
670 A 841503 704817 173 134 275 135668 74 53 91 218
671 A 844159 704848 227 165 230 138119 82 67 77 344
672 C 844392 170 262 706140 165 100 76 137210 73 196
673 A 846305 704453 162 132 278 140920 40 56 73 191
674 T 849472 134 709393 234 210 61 139069 76 57 238
675 T 852959 180 711783 230 189 70 140100 91 58 258
676 C 852257 762 313 711733 192 191 110 138692 49 215
677 T 851657 188 709303 347 124 98 141215 95 38 249
678 C 853220 1558 188 708523 214 382 89 141969 60 237
679 A 857806 709834 375 320 391 146363 100 92 112 219
680 A 857540 709363 321 352 395 146541 117 97 96 258
681 A 853871 707529 332 347 521 144585 115 113 123 206
682 G 856431 396 3511 552 705287 119 820 130 145410 206
683 G 855698 427 2375 479 705592 132 499 125 145788 281
684 G 850866 490 1043 533 707709 174 221 150 140311 235
685 A 846505 709561 428 477 569 134805 102 122 170 271
686 A 845120 708153 494 420 501 134950 129 100 114 259
687 A 842440 709560 418 356 524 130984 134 90 122 252
688 T 844421 280 712306 424 482 79 130328 110 121 291
689 T 845624 337 714930 491 361 116 128924 120 81 264
690 T 844508 319 715334 481 401 79 127443 120 86 245
691 C 844648 1186 455 715659 346 283 140 126314 77 188
692 A 844635 718161 378 536 925 123966 102 143 174 250
693 A 843808 720843 457 582 426 120917 107 136 97 243
694 A 841967 722025 429 461 472 117928 113 116 105 318
695 C 842588 519 425 722905 466 115 112 117772 103 171
696 T 844402 388 722772 530 420 89 119735 102 111 255
697 G 845221 521 1268 534 721005 121 272 122 121149 229
698 C 843831 1217 583 719744 429 225 138 121186 113 196
699 T 843813 389 720995 697 426 108 120709 156 81 252
700 G 843877 846 874 433 720546 185 183 113 120483 214
701 C 843495 1153 512 721178 315 229 113 119666 89 240
702 A 843135 721877 408 389 419 119398 87 119 91 347
703 C 841350 446 484 722705 383 217 89 116648 87 291
704 A 843717 723216 382 423 513 118675 81 106 108 213
705 A 840383 721645 488 407 525 116787 98 86 105 242
706 A 839213 722684 480 503 446 114538 112 109 88 253
707 A 837693 724430 477 452 482 111294 120 96 92 250
708 A 832729 723253 388 556 747 107147 91 119 165 263
709 G 829729 483 919 612 721861 94 172 133 105252 203
710 C 828558 1136 742 723448 569 316 127 101815 124 281
711 A 825219 723723 656 504 663 99142 93 106 106 226
712 A 821185 721418 582 608 552 97339 123 127 216 220
713 T 817027 535 719039 654 602 118 95630 96 125 228
714 G 813699 576 1121 555 718378 130 318 106 92332 183
715 A 809468 715021 676 618 683 91832 214 85 108 231
716 T 806077 581 713709 738 651 88 89657 109 257 287
717 G 804197 773 1085 651 710780 215 205 92 90177 219
718 G 801041 847 1027 1036 709116 307 174 157 88103 274
719 A 795776 704133 911 945 1076 88007 147 169 143 245
720 T 792132 785 702794 1094 911 146 85823 179 127 273
721 C 788173 929 925 699782 925 236 165 84769 136 306
722 A 785255 699773 869 959 1226 81761 134 138 159 236
723 A 779552 694883 840 935 914 81306 139 124 145 266
724 G 775017 911 983 1198 691311 157 165 137 79961 194
725 T 770999 862 688347 1184 1057 193 78436 161 182 577
726 G 767052 952 2500 1110 685503 165 329 152 76118 223
727 A 762499 684837 904 1133 1077 73882 153 132 139 242
728 G 755943 990 2124 1172 681297 130 239 155 69641 195
729 A 751976 679360 1003 1150 1239 68587 126 135 143 233
730 G 747700 861 1566 1166 674410 121 184 127 69040 225
731 A 742841 670875 862 1064 1170 68266 126 121 141 216
732 G 735577 960 1594 1012 664008 141 181 123 67286 272
733 A 729503 658976 835 1075 1092 66868 121 137 141 258
734 G 723301 844 3306 1147 652263 103 322 147 64880 289
735 C 719707 1361 1418 650443 1074 285 145 64627 125 229
736 C 714999 2121 1084 644306 761 258 131 65651 231 456
737 G 711440 1393 2125 791 640537 291 296 119 65657 231
738 G 706259 725 1261 815 638896 115 165 96 63980 206
739 A 701931 636482 719 869 777 62559 84 93 96 252
740 A 696582 629716 660 854 770 60951 81 1178 94 2278
741 C 690806 762 851 625566 699 93 94 62433 96 212
742 C 684468 1907 765 618327 777 228 126 62005 112 221
743 C 679203 4424 1176 609000 815 546 172 62744 100 226
744 A 675133 605859 1011 932 1031 65585 126 212 179 198
745 G 668757 649 3514 1009 597346 98 460 146 65332 203
746 G 662574 776 2698 693 592379 100 307 153 65249 219
747 G 656312 794 1327 813 588546 154 157 172 64123 226
748 A 651919 584636 583 447 636 65153 95 58 87 224
749 A 648524 579994 487 527 616 66387 90 69 136 218
750 T 645079 473 576552 548 500 124 66517 68 85 212
751 G 639378 934 1015 622 571293 166 158 91 64939 160
752 C 634330 1344 784 569072 672 178 140 61869 97 174
753 T 629453 767 564739 892 597 103 61948 121 101 185
754 G 627009 487 1810 445 560853 108 201 68 62882 155
755 A 621286 556918 445 457 395 62711 49 58 73 180
756 G 614630 480 420 418 553063 54 103 50 59775 267
757 T 609288 383 549853 629 506 84 57223 75 93 442
758 T 603390 452 544291 502 449 67 57271 71 71 216
759 C 596871 1063 686 537155 469 175 117 56970 56 180
760 G 590265 459 882 225 530414 186 110 34 57777 178
761 A 584347 525727 342 229 558 57142 55 30 85 179
762 A 579975 519229 297 193 521 59352 49 25 84 225
763 G 573269 297 472 529 509914 63 79 82 61684 149
764 A 567416 503328 381 541 460 62319 63 85 71 168
765 T 562254 244 498452 559 464 47 62133 97 64 194
766 C 556358 549 709 490723 793 129 121 63038 151 145
767 T 553271 519 483180 825 768 155 67379 142 130 173
768 C 548092 1481 616 476097 724 298 116 68474 133 153
769 A 541474 469753 439 610 482 68461 145 251 102 1231
770 C 536551 368 453 464335 428 82 295 69237 97 1256
771 T 532536 361 459688 482 428 80 71138 100 104 155
772 T 528095 463 451153 604 593 121 74792 104 103 162
773 T 523189 481 444751 586 573 107 76283 93 130 185
774 T 517987 482 441415 544 544 120 74463 119 97 203
775 C 513135 717 510 437118 414 138 125 73862 109 142
776 T 508847 407 434425 502 443 117 72627 105 84 137
777 A 500837 428817 431 399 638 70135 69 92 123 133
778 G 492874 356 629 227 424738 87 100 64 66504 169
779 C 485090 575 246 417342 308 152 66 66187 77 137
780 A 481212 412587 205 251 291 66877 51 186 67 697
781 C 474973 212 461 407003 206 66 75 66693 64 193
782 G 467770 355 818 184 401448 75 144 34 64584 128
783 G 460596 194 201 163 395378 55 52 34 64340 179
784 T 455254 204 388173 276 338 58 65763 76 69 297
785 C 448805 605 248 382115 264 137 59 65188 60 129
786 T 442256 237 376622 447 306 70 64280 106 59 129
787 G 433282 564 785 344 368281 146 139 78 62790 155
788 C 425818 750 614 362127 438 148 121 61403 102 115
789 A 418851 351547 330 385 502 63973 80 283 124 1627
790 C 412157 405 556 345492 587 127 150 64558 157 125
791 T 407522 440 337402 548 588 158 67977 135 167 107
792 C 401906 1442 490 327697 543 399 140 70811 177 207
793 A 396742 319098 591 579 620 75230 162 150 182 130
794 T 388857 550 312131 560 583 140 74479 137 178 99
795 A 381615 304637 486 525 631 74405 232 149 189 361
796 T 375247 386 294223 356 520 154 79198 129 178 103
797 T 371111 404 287937 401 541 158 80855 133 396 286
798 G 365035 398 972 329 283476 148 310 140 79185 77
799 A 360101 280627 381 442 427 77582 137 129 215 161
800 G 354570 503 760 410 276412 151 225 129 75914 66
801 A 348212 268541 426 367 438 75713 132 139 1013 1443
802 G 340866 295 1086 288 264447 118 324 70 74158 80
803 G 333956 263 701 196 258051 133 207 82 74236 87
804 G 325268 242 225 241 250570 102 133 67 73583 105
805 T 318816 221 242959 267 246 118 74394 122 181 308
806 C 311873 449 383 234505 283 194 169 74373 564 953
807 G 303873 476 564 220 228510 274 202 100 73444 83
808 G 297099 416 416 396 223437 181 392 178 71169 514
809 T 290276 370 212723 402 365 194 75698 160 199 165
810 T 284270 399 203887 331 379 195 78569 178 208 124
811 G 275185 640 791 545 197479 351 406 508 74191 274
812 C 270877 715 679 196427 529 326 337 71510 279 75
813 T 266831 537 184249 631 522 353 78969 707 296 567
814 C 263553 1141 702 175812 615 703 453 83702 355 70
815 A 259848 171900 669 662 655 84505 402 438 387 230
816 C 255374 648 672 170449 666 1007 398 80573 341 620
817 A 252241 160663 783 377 718 88305 585 283 486 41
818 A 247828 152864 715 534 607 91218 468 531 579 312
819 G 242026 494 657 540 149682 475 610 351 89116 101
820 T 236178 423 146916 267 398 332 83158 2491 414 1779
821 C 231317 559 462 142122 384 497 369 86619 253 52
822 C 227296 775 510 136893 267 691 394 87466 202 98
823 T 222814 401 131545 425 492 314 88417 291 716 213
824 G 216108 449 781 375 127022 320 731 877 85173 380
825 C 211296 633 489 124035 561 349 306 84556 316 51
826 C 209136 402 300 120707 249 245 245 86725 141 122
827 T 209304 222 118408 209 259 160 89136 232 442 236
828 G 201832 153 493 244 115020 180 351 962 83966 463
829 C 197571 492 195 113604 263 221 175 82434 152 35
830 C 196907 412 280 109758 186 258 238 85559 119 97
831 T 199401 197 107127 199 142 176 91048 190 234 88
832 G 195564 303 644 323 104600 258 432 451 88405 148
833 C 193106 471 407 103311 329 365 1870 86056 272 25
834 C 194244 425 287 100601 431 337 1578 87774 1766 1045
835 T 196622 220 98429 522 315 297 95874 457 435 73
836 G 194456 321 408 293 95507 397 536 314 96598 82
837 T 193651 230 95819 370 364 315 95390 518 508 137
838 G 192663 195 359 184 98133 868 468 364 91978 114
839 T 192587 221 97967 318 226 313 92785 311 371 75
840 G 192468 153 201 324 101430 293 710 276 88753 328
841 T 191905 317 105083 464 665 328 83893 289 810 56
842 A 191556 108285 695 224 770 80150 501 197 516 218
843 T 192556 590 110002 557 597 287 75061 606 2386 2470
844 G 195621 1077 1642 1010 116046 369 542 563 74329 43
845 G 197736 1164 1117 986 121775 352 703 539 70704 396
846 A 199371 96723 1161 1344 1608 47984 354 19428 621 30148
847 C 202277 1253 1343 132044 1476 258 323 65219 320 41
848 C 208353 1911 1267 138051 1580 443 279 64457 331 34
849 T 214453 1039 144636 1054 1468 215 65418 260 334 29
850 G 217338 1082 2834 782 149103 255 497 158 62583 44
851 C 217780 1394 1010 152136 867 261 219 61685 177 31
852 C 224285 2073 1233 156354 1066 374 261 62651 223 50
853 G 230007 681 1041 984 161031 302 279 218 65448 23
854 T 235113 795 165908 762 971 198 66027 194 218 40
855 A 241979 168945 605 962 1125 69669 187 225 232 29
856 G 251274 86 597 148 177456 110 404 71 72380 22
857 C 258578 398 198 181153 276 160 123 76135 101 34
858 C 266032 419 308 185822 262 194 124 78746 94 63
859 A 271087 188299 161 209 125 82013 76 75 99 30
860 G 276324 93 176 143 193579 82 109 54 82057 31
861 T 280962 148 198398 127 198 67 81805 78 88 53
862 G 285994 208 1097 212 203256 105 516 101 80453 46
863 G 289342 221 643 175 211573 107 288 114 76168 53
864 G 293359 335 324 122 220088 125 156 57 72099 53
865 T 302047 355 227360 454 406 121 72989 146 147 69
866 A 308406 234627 382 289 474 72134 146 151 136 67
867 C 315889 410 552 243357 413 132 223 70610 142 50
868 G 325984 358 433 310 251513 105 172 159 72885 49
869 A 334025 259749 337 275 284 72889 142 118 125 106
870 C 341435 284 317 268126 314 107 113 71994 125 55
871 T 348827 271 272944 328 401 82 74471 123 131 76
872 T 352755 286 279060 325 468 85 72229 113 112 77
873 T 360012 366 288295 380 435 108 70145 122 97 64
874 G 366505 331 633 322 295825 89 224 88 68931 62
875 A 374105 300429 329 343 376 72203 101 95 141 88
876 A 382038 307297 353 311 322 73331 128 96 89 111
877 A 390237 312195 267 252 364 76688 171 85 131 84
878 G 395674 331 1601 261 312803 159 490 94 79873 62
879 G 400417 275 1250 254 317745 118 389 100 80203 83
880 G 406264 385 1047 369 324631 105 300 106 79241 80
881 A 411938 330833 360 310 472 79459 143 85 148 128
882 G 414828 375 1903 333 335869 103 484 109 75562 90
883 G 419462 274 1082 267 346877 84 312 94 70391 81
884 G 424084 357 502 267 355402 74 164 95 67128 95
885 A 429878 363441 255 234 292 65309 96 72 71 108
886 T 435925 221 370256 188 145 63 64872 52 41 87
887 A 443031 376152 199 198 246 65406 139 154 62 475
888 C 450875 277 247 384964 165 71 86 64956 38 71
889 T 458011 372 390334 333 318 90 66274 82 96 112
890 C 465630 1400 351 398113 365 286 69 64885 65 96
891 T 471195 404 407816 337 334 98 61952 84 57 113
892 C 477346 1390 509 413734 488 215 112 60671 113 114
893 T 485646 545 419582 501 414 99 64218 133 53 101
894 A 493286 423566 511 486 444 67874 104 92 84 125
895 G 499257 256 377 258 429656 66 85 65 68398 96
896 T 506187 290 435543 327 354 65 69293 73 77 165
897 C 515455 820 581 438862 347 159 181 74317 81 107
898 G 525457 568 1456 281 443102 135 333 71 79387 124
899 G 532558 346 811 266 446990 60 228 82 83650 125
900 A 539392 453345 293 266 320 84750 98 79 90 151
901 A 545981 460683 299 290 317 84068 65 62 64 133
902 T 552495 265 468878 279 275 59 82530 57 44 108
903 A 560909 476356 274 240 466 83167 124 57 85 140
904 G 567916 287 658 294 485971 85 148 75 80277 121
905 A 574796 493718 255 334 395 79476 110 111 96 301
906 C 584024 387 332 501526 315 100 64 81066 70 164
907 C 592187 1410 200 509387 244 210 61 80489 37 149
908 C 597724 2288 146 516622 243 356 50 77828 42 149
909 T 602889 108 526530 329 226 28 75380 93 47 148
910 T 608268 446 530897 417 373 82 75717 87 62 187
911 T 612723 525 536541 413 345 91 74482 80 58 188
912 C 618896 1221 504 543746 358 190 132 72557 55 133
913 A 628011 553074 658 732 827 72095 212 122 142 149
914 G 634185 677 1153 736 557159 149 261 134 73767 149
915 A 639692 563090 638 753 533 74061 152 147 111 207
916 C 647006 489 406 569673 344 98 75 75702 70 149
917 T 656267 453 577793 642 420 87 76526 114 70 162
918 G 663979 739 945 521 585804 106 206 88 75451 119
919 C 671479 1088 705 591562 544 146 93 77081 119 141
920 T 680121 698 599271 829 520 93 78278 179 73 180
921 T 690429 688 607520 702 607 109 80378 131 66 228
922 C 698242 1584 771 614940 453 250 227 79786 71 160
923 A 706155 622533 738 511 684 81070 141 180 98 200
924 A 712541 629706 773 485 532 80575 107 93 86 184
925 A 719309 635769 781 835 690 80691 136 125 107 175
926 A 724726 641016 787 847 753 80629 134 152 120 288
927 C 730176 756 972 648208 719 144 149 78930 114 184
928 A 736585 656932 593 535 650 77399 100 105 95 176
929 G 741798 849 3605 573 658387 140 419 108 77540 177
930 C 746066 1284 673 663029 536 158 133 79953 104 196
931 C 752836 1429 699 668237 473 186 129 81394 70 219
932 A 761053 677159 733 724 509 81423 115 131 69 190
933 A 767491 683647 619 689 601 81426 105 109 86 209
934 G 772643 703 746 681 690230 112 122 97 79785 167
935 T 779287 652 696840 760 638 97 79639 121 112 428
936 G 783351 897 732 708 702671 127 131 117 77760 208
937 T 790321 629 710159 636 437 89 77910 80 79 302
938 A 795795 718588 571 588 608 74909 101 92 81 257
939 C 801201 585 1178 722608 539 116 152 75798 67 158
940 A 808582 728650 410 502 778 77791 60 76 101 214
941 G 811827 565 1767 476 731710 90 233 74 76733 179
942 C 817382 1227 506 738318 591 161 75 76222 76 206
943 C 824752 1587 677 743558 779 170 92 77541 108 240
944 T 830832 754 746474 920 660 100 81508 122 88 206
945 A 835257 751293 724 529 760 81410 127 92 81 241
946 A 840360 759343 597 485 797 78639 88 77 100 234
947 T 845455 575 765130 587 728 95 77912 72 88 268
948 C 850560 1434 791 767484 655 195 134 79598 77 192
949 A 854459 768293 725 737 1078 82995 145 92 151 243
950 G 858485 842 1461 628 773140 101 247 100 81768 198
951 A 860262 773513 798 660 793 83796 123 118 112 349
952 C 864348 949 879 775306 755 141 130 85884 92 212
953 C 870613 2168 794 777126 848 281 119 88943 97 237
954 A 875572 782055 897 585 953 90523 125 80 139 215
955 A 877721 785907 949 824 855 88506 154 143 135 248
956 A 881121 787556 920 834 926 90225 133 149 147 231
957 T 885255 967 789650 878 917 181 92179 136 154 193
958 G 887844 840 2030 628 795441 132 316 83 88160 214
959 A 891420 799405 820 786 1272 88403 170 112 177 275
960 G 893014 1173 1364 666 799193 174 190 134 89885 235
961 A 896538 799328 632 511 639 94867 102 104 103 252
962 A 899437 799021 609 556 733 97961 94 94 122 247
963 T 901402 708 800592 639 655 126 98119 126 76 361
964 C 904130 1547 722 801483 589 221 127 99101 114 226
965 C 908633 2616 747 801293 609 425 168 102437 100 238
966 A 910090 801588 613 666 1080 105504 146 117 130 246
967 G 909708 848 1471 851 801816 157 237 173 103911 244
968 C 912653 1773 1032 805982 770 289 171 102309 126 201
969 A 913772 807712 692 782 829 102844 129 153 130 501
970 C 915594 685 808 806768 530 132 162 106173 88 248
971 A 916214 804545 686 583 657 108966 132 110 124 411
972 C 916832 843 634 805552 507 178 118 108657 87 256
973 A 918560 802540 443 311 741 113980 93 52 123 277
974 A 919465 802457 559 366 645 114756 173 81 128 300
975 G 917258 424 1675 339 798806 130 290 80 115291 223
976 A 915707 798679 362 529 582 115018 77 89 118 253
977 G 911900 771 576 431 798520 119 138 86 111005 254
978 T 910350 595 795328 533 418 136 112491 132 93 624
979 C 910357 865 336 791844 166 206 104 116559 58 219
980 A 911862 790887 223 163 453 119646 66 36 114 274
981 A 908526 787082 320 181 339 119947 109 57 66 425
982 C 908470 985 1054 782444 1010 223 264 122091 193 206
983 T 909963 1034 780327 900 1078 209 125721 179 280 235
984 G 906690 1213 2006 714 777086 252 370 230 124622 197
985 G 903724 718 818 698 778481 145 174 129 122286 275
986 T 902180 631 781016 766 825 169 117377 166 324 906
987 G 900019 803 850 734 779714 173 183 273 117065 224
988 T 901146 669 782600 783 657 236 115530 131 159 381
989 G 899657 885 2135 766 780860 170 401 152 114010 278
990 G 898526 581 1421 768 779734 246 296 161 115048 271
991 A 897240 771103 1350 1283 1242 121138 323 253 265 283
992 T 897538 1289 766208 1431 1314 288 126047 333 297 331
993 G 892875 1598 2010 1430 766000 325 433 290 120515 274
994 G 890171 1482 1607 1170 770943 319 316 202 113869 263
995 C 889305 2938 1374 771759 927 496 335 111041 190 245
996 A 888996 774339 1011 1135 1043 110598 233 214 169 254
997 T 888296 789 774733 972 738 141 110371 165 130 257
998 G 885870 939 2770 827 773474 154 482 142 106851 231
999 C 883504 1459 1353 772719 818 248 218 106244 165 280
1000 C 884119 1960 1024 766500 748 358 187 112934 144 264
1001 A 887135 764969 951 726 880 118842 186 145 176 260
1002 T 884665 873 760990 776 871 188 120372 149 171 275
1003 T 883766 662 758758 485 753 142 122314 252 141 259
1004 C 883021 1396 751 754645 764 271 220 124628 164 182
1005 T 883187 661 751944 831 623 326 128222 165 146 269
1006 G 878366 921 2587 527 746968 200 494 310 126130 229
1007 C 876586 1066 659 750341 492 349 139 123148 146 246
1008 C 877207 1909 935 744379 394 451 248 128524 94 273
1009 G 880551 984 1263 537 742445 308 313 279 134192 230
1010 C 881471 1439 499 742849 503 392 149 135285 128 227
1011 A 882695 744196 421 478 595 136298 114 155 209 229
1012 T 883264 438 742118 554 492 94 139079 112 122 255
1013 T 886093 483 740768 559 490 128 143169 114 114 268
1014 T 886862 377 739974 877 455 105 144446 190 167 271
1015 G 881759 458 1240 596 739764 178 346 133 138838 206
1016 A 882382 740706 496 589 889 138959 127 137 201 278
1017 A 881355 741230 617 665 815 137314 175 151 182 206
1018 G 876595 482 572 514 738808 164 171 136 135530 218
1019 A 874718 735417 455 534 444 137184 147 135 127 275
1020 T 872687 455 735409 587 388 129 135241 151 94 233
1021 C 870979 697 558 733933 495 225 153 134604 117 197
1022 T 874530 625 734773 686 625 203 137060 199 138 221
1023 A 874327 733907 542 601 664 137943 146 145 129 250
1024 A 874007 737347 506 506 599 134397 164 112 125 251
1025 G 871804 522 1655 461 735881 141 399 108 132442 195
1026 A 869838 739051 504 499 600 128542 129 104 140 269
1027 G 867482 241 271 168 742195 69 83 57 124213 185
1028 T 869485 227 741199 262 130 133 125923 80 148 1383
1029 A 869100 744685 266 139 208 123382 77 38 79 226
1030 T 870121 379 741405 393 337 98 127036 103 85 285
1031 T 871786 355 743038 396 324 139 127107 86 81 260
1032 A 876511 741977 386 394 495 132643 121 123 94 278
1033 A 877715 737862 275 285 370 138374 102 91 93 263
1034 G 878855 303 988 306 734779 105 269 87 141833 185
1035 C 879101 980 343 732326 342 282 116 144433 90 189
1036 T 880002 320 730927 454 305 117 147329 162 107 281
1037 T 879320 341 733254 471 348 137 144266 143 129 231
1038 C 875569 1014 424 731166 326 293 171 141909 94 172
1039 A 872789 728547 478 464 384 142295 136 140 109 236
1040 T 871144 500 725298 454 425 193 143780 136 119 239
1041 C 873100 1041 445 719621 361 399 186 150754 101 192
1042 A 874734 714638 553 664 654 157420 180 194 184 247
1043 A 872920 716475 541 713 616 153761 166 175 206 267
1044 A 873035 715981 627 773 901 153834 250 189 250 230
1045 G 870859 404 2702 379 717184 116 648 106 149087 233
1046 G 866303 549 2274 392 720020 127 488 105 142096 252
1047 G 863513 562 962 454 724799 167 204 125 136015 225
1048 A 858963 722420 526 691 674 133862 112 166 174 338
1049 C 858660 633 754 721118 545 185 205 134841 171 208
1050 G 863277 747 1320 584 720563 264 280 128 139186 205
1051 A 866491 724353 623 642 894 139269 177 120 191 222
1052 A 866778 722962 737 775 996 140469 238 146 230 225
1053 G 862443 622 1481 713 721369 163 333 137 137346 279
1054 G 860256 651 612 532 722073 180 157 134 135679 238
1055 T 859416 517 720342 586 546 193 135309 156 370 1397
1056 G 855396 1146 1153 423 717356 271 260 121 134481 185
1057 C 857341 1229 919 722072 633 252 203 131699 137 197
1058 T 861692 613 726027 926 620 188 132722 187 134 275
1059 C 864345 2445 1070 725396 715 466 255 133606 159 233
1060 C 867343 3391 982 720147 1134 753 250 140167 253 266
1061 C 871967 5296 1018 716686 1043 1197 234 145999 243 251
1062 A 875549 721958 978 905 1189 149525 269 228 244 253
1063 A 872840 722962 726 549 806 146942 228 150 223 254
1064 G 871142 713 2345 620 722297 206 552 165 144074 170
1065 A 873511 735401 713 741 698 135030 271 213 202 242
1066 G 870134 711 3820 719 736077 230 792 101 127450 234
1067 G 865419 650 3055 564 733482 233 569 101 126481 284
1068 G 862801 805 1372 665 729399 176 355 135 129666 228
1069 A 863513 726815 777 712 785 133557 295 122 186 264
1070 A 863188 726631 678 614 809 133638 257 135 192 234
1071 G 860576 739 1408 524 726956 191 273 142 130163 180
1072 C 860676 1181 508 726372 572 382 124 131201 144 192
1073 T 862631 448 729724 525 515 218 130684 133 117 267
1074 T 863181 538 730770 441 502 84 130239 225 118 264
1075 T 862905 368 732503 331 309 100 128840 97 79 278
1076 C 862889 1252 402 734161 267 283 129 126082 73 240
1077 C 865386 1974 463 736846 298 406 139 124921 102 237
1078 A 864719 738292 587 407 620 123995 152 122 160 384
1079 C 865339 634 455 738046 538 148 123 125110 91 194
1080 T 867713 486 739265 557 490 163 126293 161 84 214
1081 A 868293 732607 596 585 791 133000 195 145 153 221
1082 G 866800 593 2204 660 729296 135 531 136 133052 193
1083 A 866974 731509 535 565 838 132801 224 136 164 202
1084 G 866966 423 2076 331 735646 98 489 88 127573 242
1085 G 865495 349 1609 327 736598 114 327 93 125848 230
1086 A 867383 742361 329 319 349 123481 97 84 103 260
1087 G 864269 392 582 386 744910 233 123 80 117381 182
1088 T 865352 404 748684 567 387 244 114020 179 158 709
1089 T 865438 473 750021 587 404 198 113186 113 192 264
1090 C 867017 1238 418 752068 298 263 83 112350 66 233
1091 A 870366 753780 296 330 435 114859 205 136 87 238
1092 A 870131 755346 331 280 361 113189 254 39 78 253
1093 A 867571 754486 289 257 335 111616 112 154 67 255
1094 T 867080 313 754858 330 314 85 110671 183 70 256
1095 T 870592 328 759275 370 298 71 109733 133 104 280
1096 G 872254 455 869 216 761293 105 278 57 108774 207
1097 C 874487 705 356 761455 259 140 82 111193 82 215
1098 T 877761 283 762409 290 213 70 114079 99 53 265
1099 T 879461 453 759862 485 531 111 117446 94 139 340
1100 C 881562 1525 462 758748 454 304 156 119571 89 253
1101 C 885163 2392 561 757038 514 545 115 123632 122 244
1102 A 885498 758211 430 331 463 125509 101 85 106 262
1103 A 883629 757996 343 317 486 123949 104 54 94 286
1104 T 883903 408 761262 446 329 103 120952 95 76 232
1105 G 885712 329 688 235 762884 87 192 47 121053 197
1106 A 885944 767019 219 248 293 117726 53 53 80 253
1107 A 885090 766992 342 178 270 116881 73 38 62 254
1108 A 887392 765309 335 254 316 120671 69 51 82 305
1109 A 889139 765975 450 221 328 121614 124 54 94 279
1110 T 891795 351 768411 333 296 118 121883 82 63 258
1111 A 894681 770966 325 264 348 122343 84 45 71 235
1112 T 897589 316 773841 346 324 67 122313 70 70 242
1113 G 898243 428 708 298 777803 72 244 78 118377 235
1114 G 895707 328 463 264 777800 75 133 79 116336 229
1115 A 896969 778621 280 297 610 116562 108 59 111 321
1116 G 897239 358 693 295 781107 99 156 66 114231 234
1117 A 899104 781890 366 342 424 115369 94 114 85 420
1118 C 899926 438 289 781824 285 101 105 116608 66 210
1119 T 902996 300 783742 431 285 88 117788 89 54 219
1120 A 904093 784638 261 173 313 118225 71 88 73 251
1121 T 905842 293 789014 299 216 59 115579 58 64 260
1122 G 905706 290 1804 204 789508 83 354 89 113111 263
1123 G 903258 208 1087 221 789722 124 206 49 111360 281
1124 A 903178 790388 303 182 258 111530 92 37 112 276
1125 A 904820 791321 223 209 288 112289 100 42 49 299
1126 T 905474 322 790664 308 281 70 113433 60 77 259
1127 C 908639 1007 327 792026 327 231 73 114344 84 220
1128 A 911662 790399 338 223 584 119604 65 54 104 291
1129 A 909767 787562 461 361 557 120319 112 62 116 217
1130 G 905354 440 476 369 786979 101 125 79 116592 193
1131 T 906552 432 786714 423 401 134 117875 64 87 422
1132 A 908764 787554 443 407 559 119136 105 82 90 388
1133 C 908787 516 604 786165 422 104 116 120541 82 237
1134 A 911561 787928 540 371 531 121425 114 102 93 457
1135 C 912689 487 501 789046 391 105 100 121770 89 200
1136 T 914901 427 787842 520 479 99 125056 105 85 288
1137 T 917371 539 787014 521 393 102 128328 105 83 286
1138 G 915180 493 1240 344 783431 126 237 79 129017 213
1139 A 917035 783362 465 311 481 131851 97 57 114 297
1140 A 917294 782637 387 381 515 132611 182 84 103 394
1141 C 917083 716 679 784546 526 152 198 129960 96 210
1142 T 920484 579 787072 771 574 128 130789 209 121 241
1143 G 921875 733 2029 596 788633 176 370 195 128946 197
1144 A 922820 785363 967 615 865 134198 245 120 201 246
1145 G 921829 972 1104 654 781108 243 301 129 137114 204
1146 A 922665 782651 894 702 790 136802 195 163 178 290
1147 A 922674 784794 591 415 750 135370 156 98 231 269
1148 G 921432 644 1264 333 785010 149 300 85 133402 245
1149 C 920921 1454 1046 786968 619 299 269 129885 121 260
1150 A 923816 786929 619 612 1164 133724 150 132 225 261
1151 G 920395 507 1606 504 786076 120 315 97 130931 239
1152 G 920627 585 693 543 787466 144 131 108 130726 231
1153 T 922104 405 785500 498 379 131 134081 110 142 858
1154 A 922639 787250 455 403 479 133377 130 94 115 336
1155 C 922557 715 519 787085 542 158 113 133084 127 214
1156 T 927341 350 788845 595 451 95 136502 136 107 260
1157 G 928065 547 3161 369 788453 149 614 76 134444 252
1158 G 925255 407 1626 346 787705 105 318 88 134348 312
1159 G 922658 918 2442 477 786255 188 461 107 131541 269
1160 C 923266 1894 661 783333 733 365 160 135645 173 302
1161 C 924578 1505 465 783706 670 336 150 137338 141 267
1162 A 925116 781628 458 305 378 141786 130 97 88 246
1163 T 924847 404 778413 323 375 165 144791 83 81 212
1164 A 926022 778862 422 173 719 145242 159 48 131 266
1165 A 929948 782867 685 508 1104 143981 226 130 237 210
1166 G 928848 795 2262 503 776707 208 543 123 147469 238
1167 G 929187 838 1511 528 776290 232 334 135 149051 268
1168 A 929070 778138 775 462 839 147857 198 156 216 429
1169 C 930243 753 707 777470 872 198 172 149592 205 274
1170 C 935053 1879 831 778004 802 451 179 152471 204 232
1171 A 939337 783854 1010 711 1417 151352 277 146 326 244
1172 G 939176 880 1483 688 783603 235 354 158 151541 234
1173 A 939785 784851 862 653 977 151501 235 182 250 274
1174 A 940226 786529 751 813 1030 150282 192 174 226 229
1175 G 940662 1005 767 848 789110 249 199 237 148047 200
1176 T 942915 918 791726 924 857 276 146800 258 272 884
1177 G 942550 711 1999 445 794665 173 585 105 143610 257
1178 G 940202 488 2241 536 795756 157 498 139 140146 241
1179 A 942053 799279 465 599 889 139936 187 181 243 274
1180 G 940415 716 1929 540 798071 153 457 139 138128 282
1181 G 937707 714 1144 571 800203 215 287 106 134219 248
1182 A 936625 798334 573 637 707 135639 137 146 185 267
1183 A 937343 796545 1130 1390 1353 135728 292 278 307 320
1184 A 937133 797185 1122 1276 1459 134872 268 270 339 342
1185 C 937008 1247 1511 799245 1299 347 358 132453 287 261
1186 A 934480 799370 719 814 950 131044 179 291 206 907
1187 C 934984 823 712 799554 868 186 210 132113 229 289
1188 C 936988 1980 764 797690 851 469 212 134556 189 277
1189 A 939069 798123 620 609 1168 137778 156 134 216 265
1190 A 937500 797545 607 654 981 136947 157 139 186 284
1191 T 936668 757 802157 779 879 185 131221 175 155 360
1192 C 935701 1713 1118 793563 950 445 273 137175 217 247
1193 A 936638 790534 1127 1047 942 142037 244 243 201 263
1194 A 934379 789306 1099 1290 762 140811 253 304 182 372
1195 C 937486 1748 1714 786923 1078 432 328 144801 257 205
1196 A 944309 783626 1525 2217 1290 154250 392 467 300 242
1197 G 943637 1496 3015 1936 782893 357 674 448 152575 243
1198 A 944035 788301 1268 1024 1036 151251 361 217 292 285
1199 G 940814 1183 3626 1194 786648 286 767 230 146572 308
1200 G 933115 1213 2020 879 787000 253 390 197 140827 336
1201 G 929604 1525 1604 1362 786033 329 332 321 137818 280
1202 C 931069 2233 1628 788175 1205 488 340 136491 271 238
1203 A 938399 791991 1142 1173 1134 141873 278 281 282 245
1204 T 939187 1418 790961 1409 986 339 143302 309 214 249
1205 C 942285 2122 1357 787387 1075 498 320 149051 253 222
1206 T 946010 1592 787233 1947 773 388 153121 476 189 291
1207 G 941693 1202 3022 1149 788404 289 658 264 146459 246
1208 C 939156 1806 2135 790809 944 362 670 141886 285 259
1209 G 939144 1895 4522 1314 789061 430 1018 297 140317 290
1210 G 939184 1194 2755 1190 794489 243 545 206 138273 289
1211 G 937018 1737 3761 1156 800512 403 690 232 128265 262
1212 C 936966 2887 1612 801256 975 451 410 128894 188 293
1213 C 942106 2475 1705 801214 1437 493 422 133826 271 263
1214 A 947549 800403 1602 1475 1472 141233 328 352 359 325
1215 A 947239 798633 1519 1539 1331 142943 329 330 330 285
1216 A 951102 797560 1772 1348 1290 147848 466 283 292 243
1217 T 953721 1536 798234 1691 944 402 149988 374 261 291
1218 C 957338 2260 1834 805557 1179 535 446 145065 245 217
1219 A 957224 806663 1133 999 1371 146022 304 235 265 232
1220 G 954868 1196 2078 1143 807638 247 464 261 141627 214
1221 C 954456 1872 1394 808837 906 375 306 140350 204 212
1222 A 954858 810580 1214 745 1007 140368 297 177 220 250
1223 T 955184 1127 811685 815 878 294 139759 175 205 246
1224 A 957993 814938 1224 884 811 139139 285 231 156 325
1225 C 958832 1060 1298 811327 1163 323 295 142920 225 221
1226 A 962325 809369 1139 1203 1052 148509 282 252 231 288
1227 A 964649 811323 1266 1007 1154 148430 306 254 288 621
1228 C 966723 657 612 817458 809 146 169 146366 229 277
1229 C 969928 1697 638 821609 830 351 169 144153 230 251
1230 T 975388 685 821814 797 770 279 150413 174 164 292
1231 A 977805 822416 343 204 341 153601 122 81 204 493
1232 C 981476 362 555 823395 280 223 148 156216 93 204
1233 G 987125 496 187 268 826692 148 194 82 158814 244
1234 T 991036 505 826620 621 474 129 161972 150 126 439
1235 T 994412 445 826134 532 601 108 165972 143 141 336
1236 C 994618 1320 750 826983 465 284 182 164329 102 203
1237 T 1000414 751 829580 890 853 264 167341 204 226 305
1238 C 1001649 2342 920 830158 906 516 255 166071 230 251
1239 A 1001910 832458 609 739 1110 166093 214 187 251 249
1240 G 995185 595 731 541 834450 140 186 149 158165 228
1241 T 994750 663 839950 725 571 186 151866 199 157 433
1242 A 994795 843349 745 627 692 148506 214 155 172 335
1243 C 997133 688 735 845177 447 196 194 149338 118 240
1244 A 999433 844720 603 513 606 152275 170 128 170 248
1245 G 998042 573 1823 548 846163 241 343 114 147990 247
1246 A 997178 844167 683 557 714 150257 187 109 255 249
1247 G 994091 654 1035 606 842092 149 323 125 148866 241
1248 A 991306 846191 513 637 727 142502 123 111 221 281
1249 A 990086 850733 596 548 655 136782 230 97 135 310
1250 A 987470 851378 631 386 665 133614 147 208 139 302
1251 T 986412 497 852322 622 601 127 131514 178 253 298
1252 C 987769 952 487 854726 468 206 341 130244 92 253
1253 T 989195 448 857768 654 458 202 129026 196 93 350
1254 C 987773 1838 554 856946 513 309 181 126913 261 258
1255 C 988095 3155 561 851363 624 542 114 131193 220 323
1256 C 987566 5764 579 850038 572 929 212 129131 127 214
1257 T 985906 520 855556 912 458 166 127652 228 93 321
1258 T 983334 440 858350 462 392 148 123052 74 104 312
1259 T 979442 423 859318 419 489 77 118242 62 86 326
1260 T 977241 373 858195 509 492 105 117052 97 118 300
1261 G 971921 569 1409 649 857996 149 292 144 110457 256
1262 A 967855 857523 577 617 965 107410 132 136 147 348
1263 C 966784 679 982 856898 669 174 151 106880 113 238
1264 A 969122 855222 890 903 1235 110132 177 138 203 222
1265 G 963913 867 1629 1021 852550 180 212 135 107044 275
1266 A 962417 853854 830 892 939 105200 147 119 144 292
1267 A 958811 849993 696 762 735 105924 117 107 100 377
1268 C 955354 753 772 848515 636 169 147 104059 99 204
1269 A 951472 846041 761 650 621 102823 148 76 102 250
1270 A 946878 844561 587 686 697 99570 97 132 107 441
1271 C 942195 693 699 843445 519 93 87 96315 90 254
1272 C 940277 1545 653 841058 491 273 90 95827 74 266
1273 A 938259 841457 706 513 537 94498 125 76 106 241
1274 T 933836 656 836968 579 520 98 94564 91 71 289
1275 T 930066 605 835520 687 382 130 92335 90 64 253
1276 A 926393 832517 791 649 428 91488 132 98 61 229
1277 T 921387 715 827682 690 497 110 91219 93 98 283
1278 G 914949 726 1615 620 822818 104 233 94 88505 234
1279 G 911226 730 1302 549 820422 90 157 81 87647 248
1280 C 908996 3370 1023 812430 561 414 139 90773 85 201
1281 A 903672 809681 518 552 741 91709 59 86 113 213
1282 G 896209 831 1220 444 802760 144 161 74 90353 222
1283 C 890517 1297 627 796901 438 223 85 90633 75 238
1284 A 884773 794294 568 450 450 88543 109 50 73 236
1285 T 880036 850 786017 627 670 131 91204 104 165 268
1286 T 875588 734 780903 583 737 142 91941 94 159 295
1287 C 870777 1657 880 774164 656 334 138 92585 134 229
1288 A 867754 768633 1174 771 1099 95398 153 109 166 251
1289 A 860724 761650 1082 926 1086 95286 161 123 177 233
1290 T 855912 1188 755899 869 933 200 96283 131 168 241
1291 G 850427 779 4254 798 746501 124 588 100 97043 240
1292 G 842037 726 3785 800 739350 117 479 125 96406 249
1293 G 836847 1413 1729 774 734916 193 309 112 97166 235
1294 A 830482 729097 941 991 1009 97585 208 130 176 345
1295 A 824494 724093 1062 908 964 96718 158 130 207 254
1296 T 817568 994 718401 1097 693 178 95706 146 114 239
1297 A 811804 714061 786 596 706 94999 186 98 140 232
1298 C 806499 759 988 709565 567 175 174 93927 127 217
1299 A 800784 707230 561 715 1014 90635 146 99 175 209
1300 G 789756 549 1734 515 698107 117 260 82 88207 185
1301 A 786047 693093 582 442 646 90643 138 83 148 272
1302 G 779678 627 3292 472 685162 120 442 108 89228 227
1303 G 771955 403 3893 547 681102 112 403 72 85231 192
1304 G 764486 596 2507 494 675504 110 328 70 84657 220
1305 G 756877 521 1730 509 668789 149 231 76 84666 206
1306 A 747905 659839 805 1042 899 84583 117 132 190 298
1307 G 740721 868 1631 904 651748 180 218 116 84851 205
1308 A 735740 645967 921 961 698 86462 126 145 132 328
1309 A 729916 639006 903 762 706 87888 154 128 136 233
1310 C 722604 923 905 631429 739 182 168 87893 146 219
1311 A 715152 625527 966 572 624 86871 179 99 112 202
1312 T 708724 653 619419 838 597 109 86680 137 110 181
1313 C 702314 1216 884 612933 566 196 141 86131 100 147
1314 T 695967 878 607038 948 504 169 85989 146 106 189
1315 G 687842 771 1435 650 600341 152 204 111 84015 163
1316 A 680968 595799 708 724 688 82442 175 121 130 181
1317 C 674401 746 746 589721 580 207 139 81998 119 145
1318 A 669356 581913 980 838 811 84188 203 128 146 149
1319 T 661944 883 574524 966 806 142 84156 154 149 164
1320 G 652541 992 2273 1003 566680 201 326 202 80721 143
1321 A 643483 563149 396 362 594 78572 63 93 104 150
1322 G 635846 569 1432 319 554538 86 215 81 78435 171
1323 G 628791 366 957 216 549207 136 134 44 77573 158
1324 A 622192 542164 379 384 386 77994 106 72 99 608
1325 C 616285 379 420 536980 332 100 97 77731 58 188
1326 C 609122 1285 724 528040 312 236 160 78124 70 171
1327 G 603905 719 864 305 522381 175 151 61 79121 128
1328 A 598562 517880 289 245 433 79415 73 42 59 126
1329 A 591837 513101 377 129 383 77523 72 28 64 160
1330 A 586339 507193 404 413 383 77549 85 83 103 126
1331 T 581053 354 501185 409 366 94 78292 87 85 181
1332 C 574614 742 384 494364 328 180 88 78315 78 135
1333 A 567416 487172 632 423 511 78211 131 65 112 159
1334 T 560814 475 479427 583 417 122 79495 93 79 123
1335 A 554273 471647 537 449 598 80578 100 85 142 137
1336 A 549109 463195 391 376 556 84190 75 81 109 136
1337 G 541362 331 1526 364 453747 102 285 62 84808 137
1338 G 534267 312 743 378 448143 108 132 77 84258 116
1339 A 527014 440989 464 558 581 83860 118 133 159 152
1340 T 520974 394 432323 556 514 122 86624 121 148 172
1341 G 513326 413 764 502 425205 116 168 110 85945 103
1342 A 505501 417653 346 284 443 86336 126 65 119 129
1343 T 497319 280 412552 294 376 80 83448 66 112 111
1344 G 491234 388 847 298 406074 111 235 98 83074 109
1345 G 483431 263 527 203 396816 150 226 49 85090 107
1346 A 473751 388266 227 188 301 84347 58 107 127 130
1347 A 466696 380860 210 196 259 84783 63 80 134 111
1348 A 459937 372510 247 239 298 86166 74 140 149 114
1349 G 454252 226 245 243 365811 98 107 121 87281 120
1350 T 448905 222 359278 273 257 139 87787 139 251 559
1351 G 440449 418 630 237 350171 139 184 132 88455 83
1352 C 431213 484 554 342538 303 221 190 86700 118 105
1353 A 419444 333839 226 234 413 84330 94 75 129 104
1354 A 412509 325425 222 187 313 86026 78 48 116 94
1355 G 402630 205 472 190 319026 111 104 54 82348 120
1356 A 393369 313790 197 224 251 78588 53 67 76 123
1357 C 386582 156 117 306420 167 61 41 79468 54 98
1358 C 379768 621 222 294551 150 293 97 83664 61 109
1359 A 372551 283765 177 112 194 88031 72 30 99 71
1360 G 363979 120 278 96 278038 72 106 35 85142 92
1361 A 357190 272858 103 114 147 83730 47 53 53 85
1362 A 348969 261591 126 121 128 86781 61 39 61 61
1363 G 339060 293 522 296 251469 154 172 112 85978 64
1364 A 331073 241711 354 314 331 87892 151 117 142 61
1365 T 326961 271 230293 342 286 125 95287 137 148 72
1366 G 321072 360 408 478 220311 188 227 236 98801 63
1367 T 316943 334 211563 487 307 263 103221 278 299 191
1368 G 311817 315 392 469 205134 245 244 272 104710 36
1369 T 307732 264 201270 315 334 207 104775 240 255 72
1370 C 307798 457 328 198509 298 355 255 107294 254 48
1371 T 442508 325 268576 411 426 415 171509 443 342 61
1372 T 444289 693 266505 458 479 567 174797 325 376 89
1373 T 442558 744 270104 619 388 530 169188 523 393 69
1374 C 445293 1270 396 272720 685 840 546 168310 464 62
1375 C 457761 2005 653 271547 560 1509 407 180651 373 56
1376 A 451566 271958 653 706 1571 174013 649 853 1086 77
1377 G 447012 689 2632 646 271322 739 1846 417 168671 50
1378 G 449765 493 769 530 273025 337 900 400 173223 88
1379 G 447666 864 1594 644 269325 600 1037 370 173172 60
1380 G 442898 710 1384 707 266990 488 872 615 171070 62
1381 C 449599 1402 1000 264978 800 872 1416 178265 751 115
1382 G 458591 953 3207 687 263517 636 2253 709 186539 90
1383 G 453109 687 3877 667 263104 422 2346 413 181528 65
1384 G 455199 986 2725 894 263389 550 1881 419 184249 106
1385 G 452891 867 995 889 267163 586 836 524 180850 181
1386 A 457898 266131 775 832 731 172888 489 552 8929 6571
1387 G 459805 372 335 418 278535 454 470 420 178744 57
1388 T 465050 170 265853 520 142 585 168182 571 11947 17080
1389 C 473072 646 248 292251 107 580 496 178193 364 187
1390 T 481400 1033 306349 691 982 607 170707 393 483 155
1391 T 484178 1057 305045 824 756 557 175046 464 355 74
1392 C 488959 1158 1017 307571 849 653 1190 175550 430 541
1393 G 494389 800 1002 427 316499 655 1058 596 172865 487
1394 A 495436 321709 573 478 599 170041 526 415 694 401
1395 G 497857 526 909 439 326685 459 709 377 167600 153
1396 C 500941 1194 789 338672 860 595 446 157380 635 370
1397 T 506193 919 354382 760 906 436 147292 585 416 497
1398 C 508189 1477 947 355351 972 665 546 147617 441 173
1399 T 510234 445 362417 480 73 256 145928 307 80 248
1400 C 511148 1126 722 362680 442 571 519 144761 213 114
1401 G 510896 549 1158 351 369987 359 625 420 137172 275
1402 G 509049 350 887 172 376975 208 372 118 129835 132
1403 A 507250 382424 270 255 437 119601 148 131 1800 2184
1404 C 506289 382 513 394659 345 295 180 109628 123 164
1405 G 504424 495 533 205 402982 177 170 136 99631 95
1406 A 502826 409821 229 140 212 91532 101 65 312 414
1407 A 501410 416078 185 222 196 84450 59 56 93 71
1408 A 499665 423127 374 293 247 75247 79 84 60 154
1409 A 497560 426951 332 344 671 68808 67 98 142 147
1410 G 494729 466 794 291 427015 2092 111 62 58931 4967
1411 G 492891 643 878 492 436225 108 138 103 54139 165
1412 C 490830 1104 744 442137 526 182 108 45402 295 332
1413 A 488404 445279 652 243 735 41157 72 40 99 127
1414 G 485041 484 885 301 448499 63 88 51 34561 109
1415 C 483425 824 957 450640 179 91 78 30455 72 129
1416 G 481380 657 1320 452 452437 78 100 35 26226 75
1417 A 479546 453963 381 477 358 23830 22 29 157 329
1418 G 477395 477 1411 378 453381 42 71 20 21523 92
1419 C 475629 735 712 454097 340 57 31 19009 145 503
1420 C 474293 930 323 455526 163 62 30 17090 10 159
1421 C 473562 2011 309 454004 228 124 34 16699 15 138
1422 G 471516 583 340 200 453692 46 14 135 15627 879
1423 A 470307 453189 399 249 352 15349 19 25 123 602
1424 T 469180 448 452189 308 292 81 15430 15 33 384
1425 C 467924 584 613 450994 204 35 21 15295 22 156
1426 G 466057 923 828 508 449702 77 31 36 13806 146
1427 T 464432 773 448176 613 516 27 12965 33 245 1084
1428 G 462906 884 1225 561 447918 30 29 15 12163 81
1429 C 461648 796 604 447404 422 28 14 12044 42 294
1430 C 460495 1101 614 446233 381 46 18 11980 17 105
1431 T 460035 568 445536 614 464 48 12188 108 11 498
1432 T 458801 584 445025 518 365 32 12018 15 12 232
1433 C 457362 963 693 443339 376 32 82 11669 19 189
1434 C 456135 1977 722 441222 385 84 41 11546 14 144
1435 T 455193 504 442287 643 347 46 10947 68 15 336
1436 T 453948 468 441895 458 353 28 10615 14 19 98
1437 T 452425 468 440830 474 334 19 10174 8 9 109
1438 G 450975 274 603 257 438006 13 426 15 9162 2219
1439 A 449914 439653 273 233 250 9166 22 11 22 284
1440 C 448823 292 276 439050 200 19 4 8806 13 163
1441 A 448495 438619 249 206 227 9050 9 7 12 116
1442 T 447721 213 437957 310 151 9 8878 8 2 193
1443 G 447148 253 1398 269 436580 10 27 6 8522 83
1444 A 446150 437078 226 108 296 8067 10 6 21 338
1445 G 445331 258 269 99 436761 4 9 4 7853 74
1446 T 444552 142 429015 163 151 18 7239 9 399 7416
1447 A 443644 435714 153 92 184 7235 6 1 6 253
1448 A 442664 435422 169 111 162 6680 2 4 6 108
1449 T 441583 188 434608 174 75 29 6233 2 4 270
1450 G 441217 263 711 292 433568 14 12 3 6237 117
1451 A 440470 433324 337 231 265 6001 5 2 2 303
1452 A 439852 432997 271 272 262 5956 3 2 3 86
1453 G 439334 212 584 273 432231 83 15 7 5600 329
1454 G 438856 239 338 235 432192 10 11 11 5657 163
1455 A 438285 431433 251 189 216 5418 9 42 34 693
1456 T 437720 202 431516 258 184 63 5243 9 6 239
1457 C 437288 257 285 431265 198 7 7 5148 19 102
1458 T 436957 236 430858 283 154 19 5153 7 49 198
1459 T 436503 278 430508 330 249 44 4917 16 5 156
1460 A 435891 430111 273 167 263 4562 86 5 5 419
1461 T 435361 286 430077 264 216 3 4321 27 5 162
1462 T 434928 258 429954 236 195 6 4062 3 23 191
1463 T 434534 281 429757 258 205 12 3906 3 11 101
1464 C 433949 550 314 426674 234 5 163 3390 12 2607
1465 T 433644 340 429068 374 299 12 3419 10 8 114
1466 T 433220 355 428845 306 280 10 3197 6 10 211
1467 C 432708 919 595 427315 311 16 42 2828 6 676
1468 G 432435 587 1367 292 427232 22 17 2 2744 172
1469 G 432014 366 1027 318 427677 3 16 2 2537 68
1470 A 431737 426761 388 309 401 2368 12 3 49 1446
1471 G 431337 340 777 184 427714 16 4 0 2209 93
1472 A 431062 427829 240 278 302 2049 3 10 5 346
1473 C 430670 265 378 427769 206 5 9 1886 3 149
1474 A 430340 427729 245 210 273 1778 7 7 1 90
1475 A 429862 427384 261 198 277 1646 6 0 2 88
1476 T 429202 307 425895 198 227 22 1490 3 0 1060
1477 G 428476 328 534 231 425797 2 3 0 1411 170
1478 C 427733 721 400 425005 191 7 3 1273 2 131
1479 A 427158 424902 286 199 308 1184 0 3 1 275
1480 G 426526 298 976 230 423836 4 3 3 1083 93
1481 A 425310 423198 332 266 301 993 3 0 2 215
1482 G 424010 389 1532 264 420785 3 4 3 933 97
1483 G 422494 259 891 242 419981 3 3 1 931 183
1484 A 420184 416990 307 285 314 845 2 0 13 1428
1485 G 417305 377 361 236 415471 10 0 2 807 41
1486 T 415710 202 395040 279 206 12 697 0 83 19191
1487 A 414347 412675 254 184 343 792 3 0 2 94
1488 C 413638 227 463 411650 204 13 0 771 1 309
1489 G 410954 332 514 196 409030 8 4 1 774 95
1490 A 406935 405125 276 193 379 793 3 1 4 161
1491 C 405588 274 271 403770 212 18 4 815 2 222
1492 A 402639 400270 495 383 413 927 4 4 12 131
1493 A 399459 397092 521 352 363 1032 3 4 5 87
1494 T 395622 421 392968 323 352 13 1091 3 1 450