SITE	RMSD_BETWEEN	RMSD_WITHIN	RMSD_CORRECTED
2	0.775943	0.322996	0.452947
3	0.562414	0.580765	-0.018351
4	0.600910	0.481822	0.119088
5	0.780088	0.542393	0.237695
6	0.843111	0.485424	0.357687
7	0.795739	0.422075	0.373664
8	0.767501	0.417794	0.349707
9	0.726960	0.635628	0.091333
10	0.682472	0.655804	0.026668
11	0.679048	0.499037	0.180012
12	0.717618	0.618866	0.098752
13	0.758450	0.537360	0.221090
14	0.659966	0.534313	0.125653
15	0.639918	0.578281	0.061638
16	0.608213	0.527692	0.080521
17	0.693056	0.528365	0.164691
18	0.613549	0.513250	0.100298
19	0.742091	0.492894	0.249196
20	0.796599	0.500607	0.295992
21	0.761288	0.634215	0.127073
22	0.775484	0.596130	0.179354
23	0.722292	0.564841	0.157451
24	0.683652	0.500903	0.182749
25	0.762516	0.625818	0.136698
26	0.834334	0.681887	0.152447
27	0.732773	0.553953	0.178819
28	0.700020	0.605645	0.094375
29	0.748548	0.490279	0.258269
30	0.762209	0.603310	0.158899
31	0.748698	0.573538	0.175160
32	0.769648	0.615260	0.154388
33	0.684940	0.604407	0.080533
34	0.631272	0.507113	0.124159
35	0.714335	0.454031	0.260304
36	0.599325	0.567788	0.031538
37	0.727738	0.568831	0.158907
38	0.651264	0.440799	0.210466
39	0.776853	0.620672	0.156180
40	0.757239	0.461370	0.295869
41	0.632977	0.498613	0.134363
42	0.699320	0.465069	0.234251
43	0.585909	0.456099	0.129810
44	0.722310	0.530791	0.191518
45	0.728477	0.518258	0.210219
46	0.730204	0.499048	0.231156
47	0.651331	0.543961	0.107370
48	0.684747	0.492942	0.191805
49	0.561969	0.461361	0.100608
50	0.728481	0.512195	0.216286
51	0.683223	0.538528	0.144696
52	0.610371	0.494475	0.115896
53	0.608362	0.583069	0.025293
54	0.648312	0.506281	0.142030
55	0.742899	0.588926	0.153973
56	0.704910	0.598155	0.106755
57	0.692704	0.494090	0.198615
58	0.701749	0.462519	0.239230
59	0.741080	0.461102	0.279978
60	0.629524	0.481491	0.148033
61	0.603892	0.531309	0.072583
62	0.744815	0.573223	0.171592
63	0.786136	0.556018	0.230118
64	0.650396	0.516767	0.133629
65	0.576549	0.426304	0.150245
66	0.688330	0.358534	0.329795
67	0.632352	0.420303	0.212049
68	0.566029	0.511937	0.054092
69	0.722587	0.386420	0.336166
70	0.643427	0.465224	0.178203
71	0.735950	0.579405	0.156545
72	0.745877	0.448917	0.296961
73	0.702312	0.520256	0.182056
74	0.787790	0.547232	0.240558
75	0.710702	0.480308	0.230394
76	0.760488	0.453719	0.306769
77	0.775919	0.451839	0.324079
78	0.821271	0.548077	0.273194
79	0.425332	0.422098	0.003234
80	0.743383	0.312893	0.430490
81	0.689971	0.369042	0.320929
82	0.796629	0.533845	0.262784
83	0.649743	0.441236	0.208507
84	0.741738	0.457842	0.283896
85	0.741838	0.501661	0.240177
86	0.644835	0.558878	0.085957
87	0.767108	0.285511	0.481597
88	0.817120	0.637392	0.179728
89	0.606066	0.477048	0.129018
90	0.573270	0.511291	0.061978
91	0.689294	0.466698	0.222597
92	0.660367	0.532977	0.127389
93	0.759389	0.509694	0.249695
94	0.661020	0.358971	0.302048
95	0.767423	0.405544	0.361880
96	0.444683	0.411532	0.033152
97	0.745703	0.427825	0.317878
98	0.747519	0.508446	0.239072
99	0.670593	0.561469	0.109124
100	0.536544	0.532662	0.003882
101	0.532670	0.450395	0.082275
102	0.748496	0.543857	0.204639
103	0.628945	0.556819	0.072126
104	0.653539	0.428954	0.224585
105	0.704756	0.491777	0.212979
106	0.745089	0.442821	0.302268
107	0.792291	0.391968	0.400323
108	0.727139	0.372445	0.354694
109	0.766236	0.490268	0.275968
110	0.777927	0.341286	0.436640
111	0.685323	0.589254	0.096069
112	0.761403	0.513309	0.248094
113	0.672498	0.485425	0.187073
114	0.608835	0.477471	0.131364
115	0.691057	0.360800	0.330257
116	0.786810	0.461107	0.325703
117	0.755610	0.455745	0.299865
118	0.703815	0.376090	0.327725
119	0.660306	0.417174	0.243132
120	0.696408	0.402398	0.294011
121	0.631742	0.458841	0.172901
122	0.682902	0.507441	0.175461
123	0.552248	0.487899	0.064350
124	0.640688	0.519375	0.121314
125	0.692048	0.486574	0.205473
126	0.624608	0.562875	0.061733
127	0.604150	0.591531	0.012619
128	0.674377	0.615370	0.059007
129	0.692892	0.482403	0.210489
130	0.661159	0.426164	0.234995
131	0.773798	0.446311	0.327487
132	0.726219	0.466957	0.259262
133	0.501050	0.506638	-0.005588
134	0.772504	0.435606	0.336898
135	0.708064	0.487643	0.220421
136	0.681496	0.532841	0.148655
137	0.683533	0.419161	0.264372
138	0.668859	0.521693	0.147167
139	0.615169	0.469615	0.145555
140	0.744780	0.395857	0.348923
141	0.605549	0.406633	0.198916
142	0.373065	0.348162	0.024903
143	0.703851	0.440013	0.263838
144	0.748224	0.472564	0.275661
145	0.539760	0.413954	0.125805
146	0.683448	0.494938	0.188510
147	0.649446	0.380110	0.269337
148	0.698216	0.377307	0.320909
149	0.806842	0.287280	0.519562
150	0.736453	0.491090	0.245363
151	0.638930	0.356758	0.282172
152	0.762921	0.355821	0.407099
153	0.662569	0.483033	0.179536
154	0.724508	0.475523	0.248985
155	0.646088	0.517469	0.128619
156	0.717067	0.460410	0.256657
157	0.618477	0.579701	0.038776
158	0.693566	0.513914	0.179652
159	0.783747	0.500375	0.283372
160	0.776673	0.332187	0.444486
161	0.847264	0.527069	0.320195
162	0.470904	0.401586	0.069319
163	0.810426	0.410175	0.400251
164	0.778796	0.552265	0.226531
165	0.744667	0.567270	0.177397
166	0.793637	0.430587	0.363049
167	0.722064	0.428630	0.293434
168	0.649829	0.427645	0.222184
169	0.595966	0.481532	0.114434
170	0.625511	0.382568	0.242943
171	0.655353	0.494291	0.161062
172	0.717030	0.509618	0.207412
173	0.706521	0.539424	0.167097
174	0.797342	0.358045	0.439297
175	0.630915	0.517362	0.113553
176	0.647853	0.486815	0.161038
177	0.771692	0.342479	0.429213
178	0.537468	0.465773	0.071695
179	0.652553	0.482655	0.169899
180	0.641572	0.399216	0.242356
181	0.772007	0.566499	0.205509
182	0.624103	0.490565	0.133538
183	0.807778	0.378909	0.428869
184	0.664197	0.501353	0.162843
185	0.710045	0.441534	0.268511
186	0.781765	0.631601	0.150164
187	0.724433	0.534611	0.189822
188	0.606305	0.408346	0.197959
189	0.641780	0.462905	0.178876
190	0.745981	0.361804	0.384176
191	0.692340	0.448115	0.244225
192	0.768351	0.435499	0.332852
193	0.822937	0.588434	0.234504
194	0.844282	0.537627	0.306655
195	0.807056	0.409934	0.397122
196	0.789521	0.338596	0.450926
197	0.671740	0.587268	0.084472
198	0.734626	0.379643	0.354983
199	0.714985	0.474383	0.240602
200	0.554660	0.411876	0.142784
201	0.670157	0.588934	0.081223
202	0.721315	0.510480	0.210835
203	0.727520	0.365182	0.362338
204	0.798022	0.363071	0.434951
205	0.725430	0.653338	0.072092
206	0.713288	0.522177	0.191111
207	0.758388	0.438772	0.319616
208	0.821754	0.303080	0.518674
209	0.578426	0.482525	0.095901
210	0.756909	0.578838	0.178071
211	0.681855	0.660030	0.021825
212	0.647997	0.476580	0.171417
213	0.696208	0.438962	0.257246
214	0.631868	0.514920	0.116948
215	0.702276	0.395867	0.306409
216	0.695569	0.545782	0.149787
217	0.674590	0.431471	0.243119
218	0.643812	0.511190	0.132622
219	0.645109	0.413798	0.231311
220	0.727845	0.597774	0.130071
221	0.687073	0.536834	0.150239
222	0.632341	0.564323	0.068018
223	0.599758	0.470330	0.129427
224	0.575561	0.489111	0.086450
225	0.642653	0.491741	0.150912
226	0.560198	0.401544	0.158654
227	0.582178	0.424393	0.157785
228	0.641278	0.468150	0.173128
229	0.665056	0.413511	0.251545
230	0.690827	0.553387	0.137440
231	0.650874	0.531285	0.119588
232	0.628937	0.557814	0.071124
233	0.813583	0.507230	0.306353
234	0.628983	0.498247	0.130736
235	0.659681	0.505096	0.154585
236	0.668994	0.440178	0.228816
237	0.709348	0.499818	0.209529
238	0.700590	0.513794	0.186795
239	0.702119	0.635914	0.066205
240	0.717402	0.602439	0.114963
241	0.754596	0.324499	0.430097
242	0.732766	0.398614	0.334151
243	0.752400	0.350347	0.402052
244	0.703032	0.464578	0.238454
245	0.787289	0.447276	0.340013
246	0.734074	0.486362	0.247713
247	0.829213	0.420014	0.409199
248	0.698083	0.582336	0.115747
249	0.741331	0.396107	0.345224
250	0.801828	0.480122	0.321706
251	0.570465	0.482481	0.087984
252	0.657960	0.408676	0.249284
253	0.670826	0.474513	0.196313
254	0.553745	0.407730	0.146014
255	0.709391	0.477379	0.232013
256	0.653306	0.425306	0.228000
257	0.640638	0.550127	0.090511
258	0.507547	0.383309	0.124237
259	0.718148	0.462105	0.256043
260	0.421707	0.372615	0.049091
261	0.699049	0.401153	0.297896
262	0.759142	0.435061	0.324081
263	0.779173	0.456946	0.322227
264	0.583110	0.464438	0.118672
265	0.539155	0.504159	0.034996
266	0.690569	0.454892	0.235677
267	0.803546	0.440268	0.363278
268	0.645461	0.499291	0.146170
269	0.731456	0.456144	0.275312
270	0.770425	0.405071	0.365354
271	0.766302	0.500622	0.265680
272	0.744815	0.421496	0.323319
273	0.818855	0.359768	0.459087
274	0.615202	0.471531	0.143671
275	0.707845	0.412161	0.295684
276	0.642778	0.483322	0.159456
277	0.534615	0.405275	0.129339
278	0.621179	0.551632	0.069547
279	0.686344	0.505090	0.181254
280	0.725784	0.416100	0.309684
281	0.729507	0.362753	0.366754
282	0.735777	0.447206	0.288570
283	0.566776	0.456621	0.110155
284	0.787207	0.522176	0.265031
285	0.524482	0.454847	0.069635
286	0.646915	0.568163	0.078752
287	0.615534	0.496257	0.119277
288	0.653491	0.463092	0.190398
289	0.633042	0.603994	0.029047
290	0.549773	0.503107	0.046666
291	0.734816	0.424308	0.310509
292	0.701255	0.565004	0.136251
293	0.761002	0.510180	0.250822
294	0.606830	0.567463	0.039367
295	0.712134	0.249784	0.462350
296	0.719970	0.392207	0.327763
297	0.407058	0.344238	0.062820
298	0.764394	0.339537	0.424857
299	0.572905	0.460193	0.112712
300	0.355476	0.284135	0.071341
301	0.707960	0.419067	0.288893
302	0.751576	0.499362	0.252214
303	0.727908	0.617885	0.110023
304	0.724258	0.475238	0.249020
305	0.693645	0.579174	0.114471
306	0.627892	0.570657	0.057235
307	0.782281	0.441672	0.340610
308	0.768968	0.547157	0.221811
309	0.762775	0.421664	0.341111
310	0.745062	0.397514	0.347547
311	0.815583	0.454446	0.361137
312	0.774461	0.496698	0.277762
313	0.737914	0.585147	0.152767
314	0.675912	0.469687	0.206225
315	0.705675	0.422423	0.283252
316	0.491525	0.376168	0.115357
317	0.795824	0.318174	0.477651
318	0.647716	0.522081	0.125634
319	0.725557	0.448697	0.276859
320	0.806490	0.395557	0.410932
321	0.571273	0.432223	0.139049
322	0.772401	0.394546	0.377855
323	0.711997	0.466566	0.245431
324	0.676312	0.348192	0.328120
325	0.755841	0.334187	0.421654
326	0.581690	0.406213	0.175477
327	0.711974	0.503589	0.208385
328	0.461967	0.390568	0.071399
329	0.724798	0.424611	0.300186
330	0.768447	0.331096	0.437351
331	0.748931	0.401685	0.347246
332	0.711887	0.358411	0.353476
333	0.707066	0.459251	0.247815
334	0.793338	0.435322	0.358017
335	0.751570	0.336041	0.415528
336	0.796667	0.410491	0.386176
337	0.654899	0.523778	0.131122
338	0.785279	0.615976	0.169303
339	0.756095	0.434626	0.321469
340	0.773439	0.469126	0.304312
341	0.732904	0.523488	0.209415
342	0.717190	0.455212	0.261979
343	0.853792	0.411270	0.442522
344	0.743992	0.385084	0.358907
345	0.786744	0.423737	0.363007
346	0.522826	0.442731	0.080095
347	0.690048	0.496494	0.193554
348	0.744545	0.332120	0.412425
349	0.781402	0.443704	0.337698
350	0.639487	0.485826	0.153661
351	0.770629	0.409100	0.361529
352	0.728920	0.375809	0.353111
353	0.721562	0.487872	0.233690
354	0.783701	0.405918	0.377782
355	0.717450	0.285178	0.432271
356	0.390175	0.285456	0.104720
357	0.751825	0.309931	0.441894
358	0.512124	0.319875	0.192249
359	0.717654	0.454421	0.263233
360	0.820889	0.313509	0.507380
361	0.711789	0.436536	0.275253
362	0.685226	0.316043	0.369183
363	0.807150	0.533651	0.273499
364	0.751323	0.499851	0.251472
365	0.762988	0.399631	0.363357
366	0.758595	0.308018	0.450577
367	0.775742	0.538477	0.237264
368	0.717508	0.476567	0.240940
369	0.740098	0.481315	0.258783
370	0.582029	0.500355	0.081674
371	0.782467	0.467594	0.314873
372	0.523386	0.424218	0.099168
373	0.717361	0.537528	0.179833
374	0.776019	0.428931	0.347089
375	0.621083	0.509993	0.111090
376	0.523338	0.462276	0.061061
377	0.777796	0.482134	0.295662
378	0.650631	0.417467	0.233164
379	0.783834	0.392277	0.391558
380	0.726813	0.399411	0.327402
381	0.714173	0.565259	0.148915
382	0.581947	0.450350	0.131597
383	0.574700	0.496279	0.078421
384	0.740563	0.427031	0.313532
385	0.772798	0.542333	0.230465
386	0.672594	0.428450	0.244144
387	0.417109	0.307334	0.109775
388	0.554511	0.425031	0.129480
389	0.663364	0.452100	0.211263
390	0.740983	0.411588	0.329394
391	0.792201	0.339637	0.452564
392	0.620139	0.360078	0.260061
393	0.761378	0.466671	0.294707
394	0.789238	0.425318	0.363920
395	0.809563	0.414813	0.394750
396	0.686373	0.612677	0.073696
397	0.731543	0.560200	0.171343
398	0.789566	0.537362	0.252204
399	0.777757	0.458850	0.318906
400	0.672156	0.418154	0.254002
401	0.694797	0.496620	0.198178
402	0.790354	0.449238	0.341117
403	0.518629	0.429799	0.088830
404	0.559381	0.501267	0.058115
405	0.590111	0.425157	0.164954
406	0.656805	0.519778	0.137026
407	0.609795	0.570900	0.038894
408	0.608365	0.615480	-0.007115
409	0.601240	0.563258	0.037982
410	0.763221	0.494492	0.268728
411	0.678219	0.428809	0.249410
412	0.657790	0.501427	0.156363
413	0.714627	0.346023	0.368604
414	0.762024	0.393583	0.368441
415	0.606920	0.556303	0.050617
416	0.583599	0.455575	0.128024
417	0.688990	0.419455	0.269535
418	0.765090	0.559207	0.205883
419	0.668861	0.389218	0.279643
420	0.694314	0.547466	0.146848
421	0.715616	0.586972	0.128644
422	0.640226	0.566314	0.073912
423	0.710975	0.357872	0.353103
424	0.638115	0.452619	0.185496
425	0.790404	0.473171	0.317233
426	0.737413	0.434404	0.303010
427	0.752798	0.606131	0.146668
428	0.689990	0.519810	0.170180
429	0.794531	0.426144	0.368386
430	0.687155	0.467663	0.219492
431	0.599488	0.498745	0.100743
432	0.597366	0.525573	0.071793
433	0.698844	0.481372	0.217473
434	0.713278	0.425213	0.288066
435	0.664948	0.316082	0.348867
436	0.670593	0.300130	0.370463
437	0.698028	0.437275	0.260753
438	0.669880	0.523535	0.146345
439	0.706176	0.611479	0.094697
440	0.701093	0.430743	0.270350
441	0.682428	0.480428	0.202000
442	0.734763	0.594934	0.139828
443	0.722424	0.488418	0.234007
444	0.668896	0.457746	0.211150
445	0.668700	0.506693	0.162008
446	0.597025	0.481079	0.115946
447	0.681234	0.452576	0.228659
448	0.696650	0.492086	0.204565
449	0.718703	0.546940	0.171763
450	0.588133	0.467715	0.120418
451	0.689095	0.624769	0.064326
452	0.694603	0.497410	0.197193
453	0.696609	0.505693	0.190915
454	0.759130	0.671871	0.087259
455	0.600233	0.498190	0.102043
456	0.681153	0.587857	0.093295
457	0.674116	0.476772	0.197344
458	0.765605	0.461480	0.304124
459	0.576664	0.521527	0.055137
460	0.669014	0.569428	0.099586
461	0.789329	0.501549	0.287780
462	0.765916	0.550322	0.215594
463	0.758771	0.610656	0.148115
464	0.815206	0.492131	0.323076
465	0.809598	0.388139	0.421459
466	0.715589	0.556625	0.158963
467	0.592646	0.553681	0.038965
468	0.784140	0.518490	0.265650
469	0.696537	0.408251	0.288285
470	0.644635	0.455055	0.189580
471	0.773530	0.387874	0.385656
472	0.718184	0.499467	0.218717
473	0.836568	0.748269	0.088299
474	0.750833	0.578680	0.172154
475	0.669196	0.402461	0.266735
476	0.700629	0.562147	0.138482
477	0.810187	0.374939	0.435248
478	0.720480	0.520180	0.200300
479	0.703156	0.560574	0.142582
480	0.718919	0.523514	0.195405
481	0.738599	0.599085	0.139514
482	0.684568	0.510402	0.174166
483	0.714661	0.491112	0.223549
484	0.828979	0.638820	0.190158
485	0.758756	0.634824	0.123932
486	0.653997	0.471817	0.182180
487	0.783832	0.345333	0.438499
488	0.808533	0.443502	0.365031
489	0.769431	0.591421	0.178010
490	0.749092	0.530651	0.218441
491	0.719617	0.547217	0.172401
492	0.733271	0.508013	0.225258
493	0.654692	0.566775	0.087917
494	0.686934	0.506953	0.179981
495	0.707500	0.606358	0.101143
496	0.790276	0.572961	0.217315
497	0.667809	0.643125	0.024684
498	0.645211	0.486595	0.158616
