# amino-acid counts among definitively called codons
# POSITION TOTAL_COUNTS WT N_A N_C N_D N_E N_F N_G N_H N_I N_K N_L N_M N_N N_P N_Q N_R N_S N_T N_V N_W N_Y N_STOP
1 1190784 M 0 0 0 0 0 0 0 509 92 89 1189796 0 0 0 10 0 131 157 0 0 0
2 1195467 A 1193709 3 2 659 2 73 1 1 0 2 0 1 45 3 8 530 102 324 0 0 2
3 1197173 S 6 30 4 2 99 0 6 4 3 14 0 3 184 1 11 1196613 47 0 0 142 4
4 1198643 Q 4 2 3 51 0 7 103 2 539 81 0 1 20 1197369 305 6 6 3 0 2 139
5 1200773 G 50 357 203 0 4 1199662 3 4 1 1 1 0 3 1 42 109 3 325 0 2 2
6 1201582 T 212 2 1 1 3 9 1 107 4 6 0 86 16 3 8 124 1200980 8 1 6 4
7 1204503 K 4 2 5 127 5 8 2 49 1203992 6 0 112 9 11 97 7 13 5 1 2 46
8 1208435 R 4 1 3 3 4 42 1 3 3 213 0 2 43 172 1207745 8 3 3 1 1 180
9 1212353 S 8 47 1 2 72 3 4 4 2 4 1 3 158 8 8 1211756 85 7 0 174 6
10 1215616 Y 5 154 9 2 40 3 157 2 3 10 1 37 10 5 4 7 8 2 0 1214951 206
11 1220424 E 8 1 87 1219389 3 134 1 6 250 6 3 2 6 64 5 10 10 65 0 2 372
12 1226656 Q 3 1 3 41 1 2 324 2 158 92 0 1 15 1225679 175 6 9 4 0 1 139
13 1233673 M 2 1 2 1 6 2 2 545 101 97 1232618 1 4 3 9 5 119 149 2 1 3
14 1229330 E 18 1 307 1227985 1 367 1 3 84 4 0 1 3 42 6 8 3 99 1 1 395
15 1220388 T 154 1 2 0 2 6 1 98 3 7 0 144 10 3 7 167 1219777 2 1 2 1
16 1206615 D 7 3 1205537 126 0 200 59 4 1 6 3 147 4 1 2 3 5 116 0 387 4
17 1177983 G 51 1 2 121 4 1176595 2 5 3 17 0 2 9 1 207 12 6 460 1 2 482
18 1165160 E 8 1 44 1164394 1 137 6 3 156 8 0 2 19 44 7 6 9 49 0 2 264
19 1131891 R 2 212 1 2 0 69 292 2 3 717 1 2 59 1 1130386 124 8 5 2 1 2
20 1096918 Q 4 2 3 42 2 5 294 2 324 69 1 0 23 1095666 292 10 3 2 0 2 172
21 1052962 N 3 0 103 0 1 6 5 51 63 7 1 1052523 11 1 6 121 6 3 4 46 1
22 990939 A 989609 1 285 2 0 46 1 1 1 7 0 1 51 4 3 464 211 248 0 3 1
23 963305 T 106 2 1 1 4 1 0 49 2 5 0 128 23 6 8 131 962824 5 3 2 4
24 922415 E 10 4 57 921652 4 138 3 2 151 20 0 1 8 38 7 8 4 51 1 2 254
25 871513 I 1 1 0 1 42 0 1 871164 1 6 31 46 11 1 3 11 104 85 1 2 1
26 841137 R 3 5 1 1 0 207 2 339 57 1 1 1 2 1 840366 53 34 1 0 2 60
27 808410 A 807563 0 0 293 1 40 2 3 2 4 1 0 32 1 6 230 86 145 0 1 0
28 788791 S 6 32 1 0 51 2 1 3 1 4 1 2 111 0 3 788312 61 2 0 194 4
29 766275 V 89 3 69 2 95 10 0 179 0 21 1 1 0 1 2 1 1 765796 1 2 1
30 736650 G 25 2 1 86 1 735844 2 0 2 2 0 1 1 1 259 5 2 148 1 0 267
31 716483 K 2 0 1 98 1 2 4 39 716185 5 3 28 5 4 64 2 7 3 0 0 30
32 677981 M 5 2 0 1 2 1 1 227 28 38 677511 4 0 0 7 5 86 59 1 3 0
33 653169 I 4 1 2 1 27 0 3 652939 2 7 6 45 0 1 4 6 66 50 0 2 3
34 656351 G 21 219 59 1 1 655874 3 1 2 0 0 3 2 0 19 77 0 64 1 0 4
35 472218 G 21 0 3 25 0 471794 0 1 2 2 0 0 2 1 80 0 0 112 0 0 175
36 496559 I 1 0 1 0 31 0 1 496395 0 1 2 15 0 0 2 2 38 69 0 0 1
37 512138 G 19 0 0 41 0 511663 0 1 0 0 0 0 0 0 96 0 0 136 0 1 181
38 532098 R 0 0 0 0 0 27 1 0 0 124 0 1 20 90 531707 0 0 2 0 0 126
39 549375 F 0 3 2 0 549002 2 1 45 0 227 0 3 0 0 3 48 3 4 0 30 2
40 572587 Y 4 91 7 1 56 0 138 0 1 0 0 33 2 0 3 5 1 2 0 572164 79
41 595412 I 0 1 1 2 47 1 1 595121 2 8 16 42 2 0 1 8 84 71 2 1 1
42 621351 Q 1 0 0 23 0 3 14 4 181 42 0 0 7 620922 71 5 1 3 0 0 74
43 646095 M 1 2 1 0 1 0 0 175 25 43 645705 4 1 0 4 5 62 64 0 1 1
44 677719 C 2 676876 3 1 250 8 0 3 1 3 0 1 2 0 122 96 0 1 31 147 172
45 702286 T 116 0 2 0 0 0 1 96 0 2 0 55 10 0 3 98 701896 0 0 5 2
46 726917 E 6 0 59 726363 0 62 0 0 176 3 0 2 5 27 0 0 3 31 1 1 178
47 751927 L 1 0 1 0 86 2 42 55 2 751554 0 4 153 1 5 0 1 18 0 2 0
48 773096 K 1 1 2 111 0 0 2 25 772746 0 0 72 2 9 79 7 8 3 1 5 22
49 784476 L 1 2 1 0 58 6 29 59 3 784163 0 2 102 3 12 2 6 24 1 1 1
50 802365 S 5 48 0 3 1 179 3 81 1 5 0 51 4 1 129 801824 22 2 2 0 4
51 822503 D 2 2 821904 73 0 81 33 3 2 5 0 69 1 0 5 2 2 61 0 255 3
52 842378 Y 0 105 3 1 56 4 51 1 1 4 1 8 0 1 1 7 2 5 0 842043 84
53 872410 E 16 0 538 870891 0 186 1 1 97 5 1 1 1 31 1 5 3 74 3 5 550
54 889689 G 28 0 1 184 1 888710 5 2 0 8 0 1 6 1 138 3 1 214 0 2 384
55 899281 R 2 2 3 1 1 25 3 2 0 297 1 1 22 172 898516 5 2 2 221 1 2
56 908352 L 1 1 2 1 190 1 2 0 2 907893 77 1 4 0 2 107 2 5 7 1 53
57 921531 I 4 1 2 0 97 1 2 921060 4 15 31 73 3 1 0 9 126 96 0 5 1
58 932727 Q 6 1 2 27 3 6 38 0 238 41 0 0 105 932010 116 4 3 8 0 1 118
59 930494 N 0 3 91 1 2 2 4 68 125 3 0 929968 2 3 4 122 53 4 0 38 1
60 935535 S 1 18 0 0 1 122 0 358 0 1 1 73 2 2 391 934539 23 2 0 0 1
61 938718 L 0 2 1 3 65 5 5 48 2 938376 0 2 0 1 3 101 4 6 1 3 90
62 952424 T 119 1 2 3 1 4 4 96 92 5 0 1 12 2 33 89 951949 3 3 1 4
63 967973 I 1 2 0 1 0 3 1 967475 65 81 161 3 5 1 2 1 98 71 0 0 2
64 981924 E 10 1 337 980825 1 142 0 2 92 2 1 0 4 39 6 5 3 46 0 2 406
65 982004 R 1 1 3 2 1 171 1 213 88 4 0 1 2 1 981338 50 39 1 1 3 83
66 983230 M 1 0 0 0 1 1 0 480 78 57 982411 2 1 0 6 2 87 96 2 3 2
67 972463 V 139 1 1 137 0 14 0 1 0 118 107 0 0 0 0 0 0 971945 0 0 0
68 975068 L 1 2 0 1 95 1 58 308 1 974392 0 1 144 1 17 4 0 39 1 1 1
69 969631 S 2 43 0 0 59 2 1 1 1 6 0 1 168 0 3 968971 53 1 1 315 3
70 959838 A 958890 2 262 0 1 28 1 2 0 1 0 1 50 0 0 349 181 66 0 2 2
71 952037 F 0 6 0 1 951689 1 2 43 0 150 0 1 4 1 4 92 3 4 0 33 3
72 943541 D 7 0 942756 131 1 176 43 1 4 4 2 106 2 1 4 2 1 68 0 232 0
73 945911 E 4 0 55 945204 1 142 0 0 168 3 0 0 2 41 1 2 2 58 0 0 228
74 965520 R 3 0 0 1 0 115 0 4 74 4 406 1 3 0 964503 336 26 0 43 0 1
75 965844 R 2 3 0 0 0 165 0 186 95 4 0 1 3 2 965187 65 40 0 1 1 89
76 966468 N 0 1 101 1 0 1 2 37 66 1 1 966106 2 1 1 102 4 1 0 39 1
77 962306 K 2 1 0 119 1 0 2 54 961934 3 0 47 1 5 89 1 6 1 1 1 38
78 973225 Y 1 105 6 1 54 1 124 1 1 3 0 60 3 1 3 6 5 0 2 972733 115
79 981667 L 2 2 0 4 36 4 67 404 3 980971 1 2 112 3 13 1 3 35 0 1 3
80 968576 E 10 2 65 967860 2 125 0 0 108 4 0 3 3 43 9 8 3 67 2 0 262
81 966886 E 7 3 89 966247 2 114 2 6 79 3 0 2 1 38 2 5 1 77 1 2 205
82 967375 H 0 3 23 0 4 6 966924 1 1 65 1 88 5 62 91 1 1 0 1 97 1
83 967555 P 35 1 0 2 3 3 407 1 3 103 2 4 966623 2 38 81 237 1 1 5 3
84 983979 S 5 20 2 0 2 155 0 88 0 6 0 79 1 0 98 983497 20 3 2 0 1
85 985082 A 983621 0 2 302 1 34 1 1 2 3 2 0 52 1 2 675 92 287 1 1 2
86 985149 G 39 1 1 137 3 983056 2 0 2 6 1 1 2 2 171 5 1 441 1277 0 1
87 989932 K 4 1 0 154 0 5 1 51 989392 4 1 99 2 2 151 7 6 3 1 0 48
88 998724 D 8 0 998184 80 3 80 24 3 0 8 1 71 2 3 7 7 3 67 1 164 8
89 1002064 P 33 1 2 2 2 9 264 3 2 71 0 1 1001372 5 40 63 180 5 3 2 4
90 1004671 K 4 3 1 133 3 11 2 6 1004232 8 27 100 3 6 96 9 10 7 1 3 6
91 1000755 K 4 1 0 105 3 7 1 42 1000376 7 0 19 5 3 110 10 6 1 0 5 50
92 992396 T 72 2 0 0 0 0 0 47 0 1 0 85 41 1 3 95 992046 0 0 1 2
93 994723 G 27 2 1 88 1 993850 1 3 1 1 0 1 3 0 181 5 3 211 1 2 341
94 992585 G 35 1 0 92 1 991854 0 1 0 2 0 1 5 0 137 2 2 222 0 1 229
95 985630 P 35 0 0 0 0 0 373 0 1 55 1 0 984942 1 22 109 89 1 0 0 1
96 980940 I 1 2 0 1 0 1 1 980448 96 87 75 1 2 2 4 4 105 104 0 2 4
97 975050 Y 2 102 5 1 102 1 100 0 0 8 0 84 7 0 3 14 1 2 1 974444 173
98 973161 R 2 1 1 0 1 192 0 2 61 4 365 0 3 1 972034 373 33 2 85 0 1
99 963540 R 2 3 1 0 3 154 1 495 76 3 2 0 6 2 962610 58 36 3 1 0 84
100 952292 V 106 0 0 112 5 6 2 99 3 96 2 0 10 1 4 2 4 951840 0 0 0
101 955432 N 0 1 87 1 0 0 6 47 118 5 0 955032 0 0 0 77 29 1 0 28 0
102 949525 G 16 0 0 73 0 948701 1 1 1 2 0 1 5 1 191 2 5 207 0 0 318
103 953157 K 4 2 3 121 2 0 1 1 952675 0 18 113 5 1 147 1 12 1 1 4 45
104 944265 W 3 282 0 0 1 5 1 2 0 313 0 1 1 0 142 49 1 2 943269 1 192
105 936425 M 1 0 1 0 2 0 1 578 100 91 935376 1 2 0 7 1 96 165 0 3 0
106 926192 R 1 1 1 0 3 168 0 327 69 1 0 1 2 0 925435 72 22 1 0 0 88
107 919880 E 3 0 81 919275 0 122 0 0 99 0 0 0 1 41 0 1 0 46 1 0 210
108 918236 L 1 1 0 0 59 0 72 65 1 917883 0 1 129 0 5 1 1 16 0 0 1
109 905497 I 0 0 0 1 55 1 0 905096 0 4 26 78 1 0 0 5 121 108 0 0 1
110 889596 L 0 2 0 1 37 2 28 339 1 889057 0 0 99 0 8 0 0 22 0 0 0
111 879564 Y 2 79 2 0 66 0 84 0 0 1 0 11 1 0 1 6 1 2 1 879222 85
112 860805 D 6 0 860072 110 1 151 51 1 0 1 0 89 1 0 1 1 0 131 0 189 0
113 843460 K 1 1 0 97 0 0 4 37 843099 6 0 49 2 6 99 1 5 3 0 1 49
114 844032 E 4 0 52 843596 0 94 2 1 43 3 0 2 2 27 4 1 2 43 0 0 156
115 839065 E 6 1 45 838600 1 121 1 1 67 4 0 0 1 15 3 2 1 46 1 0 149
116 827527 I 5 1 0 0 1 2 1 827152 51 47 100 3 2 2 5 2 71 82 0 0 0
117 829471 R 0 0 1 0 3 129 0 0 59 2 241 1 2 0 828703 262 25 2 36 3 2
118 828851 R 0 1 0 2 0 42 1 1 1 232 1 0 32 135 828260 3 2 0 0 1 137
119 823875 I 0 0 0 2 23 1 1 823582 1 1 23 66 1 2 0 6 83 82 0 0 1
120 826631 W 1 407 0 0 0 9 1 2 0 220 0 0 2 2 195 30 1 2 825595 1 163
121 824661 R 4 190 1 1 2 35 179 3 0 444 0 0 40 4 823246 503 2 3 3 0 1
122 822719 Q 2 0 0 38 1 3 52 3 227 53 1 5 13 822082 112 5 3 4 2 1 112
123 821525 A 820712 4 369 2 1 37 0 1 2 6 1 4 30 2 4 230 66 50 1 2 1
124 830225 N 2 2 87 0 5 2 4 69 84 5 1 829872 5 1 4 59 11 2 1 5 4
125 833930 N 1 0 89 1 3 4 4 43 52 9 1 833549 11 3 6 95 11 4 1 38 5
126 824060 G 19 206 78 1 2 823523 2 2 7 3 1 7 11 3 37 92 1 57 1 3 4
127 825376 D 15 4 824648 136 5 105 42 1 5 5 2 119 7 0 4 1 3 65 1 207 1
128 824635 D 6 1 824005 74 1 69 19 3 3 7 2 131 2 1 1 3 2 68 1 232 4
129 839093 A 838049 1 3 259 2 37 1 1 4 6 1 3 39 0 5 219 165 295 0 3 0
130 844607 T 89 1 0 2 0 3 3 1 97 6 160 2 7 0 34 47 844150 1 1 0 3
131 843379 A 842202 1 555 4 3 38 1 3 2 7 2 3 32 1 8 348 99 60 0 3 7
132 834101 G 34 284 84 3 1 833433 0 0 2 3 0 2 2 3 37 120 4 84 0 2 3
133 836284 L 3 0 3 1 1 3 3 1 4 835774 202 3 187 39 12 4 4 36 0 1 3
134 833282 T 137 3 3 5 1 5 3 68 3 5 0 83 11 3 8 106 832829 2 0 3 4
135 843768 H 4 3 37 1 3 2 842772 2 2 80 0 503 16 108 110 11 5 3 0 104 2
136 853811 M 3 0 2 3 4 4 1 322 61 50 853084 0 8 4 9 3 113 135 2 1 2
137 865237 M 0 1 1 2 0 1 1 226 85 69 864601 3 2 1 3 0 119 118 0 1 3
138 863064 I 1 1 0 2 57 4 1 862706 3 4 26 71 4 1 7 7 78 89 0 1 1
139 871965 W 0 265 0 1 0 7 0 0 0 236 1 0 1 1 306 33 0 1 870859 2 252
140 875843 H 1 0 57 1 1 1 875057 3 1 49 1 331 14 31 132 0 4 3 1 154 1
141 882641 S 7 41 2 3 77 3 1 0 0 3 0 3 133 0 3 882074 45 2 1 241 2
142 881217 N 3 0 116 0 1 2 5 27 46 4 0 880872 0 4 2 76 7 1 0 50 1
143 882888 L 0 1 0 2 303 1 0 3 1 882349 48 1 3 0 2 113 1 7 5 0 48
144 883990 N 0 0 154 0 2 1 5 36 75 3 0 883518 0 0 1 133 5 0 0 57 0
145 877675 D 5 3 877096 68 0 75 26 0 0 5 0 81 4 1 5 1 8 93 1 199 4
146 876584 A 875643 0 1 299 0 47 2 0 5 0 0 1 36 0 1 219 133 196 0 1 0
147 877447 T 96 1 1 2 1 3 2 37 1 3 0 92 8 0 2 96 877098 2 0 1 1
148 874042 Y 3 89 2 4 27 2 90 0 1 2 0 10 4 0 2 6 3 1 0 873722 74
149 877527 Q 2 2 2 32 1 4 497 1 201 78 0 1 11 876317 280 1 2 1 0 2 92
150 864269 R 3 1 0 1 1 146 0 1 96 2 332 1 1 0 863392 222 32 3 35 0 0
151 855861 T 138 2 0 2 2 2 5 107 88 4 1 0 15 1 25 117 855346 1 1 0 4
152 862108 R 14 2 2 4 0 129 2 201 45 3 1 1 8 3 861576 29 30 7 0 1 50
153 871399 A 870585 2 320 1 2 35 0 1 4 7 0 1 38 0 2 283 67 44 4 1 2
154 872434 L 0 0 2 1 55 0 47 251 2 871920 3 2 104 3 7 3 4 27 0 2 1
155 869615 V 109 1 93 6 83 4 2 100 3 21 1 3 2 1 6 5 5 869166 1 2 1
156 867135 R 11 210 4 1 1 32 237 4 1 252 0 3 41 6 866020 296 4 7 2 1 2
157 870553 T 122 1 1 1 3 1 4 107 0 4 2 61 13 2 6 105 870112 3 0 3 2
158 863243 G 35 1 3 88 1 862143 1 4 6 5 2 0 3 2 296 3 8 249 1 1 391
159 865475 M 0 1 1 3 2 0 0 388 37 44 864764 4 6 3 9 7 87 102 2 5 10
160 880775 D 10 4 880200 102 2 105 23 3 1 7 2 70 6 5 6 11 6 49 0 157 6
161 882642 P 31 2 3 3 1 9 297 4 2 78 1 9 881886 3 26 96 184 3 1 2 1
162 889637 R 3 4 1 4 6 217 1 7 76 7 325 5 6 2 888675 201 37 5 35 6 14
163 899927 M 2 3 4 2 0 3 3 240 43 70 899316 2 3 2 11 3 90 126 0 0 4
164 896467 C 0 895375 2 0 299 20 1 4 2 4 1 2 2 1 130 114 4 6 31 223 246
165 894399 S 12 44 1 2 84 3 1 2 4 5 0 0 129 2 5 893705 45 4 0 347 4
166 897609 L 1 1 2 2 2 2 1 1 3 896908 349 6 190 78 16 7 5 30 0 2 3
167 907254 M 2 1 0 0 0 4 4 534 72 92 906289 1 5 2 9 5 114 109 1 5 5
168 912295 Q 5 2 2 39 2 2 59 1 315 45 0 2 6 911524 168 7 4 2 2 2 106
169 908066 G 21 309 98 2 2 907436 1 3 3 2 1 1 1 4 23 51 1 104 1 1 1
170 917312 S 5 1 1 0 3 3 6 1 1 91 1 0 115 3 3 916712 54 2 1 2 307
171 919345 T 106 1 0 0 0 0 3 59 0 5 1 70 14 0 6 86 918992 1 0 1 0
172 920187 L 2 1 3 4 51 6 82 423 1 919393 0 5 163 2 8 3 5 32 1 1 1
173 920238 P 35 0 4 4 2 5 959 2 2 56 0 3 918609 5 33 78 429 5 1 2 4
174 927793 R 2 0 3 1 4 139 4 3 53 7 386 1 7 5 926825 256 40 5 48 1 3
175 927336 R 1 0 1 1 1 169 2 5 63 3 357 1 5 1 926563 90 22 1 47 0 3
176 931163 S 9 28 2 1 76 3 1 3 2 4 0 0 109 1 1 930701 48 3 0 169 2
177 947757 G 27 0 1 83 1 946977 0 4 3 7 1 3 3 5 190 5 3 252 0 0 192
178 960780 A 959525 5 325 4 1 41 0 7 2 1 1 3 33 2 5 603 81 133 2 3 3
179 976819 A 975435 1 1 593 1 27 2 3 1 4 1 0 34 0 5 316 302 91 0 2 0
180 971890 G 17 309 74 1 0 971309 1 6 0 4 2 0 2 0 37 41 7 76 0 2 2
181 969745 A 968681 3 261 2 1 37 1 6 0 6 1 2 43 2 5 402 155 130 3 0 4
182 977912 A 976537 1 0 359 2 46 2 2 0 6 0 3 45 1 3 303 290 307 0 1 4
183 978819 V 105 3 105 1 96 12 0 46 2 39 1 2 2 2 1 3 1 978395 1 2 0
184 998470 K 4 2 1 128 5 4 2 64 997961 4 1 92 3 15 106 2 4 2 1 0 69
185 1005797 G 38 3 2 78 0 1004691 2 3 1 6 0 0 1 1 121 3 4 431 3 4 405
186 1012741 V 102 0 70 1 83 8 1 66 1 26 1 0 9 1 5 6 3 1012355 0 1 2
187 1019299 G 45 2 1 96 0 1018298 1 2 2 3 1 0 1 0 170 6 4 268 0 1 398
188 1022716 T 181 0 1 2 0 1 1 98 93 0 0 4 8 2 36 111 1022172 4 0 0 2
189 1036063 M 2 2 0 0 1 8 1 432 57 78 1035251 2 3 0 12 5 92 111 2 1 3
190 1035549 V 151 1 2 102 2 19 0 2 2 118 93 2 4 1 4 1 3 1035040 0 2 0
191 1038632 M 0 2 1 1 4 2 2 546 80 130 1037610 0 5 1 6 1 124 115 0 1 1
192 1040801 E 12 0 49 1040070 2 162 1 1 71 0 0 0 2 46 3 6 0 80 0 0 296
193 1042284 L 2 3 0 1 423 1 2 4 0 1041582 61 2 8 0 4 118 3 3 4 0 63
194 1045441 V 160 1 128 0 91 18 2 105 1 40 0 1 6 1 4 1 1 1044879 0 1 1
195 1038127 R 2 2 2 2 0 180 3 232 73 7 0 0 8 1 1037403 66 36 5 0 2 103
196 1037313 M 0 4 5 0 0 4 3 317 72 61 1036593 1 5 2 4 3 105 132 1 1 0
197 1036762 I 5 2 0 0 87 2 2 1036230 0 3 36 116 6 1 6 7 134 123 0 1 1
198 1031656 K 1 2 0 112 1 1 0 22 1031307 1 0 72 1 10 94 3 3 6 1 1 18
199 1025930 R 3 99 4 0 1 38 158 3 1 119 1 1 43 2 1025348 103 1 1 2 0 2
200 1033201 G 36 0 2 85 1 1031515 3 1 0 1 1 2 1 0 159 2 1 371 1019 1 0
201 1021419 I 1 1 1 0 87 1 1 1020941 3 6 31 59 7 0 2 8 127 140 1 1 1
202 1014420 N 1 0 198 1 1 2 10 50 60 5 1 1013914 0 0 2 99 5 3 1 66 1
203 1015284 D 12 3 1014650 91 2 91 36 4 2 11 4 98 7 2 5 2 3 94 2 162 3
204 1012205 R 3 7 0 1 1 48 1 4 2 402 1 0 43 202 1011221 11 2 12 238 3 3
205 1001679 N 4 3 114 3 5 4 5 45 83 10 0 1001179 4 2 1 170 6 2 2 33 4
206 985022 F 3 3 2 2 984480 5 3 35 1 329 0 1 3 1 7 89 6 5 0 46 1
207 965072 W 8 537 2 1 2 19 3 2 2 383 0 0 8 2 268 47 3 2 963590 1 192
208 953929 R 9 4 0 0 1 222 0 4 84 8 889 2 3 2 951195 1413 19 2 70 2 0
209 941560 G 27 383 97 0 2 940774 0 4 1 3 0 0 3 3 34 104 0 119 3 2 1
210 944960 E 12 0 218 943819 2 213 2 3 154 4 0 1 6 34 2 9 1 110 2 0 368
211 941556 N 5 2 98 0 1 2 7 70 74 6 0 941107 6 0 5 110 5 4 0 54 0
212 942769 G 51 4 2 91 1 941812 1 1 3 2 1 1 7 2 213 1 2 261 0 0 313
213 933223 R 2 1 2 3 1 63 4 0 1 203 0 1 34 202 932447 3 5 2 2 3 244
214 916925 K 2 1 1 107 1 7 2 21 916555 12 0 47 9 1 110 4 8 7 6 1 23
215 909271 T 97 1 0 0 1 1 0 66 78 1 1 1 48 0 35 92 908847 1 0 1 0
216 901627 R 3 1 0 0 0 135 0 142 51 4 0 0 0 1 901153 68 21 0 1 0 47
217 895054 I 0 1 1 0 49 1 0 894744 0 5 2 75 2 0 3 6 78 82 2 2 1
218 892482 A 891777 0 195 1 0 47 0 0 0 1 0 1 33 0 1 276 72 76 2 0 0
219 903231 Y 2 77 3 0 32 2 79 1 0 4 0 14 0 0 2 4 1 1 1 902914 94
220 908845 E 3 0 47 908294 0 114 0 0 99 0 0 0 1 52 1 0 1 60 0 0 173
221 915267 R 2 0 0 1 1 104 0 169 79 0 0 0 0 0 914809 50 20 0 0 2 30
222 905174 M 0 0 0 0 0 0 0 228 54 32 904703 0 1 0 2 2 69 82 1 0 0
223 900371 C 1 899391 0 0 253 14 0 0 0 3 0 0 1 2 161 132 0 0 41 135 237
224 902736 N 0 0 126 0 1 1 5 86 104 1 0 902257 3 2 1 90 1 1 1 55 1
225 906890 I 0 0 0 1 52 3 0 906615 0 4 3 47 3 0 1 2 88 71 0 0 0
226 912753 L 0 0 1 0 69 1 90 175 0 912208 0 0 173 0 7 0 0 26 1 0 2
227 911287 K 3 1 0 101 1 1 0 39 910927 4 1 49 2 7 95 4 1 0 1 2 48
228 904445 G 27 0 1 102 0 902823 2 0 1 3 2 0 2 0 64 2 2 360 1053 0 1
229 909459 K 0 0 0 132 1 1 1 41 909017 4 0 65 2 1 133 4 9 1 0 0 47
230 913951 F 2 3 1 0 913598 3 0 47 1 152 0 2 3 0 1 98 2 3 0 33 2
231 916754 Q 3 1 1 34 0 2 35 2 216 25 1 1 18 916042 263 4 3 0 0 1 102
232 920315 T 81 0 1 0 1 4 0 23 1 6 0 95 40 2 0 59 920000 1 1 0 0
233 919453 A 918532 0 293 1 0 20 2 2 1 4 0 0 41 0 6 376 103 69 1 0 2
234 916414 A 915321 1 0 338 0 45 1 1 0 2 0 2 46 1 5 266 235 149 0 1 0
235 916000 Q 2 1 1 24 0 2 51 0 73 38 1 3 8 915598 82 2 0 2 1 2 109
236 915100 K 1 0 0 68 0 0 0 34 914844 4 1 34 3 2 86 2 7 1 0 0 13
237 914852 A 914086 0 2 259 2 28 1 1 0 3 1 1 33 0 4 219 77 133 0 0 2
238 910651 M 0 4 0 1 2 3 1 327 54 44 910019 1 0 1 8 6 88 89 0 2 1
239 903101 M 4 1 0 3 1 2 0 416 66 95 902275 3 4 1 13 2 95 116 0 0 4
240 890931 D 9 2 890313 100 0 119 29 3 0 3 0 74 9 3 4 10 3 75 1 172 2
241 886055 Q 4 2 3 30 1 5 38 7 146 73 0 0 15 885423 191 3 3 8 0 2 101
242 875743 V 98 1 1 93 1 11 3 2 0 92 47 3 8 3 8 7 2 875357 2 2 2
243 875030 R 3 4 4 2 2 168 10 345 60 6 0 2 13 2 874206 92 24 2 0 5 80
244 854710 E 10 5 295 853779 1 161 4 3 98 8 0 1 6 24 8 11 1 36 2 2 255
245 837618 S 4 29 4 1 1 148 4 583 0 7 1 80 9 2 360 836337 41 2 2 1 2
246 821905 R 10 2 2 1 2 20 4 3 2 304 0 0 38 236 821097 2 3 4 172 0 3
247 806297 N 5 1 119 1 0 4 3 34 103 5 1 805864 6 1 13 103 10 4 0 18 2
248 783536 P 18 3 1 2 1 1 2 2 0 148 2 1 782300 679 33 64 272 3 1 2 1
249 760946 G 21 3 0 66 4 759546 1 1 0 5 1 1 2 0 112 3 1 394 782 1 2
250 744761 N 2 2 112 1 1 2 4 30 30 6 3 744405 1 1 6 104 10 4 1 35 1
251 734497 A 733649 1 224 4 1 35 2 3 1 9 0 1 28 5 5 254 169 100 2 3 1
252 720013 E 3 1 73 719247 0 93 0 3 84 0 1 1 3 27 7 1 1 30 0 0 438
253 702358 F 3 0 0 3 701887 3 3 42 2 297 0 2 5 2 4 64 0 6 2 30 3
254 677630 E 4 0 34 677070 0 109 0 0 120 2 0 1 1 24 1 1 2 76 2 0 183
255 649680 D 4 2 649365 39 1 69 14 1 0 4 0 33 1 2 4 2 1 43 1 92 2
256 621927 L 4 0 0 1 40 3 48 55 2 621618 1 0 109 1 17 4 3 13 4 1 3
257 597611 T 68 2 0 0 0 1 2 35 1 2 1 33 6 2 2 55 597391 4 3 2 1
258 579155 F 3 3 3 1 578913 4 1 27 4 91 2 2 6 2 5 60 5 5 0 17 1
259 563782 L 1 1 1 2 0 5 4 111 0 563487 0 1 87 37 8 2 0 27 4 1 3
260 544763 A 544204 0 0 184 1 28 1 0 0 2 0 0 22 1 1 181 71 65 0 2 0
261 523387 R 0 2 0 0 0 16 0 0 2 192 0 0 6 79 522982 1 0 0 106 1 0
262 500929 S 4 15 1 0 39 0 0 1 0 3 1 1 54 0 7 500625 40 2 1 134 1
263 466385 A 465809 0 1 168 0 28 0 0 1 0 1 0 25 0 6 142 106 94 3 0 1
264 442828 L 8 4 0 1 45 2 21 61 0 442587 2 0 56 0 7 4 3 21 2 1 3
265 413134 I 3 1 2 1 3 4 2 412875 36 20 52 3 2 2 3 5 52 63 0 2 3
266 388933 L 4 1 1 2 165 3 1 1 2 388638 18 1 2 1 1 53 2 4 4 1 28
267 368676 R 0 0 0 0 1 75 2 91 30 5 0 1 1 0 368412 23 11 1 0 3 20
268 357777 G 9 2 0 28 0 357286 1 0 0 0 0 1 0 1 75 3 5 147 216 2 1
269 335443 S 2 0 1 0 4 5 0 1 3 71 0 1 43 1 2 335152 33 1 14 2 107
270 314748 V 14 1 28 1 28 3 1 39 0 15 0 2 3 0 6 4 1 314597 0 3 2
271 299132 A 298770 2 85 1 0 15 0 1 3 5 1 1 16 0 2 80 95 43 1 4 7
272 290882 H 3 0 20 2 1 2 290467 8 2 38 2 172 9 51 40 6 2 3 3 48 3
273 272700 K 5 4 2 37 4 5 1 2 272522 6 8 25 1 1 44 5 5 3 1 6 13
274 260819 S 2 8 0 1 14 2 1 3 0 7 1 3 37 1 2 260642 10 2 0 77 6
275 253624 C 5 253258 1 2 98 7 1 1 3 3 1 2 1 4 28 17 1 4 14 41 132
276 246587 L 4 3 0 0 1 3 0 4 1 246387 107 0 23 25 6 2 1 18 1 0 1
277 241646 P 17 0 0 0 0 1 99 1 1 26 0 2 241277 0 22 49 149 2 0 0 0
278 237281 A 236814 1 122 0 1 11 2 0 2 4 0 0 23 0 5 147 60 86 1 0 2
279 230650 C 0 230395 1 2 24 14 1 0 3 4 0 3 4 1 101 15 2 4 6 39 31
280 239329 V 37 3 1 24 0 5 0 0 1 28 24 0 4 1 3 5 5 239186 0 1 1
281 253042 Y 0 46 4 2 38 7 40 4 0 9 1 15 1 0 6 5 0 4 1 252827 32
282 247922 G 25 8 1 63 3 247516 2 4 2 6 3 5 4 4 83 11 3 20 5 3 151
283 290030 P 46 4 1 2 1 13 296 5 4 57 0 1 289375 6 21 107 80 8 1 0 2
284 310175 A 309025 3 228 2 3 39 1 3 0 6 0 2 36 2 5 489 188 135 2 2 4
285 318632 V 59 5 0 70 2 7 0 91 0 96 1 1 4 0 11 4 1 318272 1 2 5
286 329677 A 329435 0 115 0 0 11 0 0 0 3 0 0 3 0 3 54 9 40 0 1 3
287 341273 S 0 21 0 0 0 44 0 19 0 1 0 12 0 1 49 341116 7 1 0 0 2
288 356758 G 14 0 2 30 2 356232 1 0 0 2 0 0 2 1 70 0 0 110 290 1 1
289 384791 Y 4 51 3 0 18 3 76 2 0 5 1 35 1 0 5 8 0 4 1 384510 64
290 414391 D 3 0 414098 41 2 41 12 2 0 4 1 75 4 2 5 2 0 44 0 55 0
291 440720 F 4 4 0 1 440511 5 1 13 0 92 2 4 4 2 3 54 1 5 0 14 0
292 472178 E 3 5 18 471826 0 106 2 1 46 3 0 0 1 26 3 2 2 29 2 2 101
293 488045 R 2 0 0 3 0 75 0 4 33 3 486 0 2 0 487200 205 12 3 17 0 0
294 501368 E 2 0 437 500426 1 122 3 2 41 1 0 1 5 16 1 1 1 34 0 2 272
295 530447 G 12 1 0 110 1 529888 1 0 0 3 0 1 0 2 88 1 0 117 1 1 220
296 561695 Y 0 57 2 1 32 0 63 1 1 1 0 48 3 0 1 8 0 2 0 561419 56
297 590520 S 3 11 0 1 43 1 0 3 1 5 0 1 92 3 1 589976 48 2 1 325 3
298 625641 L 3 2 0 0 2 2 1 264 1 625201 1 2 66 51 7 6 5 22 0 3 2
299 641294 V 63 0 70 1 63 6 2 44 1 19 1 2 0 0 2 3 2 641013 0 1 1
300 657160 G 26 1 0 48 1 656477 4 1 0 0 2 2 1 0 205 2 0 143 0 0 247
301 677053 I 1 0 0 0 1 0 2 676716 27 42 120 1 1 0 1 0 59 81 0 0 1
302 711345 D 5 1 710901 89 0 80 21 0 0 4 0 50 3 2 0 3 0 42 0 144 0
303 741030 P 15 1 1 0 0 3 900 1 1 43 0 0 739594 1 16 78 374 2 0 0 0
304 767740 F 1 5 3 3 767183 3 1 40 3 332 0 2 2 1 3 104 1 4 1 47 1
305 793701 R 4 0 1 1 1 232 2 168 57 1 1 0 7 2 793074 70 30 5 0 0 45
306 810439 L 0 3 2 1 5 2 0 1 1 810135 92 1 127 34 10 2 1 20 0 2 0
307 837553 L 3 1 1 1 68 3 29 235 2 837018 0 3 141 2 15 5 1 20 0 2 3
308 865581 Q 1 3 2 47 2 0 35 1 256 47 0 0 8 864973 132 5 1 2 1 1 64
309 883617 N 4 3 88 1 3 3 7 36 112 8 0 883138 3 1 3 135 30 4 0 32 6
310 906902 S 2 55 2 0 0 118 1 555 1 2 0 191 5 0 398 905530 37 4 0 1 0
311 917588 Q 2 1 0 30 1 2 36 7 209 60 0 2 16 916978 90 2 6 4 3 1 138
312 934604 V 82 1 4 61 4 15 2 1 1 114 70 2 3 0 5 4 4 934227 1 2 1
313 954415 Y 0 116 6 1 86 4 150 4 2 3 2 73 7 2 9 12 3 3 1 953775 156
314 971980 S 4 39 0 1 3 151 1 435 1 2 0 83 1 2 359 970854 37 3 0 0 4
315 980127 L 3 2 4 2 1 9 0 261 2 979556 1 1 176 61 10 3 2 30 1 2 0
316 988531 I 1 1 0 2 55 6 1 988159 0 4 32 69 4 1 4 5 91 91 1 1 3
317 997421 R 3 2 6 0 2 202 2 241 94 10 1 3 2 3 996674 79 39 3 1 3 51
318 993009 P 45 3 0 3 0 3 0 4 2 94 1 4 992295 338 36 79 92 3 1 4 2
319 997543 N 7 2 89 2 1 3 4 49 60 3 0 997154 6 4 7 94 11 7 1 38 1
320 1002498 E 12 5 234 1001362 2 211 1 3 118 4 0 1 6 38 2 2 2 101 1 0 393
321 992616 N 1 2 88 2 0 7 5 56 91 3 1 992199 4 3 7 109 6 1 1 30 0
322 991917 P 33 2 4 0 1 4 2 2 2 128 1 0 991025 326 48 65 263 4 1 1 5
323 992543 A 991399 2 0 434 0 50 0 2 3 8 0 1 44 1 0 317 121 158 1 1 1
324 992171 H 2 0 23 1 0 5 991514 1 1 142 0 115 17 124 121 5 5 2 1 92 0
325 979709 K 0 0 2 126 0 4 1 3 978807 3 59 479 3 4 165 0 15 2 0 0 36
326 972289 S 3 63 0 4 0 157 1 69 2 1 0 103 2 0 110 971730 43 1 0 0 0
327 963129 Q 0 0 0 48 0 2 73 0 194 55 0 2 5 962504 143 2 1 1 0 1 98
328 953036 L 2 4 1 1 1 7 1 3 1 952695 84 3 96 67 16 9 2 34 2 3 4
329 961799 V 106 0 2 77 0 11 2 2 1 108 69 1 2 0 6 5 0 961400 2 0 5
330 967803 W 3 264 1 2 0 11 3 1 0 331 0 0 9 1 161 41 2 5 966788 0 180
331 952522 M 1 2 4 2 3 7 1 376 89 94 951659 2 7 2 8 12 105 141 3 0 4
332 954782 A 953457 2 3 415 3 46 4 5 3 6 2 3 38 2 9 298 246 227 2 4 7
333 958914 C 1 957656 1 0 427 15 0 3 2 9 0 2 4 1 168 118 3 5 34 181 284
334 945463 H 4 4 23 2 1 2 944809 8 3 63 0 223 4 46 95 5 1 6 0 159 5
335 933993 S 44 35 1 2 76 2 0 4 1 3 2 1 91 3 4 933447 63 3 0 207 4
336 926143 A 924866 1 245 4 1 38 5 1 0 1 0 1 58 1 6 548 214 152 0 0 1
337 915234 A 914176 1 1 364 1 32 1 1 0 4 0 0 24 0 3 288 254 82 0 0 2
338 913594 F 2 9 0 0 913256 4 1 26 0 136 0 1 2 2 2 120 0 4 0 28 1
339 915114 E 4 2 69 914401 0 178 3 1 91 2 0 1 1 46 3 1 1 56 1 1 252
340 904555 D 4 0 904111 55 0 95 20 0 0 5 0 45 5 0 3 3 2 72 1 134 0
341 901776 L 0 2 0 1 0 3 5 106 1 901415 2 1 139 56 15 4 1 21 0 2 2
342 908464 R 4 2 0 1 1 93 0 341 35 2 1 0 1 1 907833 72 25 1 0 0 51
343 912216 V 68 0 0 57 2 5 0 50 1 108 0 1 0 0 0 1 2 911920 0 0 1
344 913888 L 1 0 2 1 80 2 0 62 3 913530 0 1 5 0 2 106 2 2 1 0 88
345 902842 S 1 27 0 0 0 95 0 349 0 1 0 49 1 0 310 901992 16 0 1 0 0
346 901075 F 1 10 0 0 900474 1 2 15 0 383 0 1 1 3 1 98 0 5 0 78 2
347 896218 I 0 0 1 0 88 1 2 895734 0 12 30 85 5 1 5 7 118 126 1 1 1
348 890857 K 2 1 1 129 1 0 3 51 890392 3 0 79 2 6 117 4 10 3 1 1 51
349 898943 G 38 0 1 85 2 897506 0 2 0 4 0 0 2 0 92 3 0 413 793 1 1
350 900925 T 156 3 1 1 0 6 0 2 81 4 185 1 8 1 45 48 900376 5 0 0 2
351 901222 K 3 2 0 78 1 6 2 0 900542 4 70 234 5 4 169 8 22 4 1 3 64
352 894348 V 99 1 2 89 0 15 0 2 1 68 111 2 4 1 4 4 0 893943 0 1 1
353 909366 L 3 1 1 1 171 4 66 282 0 908531 1 1 225 37 7 5 1 27 0 1 1
354 913531 P 37 1 1 0 2 10 3 3 2 116 1 4 911998 786 30 96 433 4 0 1 3
355 916893 R 4 4 0 1 2 121 1 451 63 12 0 1 4 1 916094 56 26 2 0 2 48
356 933189 G 31 2 3 91 2 931499 1 2 0 6 6 2 2 2 84 2 4 443 1002 0 5
357 918517 K 4 3 2 159 3 2 1 1 917741 4 29 336 2 3 147 2 8 3 0 2 65
358 923364 L 0 2 2 4 47 2 14 292 0 922775 1 1 179 1 8 3 6 22 1 3 1
359 933377 S 5 35 1 0 77 1 1 1 0 2 1 2 136 1 3 932785 69 4 0 253 0
360 947563 T 104 3 1 0 1 6 0 64 0 1 0 104 10 0 6 104 947155 2 0 1 1
361 939852 R 2 1 2 4 0 126 3 488 50 1 1 2 2 1 938987 56 41 4 1 0 80
362 948055 G 27 0 2 65 0 947058 0 2 2 4 1 1 6 0 94 2 1 421 1 0 368
363 956395 V 122 1 65 1 77 8 1 62 1 30 0 1 2 1 1 0 1 956018 2 0 1
364 964494 Q 1 1 0 49 0 1 87 1 252 58 0 1 9 963794 142 1 2 1 0 0 94
365 971696 I 2 1 1 0 51 5 0 971395 1 11 2 54 0 0 0 3 95 74 0 1 0
366 980618 A 979771 0 225 0 0 25 1 0 1 4 1 1 39 0 1 353 117 75 0 0 4
367 975759 S 13 31 3 1 64 3 0 0 0 2 0 1 108 1 2 975165 81 2 2 276 4
368 975408 N 1 0 109 0 0 6 4 27 64 3 0 975033 1 0 5 77 7 3 0 68 0
369 983699 E 3 0 43 983178 0 99 0 0 102 2 0 1 1 38 0 1 0 40 0 0 191
370 980621 N 0 1 94 1 1 1 3 88 39 1 1 980259 5 0 1 94 3 4 0 23 2
371 987485 M 3 0 0 0 1 1 0 371 68 74 986738 0 1 2 3 0 100 119 1 1 2
372 998139 E 7 0 231 997325 0 229 1 0 93 0 0 0 2 25 1 3 0 61 0 0 161
373 999427 T 140 0 1 1 1 0 0 61 1 2 0 100 10 1 1 135 998972 0 1 0 0
374 1005646 M 2 0 1 3 0 0 1 511 90 129 1004677 1 1 0 4 1 136 85 2 0 2
375 1007362 E 5 0 56 1006767 0 118 0 2 66 0 0 0 3 42 0 0 0 62 1 0 240
376 1005508 S 10 1 1 0 0 2 0 2 1 91 1 0 99 1 2 1004948 76 2 0 2 269
377 996588 S 3 57 0 0 0 111 1 104 0 1 2 76 2 1 92 996101 33 0 1 2 1
378 989402 T 107 1 1 1 1 4 2 112 115 1 0 1 17 0 32 90 988908 5 0 0 4
379 989093 L 2 2 0 0 87 4 62 96 0 988673 0 2 113 2 8 1 4 34 1 0 2
380 979425 E 5 0 79 978735 0 105 2 1 99 4 0 2 2 53 4 1 2 78 0 0 253
381 979770 L 1 2 0 3 3 3 2 0 2 979438 95 1 160 18 13 3 0 24 0 1 1
382 976695 R 0 1 1 3 3 200 0 79 108 3 2 1 1 0 976112 71 33 5 0 2 70
383 974295 S 3 33 0 0 1 129 0 299 3 1 0 76 0 0 423 973276 39 4 1 3 4
384 972259 R 0 1 0 2 3 306 0 1 51 4 324 2 0 1 971355 95 33 1 75 2 3
385 968631 Y 0 121 9 2 66 1 90 1 0 0 1 68 1 2 2 6 6 3 0 968145 107
386 967607 W 3 278 1 1 0 10 0 1 2 681 1 0 0 0 176 38 0 0 966144 0 271
387 964091 A 962889 0 392 2 0 34 2 1 1 2 0 2 45 0 3 404 177 137 0 0 0
388 953868 I 0 0 1 2 2 0 2 953303 32 110 198 1 1 2 9 2 94 106 0 1 2
389 952210 R 1 1 0 3 2 189 2 2 80 4 406 1 0 1 951162 269 30 5 47 1 4
390 944881 T 132 1 3 2 1 5 1 99 3 2 1 60 4 2 5 134 944414 3 3 3 3
391 955299 R 1 2 2 2 2 214 1 159 52 5 0 3 4 2 954674 52 31 7 1 5 80
392 953880 S 5 39 3 3 4 113 2 85 2 7 0 62 4 3 76 953444 19 4 1 3 1
393 960654 G 32 1 5 54 0 959505 1 1 0 3 0 0 0 1 156 4 1 548 1 2 339
394 964182 G 37 1 0 89 0 963314 2 3 0 3 0 1 3 0 160 3 4 231 2 0 329
395 958636 N 5 3 147 4 5 7 7 40 130 3 1 958037 9 2 8 116 56 8 5 36 7
396 957769 T 113 2 2 1 1 3 1 92 4 5 1 95 13 1 6 103 957314 8 0 1 3
397 960780 N 3 1 125 1 3 3 8 28 91 3 1 960342 5 4 3 95 8 2 3 49 2
398 949248 Q 2 1 1 26 2 4 63 6 204 67 3 2 11 948621 134 8 5 6 1 3 78
399 939776 Q 9 3 4 41 3 2 442 4 100 67 1 5 23 938739 206 11 8 7 1 4 96
400 939262 R 4 6 1 5 3 154 2 1 96 10 830 4 7 3 937771 268 32 6 53 1 5
401 947678 A 946605 5 4 341 5 30 3 6 3 12 1 0 37 3 6 283 110 217 1 1 5
402 944836 S 5 34 2 3 38 3 3 2 7 17 1 4 94 3 4 944325 60 2 1 223 5
403 947975 A 946232 1 0 294 2 54 3 2 3 6 0 4 45 2 3 789 111 412 2 5 5
404 959888 G 48 293 337 2 4 958515 3 3 5 12 2 1 3 0 41 146 9 451 4 4 5
405 974677 Q 4 1 0 27 4 13 75 9 229 70 3 4 26 973918 120 8 2 8 2 2 152
406 959420 I 8 1 3 5 63 5 6 958985 5 20 36 49 13 3 3 12 105 83 1 8 6
407 974601 S 7 61 1 3 3 185 5 338 1 10 1 90 3 2 390 973445 47 4 2 0 3
408 982676 I 3 2 4 0 6 8 2 982112 81 100 112 1 5 2 9 2 92 130 1 0 4
409 985338 Q 5 1 4 31 2 5 94 5 90 38 0 5 7 984818 108 6 4 6 2 4 103
410 993575 P 21 1 1 0 2 7 298 3 1 58 1 1 993003 1 28 67 71 5 3 0 3
411 1000697 T 93 1 0 0 1 0 0 0 105 0 141 2 6 1 24 59 1000262 1 1 0 0
412 1009127 F 0 2 3 2 1008508 6 0 59 1 354 3 2 5 1 1 130 1 8 1 38 2
413 1016290 S 11 3 2 2 2 7 1 1 2 137 0 1 170 0 5 1015426 67 3 2 0 448
414 1031973 V 142 5 2 79 2 11 0 79 1 121 1 2 1 1 6 6 1 1031508 3 1 1
415 1035956 Q 3 0 0 40 0 2 410 1 115 84 0 0 14 1034991 161 6 2 3 1 3 120
416 1034446 R 2 1 1 1 0 140 1 195 68 5 2 0 2 0 1033864 47 47 3 0 2 65
417 1052181 N 4 1 107 2 5 1 5 57 55 1 0 1051744 2 1 7 102 6 2 1 73 5
418 1060776 L 0 1 1 0 64 2 86 200 0 1060125 1 0 242 1 10 0 2 35 1 2 3
419 1061555 P 32 3 3 1 2 3 1165 0 2 71 2 3 1059652 1 32 101 475 4 2 1 0
420 1072978 F 4 4 1 1 1072549 6 0 55 2 173 0 1 2 3 2 109 0 7 2 53 4
421 1081502 D 10 3 1080499 165 0 187 49 2 1 1 0 164 2 0 4 2 1 127 2 282 1
422 1082928 R 8 5 0 1 5 232 3 233 122 3 0 2 3 0 1082117 57 47 5 0 3 82
423 1079262 T 144 0 1 2 5 5 1 102 99 7 1 1 10 1 46 111 1078720 5 0 1 0
424 1089059 T 151 3 1 0 2 4 2 81 2 5 1 83 8 2 2 111 1088592 3 2 3 1
425 1088374 I 0 3 3 0 72 3 1 1087967 0 7 3 88 4 1 5 5 110 97 0 4 1
426 1085315 M 0 0 0 0 3 1 0 466 115 61 1084375 5 3 2 7 6 145 117 4 3 2
427 1083935 A 1082552 3 1 479 3 73 0 2 1 3 1 0 46 2 2 335 131 297 1 1 2
428 1067595 A 1066403 0 2 437 1 36 0 2 1 3 1 1 46 0 5 371 155 128 2 1 0
429 1055037 F 2 6 1 3 1054348 1 3 40 2 396 3 6 2 3 3 128 1 4 1 77 7
430 1038983 N 6 1 153 3 2 5 4 56 68 7 0 1038475 4 2 4 106 13 6 5 56 7
431 1017511 G 40 4 2 104 5 1015775 3 4 1 5 0 3 5 4 197 5 1 513 839 0 1
432 997277 N 4 4 152 2 3 3 11 84 65 5 0 996721 8 3 2 124 13 7 1 65 0
433 982146 T 168 4 1 5 1 3 2 174 102 8 3 2 3 0 41 78 981542 4 0 2 3
434 960180 E 14 0 831 958538 2 140 0 4 65 3 0 0 3 31 2 4 0 77 1 1 464
435 939621 G 40 5 0 104 2 937669 3 1 1 5 1 0 1 2 98 3 2 417 1264 1 2
436 911831 R 2 1 0 2 2 224 3 187 97 4 4 3 7 1 911103 56 33 6 0 6 90
437 882214 T 102 4 1 2 1 5 4 106 80 10 2 4 8 1 37 64 881767 4 1 6 5
438 858193 S 5 33 2 2 44 2 3 2 2 8 1 0 73 3 5 857778 50 4 2 170 4
439 839534 D 14 0 838795 125 1 114 36 3 0 2 0 124 1 0 2 6 8 80 2 217 4
440 810016 M 3 1 5 6 1 8 4 585 30 71 809017 0 14 5 8 7 129 112 1 3 6
441 783095 R 3 0 0 2 1 159 1 1 87 4 309 0 0 0 782229 221 24 1 50 1 2
442 752052 T 87 0 1 0 2 4 1 107 1 1 1 56 7 0 4 96 751683 0 0 0 1
443 730822 E 3 0 25 730238 2 112 0 0 166 3 0 0 0 22 2 2 4 49 0 0 194
444 705142 I 0 1 1 1 26 2 3 704907 3 2 22 38 2 0 1 1 63 68 0 1 0
445 675638 I 1 0 0 0 3 3 0 675251 34 64 116 3 4 2 3 9 66 73 0 2 4
446 641072 R 2 2 0 0 1 107 0 2 44 8 244 1 2 0 640440 169 17 3 26 1 3
447 607798 M 2 1 1 0 2 1 0 256 44 49 607258 1 3 3 8 3 81 79 2 1 3
448 583252 M 1 1 1 1 0 4 3 271 57 73 582653 2 0 1 4 2 70 106 1 1 0
449 548423 E 7 1 29 548036 2 110 1 1 63 3 0 0 2 19 0 1 1 24 0 1 122
450 517091 S 1 8 0 0 3 67 0 45 0 2 1 51 1 2 49 516842 16 1 1 1 0
451 482194 A 481540 1 2 119 3 30 2 0 1 1 1 2 24 0 3 181 120 162 1 1 0
452 454369 R 4 0 1 0 0 67 0 95 45 5 1 0 0 1 454074 51 11 2 0 0 12
453 409309 P 24 0 1 1 1 1 1 1 0 57 0 0 409023 130 16 21 30 0 0 1 1
454 377117 E 2 0 27 376923 0 34 0 1 18 1 0 1 0 14 0 1 0 20 0 0 75
455 330410 D 4 0 330218 22 1 27 8 2 0 3 0 24 2 0 3 2 0 22 0 69 3
456 289811 V 32 1 1 39 0 8 1 1 0 45 34 0 3 0 1 4 0 289638 2 0 1
457 269750 S 3 12 0 0 20 3 0 0 0 1 0 1 41 1 2 269574 23 2 1 65 1
458 341332 F 4 0 1 2 340956 2 1 26 3 200 0 1 2 3 4 79 3 3 0 40 2
459 341078 Q 2 1 4 16 0 4 387 3 215 41 0 2 23 340021 278 5 6 2 0 0 68
460 333177 G 19 2 2 76 4 332851 2 1 0 1 0 0 4 1 7 1 0 179 25 1 1
461 324453 R 9 1 1 0 1 29 2 3 1 489 0 0 36 100 323649 6 2 7 109 0 8
462 313990 G 31 4 0 58 1 313377 1 1 1 3 1 2 10 0 123 5 4 98 1 1 268
463 295485 V 36 1 9 0 32 4 0 42 0 12 0 0 1 0 1 0 2 295345 0 0 0
464 350028 F 0 7 2 2 349691 5 4 30 4 159 1 3 4 1 2 65 2 10 0 34 2
465 352209 E 0 1 131 351756 2 46 1 1 68 1 0 0 1 19 1 3 3 8 1 3 163
466 367788 L 1 2 0 1 22 5 9 151 2 367503 1 4 56 2 11 1 2 11 2 1 1
467 381974 S 1 1 0 1 1 0 0 2 1 106 0 1 56 2 3 381612 15 1 10 1 160
468 395114 D 2 0 394784 46 0 85 21 0 1 4 0 27 1 0 0 2 3 19 1 118 0
469 429470 E 5 3 10 429162 0 39 0 1 75 0 0 1 2 18 1 0 0 27 1 0 125
470 454708 K 1 0 1 46 0 1 0 1 454309 2 26 110 1 1 179 1 8 1 0 1 19
471 488106 A 487523 1 1 187 0 34 3 2 0 2 1 0 14 1 1 180 56 99 0 0 1
472 530586 A 529834 0 0 204 0 20 0 2 1 1 1 1 29 0 1 265 46 181 0 0 0
473 558694 S 3 12 1 0 0 53 0 314 0 3 0 55 3 1 204 558025 18 0 0 2 0
474 589145 P 16 1 0 0 0 2 2 1 1 113 1 0 588311 458 28 64 145 2 0 0 0
475 614661 I 1 1 2 2 42 1 0 614399 0 5 12 46 0 0 0 8 61 75 1 4 1
476 622502 V 103 2 3 28 3 7 1 4 5 100 162 4 3 1 2 5 3 622055 1 4 6
477 638639 P 22 1 2 0 2 5 169 1 0 59 1 1 638083 2 19 89 174 5 0 2 2
478 657330 S 7 30 0 3 55 2 2 4 2 5 0 1 89 2 2 656903 50 6 1 162 4
479 666768 F 2 2 2 0 666412 1 4 29 2 182 4 1 4 0 3 68 1 21 2 26 2
480 663647 D 12 2 663024 117 3 101 37 1 1 1 0 90 2 1 1 2 1 87 0 163 1
481 665056 M 1 2 1 0 1 1 1 526 27 54 664235 1 0 0 3 1 91 108 1 1 1
482 657301 S 0 64 0 0 2 128 1 79 0 1 0 67 1 0 79 656863 15 0 0 0 1
483 660392 N 0 0 73 0 4 0 4 23 39 0 0 660171 0 0 1 58 2 2 0 14 1
484 658146 E 8 0 47 657648 0 73 2 0 62 0 0 2 2 37 0 2 1 68 0 0 194
485 656199 G 24 1 2 49 3 655699 2 1 1 3 0 0 1 0 61 3 1 130 1 1 216
486 655054 S 0 25 1 0 43 1 0 1 0 2 0 0 75 0 3 654769 59 0 0 75 0
487 654083 Y 2 50 4 1 39 3 107 3 0 5 1 5 0 0 4 1 4 1 1 653803 49
488 652469 F 0 7 1 0 652055 0 0 33 2 259 0 1 2 1 0 68 3 3 0 33 1
489 652042 F 2 2 2 0 651552 4 0 29 0 331 0 1 1 0 0 59 2 9 0 45 3
490 651388 G 30 1 0 48 1 650602 4 1 0 6 0 1 0 0 182 4 0 258 1 1 248
491 650080 D 3 1 649562 112 1 90 24 1 1 1 0 52 4 0 1 2 2 64 0 158 1
492 646361 N 1 1 73 2 0 2 1 41 42 2 0 646100 0 0 7 65 2 0 0 21 1
493 643063 A 642303 0 1 239 0 46 3 1 1 3 0 1 36 3 1 194 108 118 1 2 2
494 637425 E 8 0 308 636614 1 91 1 1 53 1 1 0 3 26 5 9 0 33 1 1 268
495 628976 E 2 2 71 628468 0 102 1 1 33 4 2 3 1 21 2 3 1 34 0 2 223
496 607945 Y 0 108 7 2 48 4 61 1 2 2 0 45 0 3 0 6 0 2 0 607519 135
497 613922 D 7 1 613264 146 1 116 32 2 0 1 1 143 1 1 1 1 1 73 1 129 0
498 603151 N 4 2 76 1 1 4 0 25 40 3 0 602890 0 1 3 50 2 5 1 39 4
