# nucleotide counts
# upper case indicates nucleotide called by both reads
# lower case indicates nucleotide called by one read with other ambiguous
# N indicates disagreement between reads, or both ambiguous
# POSITION WT COUNTS A T C G a t c g N
1 A 1195744 1190859 84 5 157 4512 3 4 2 118
2 T 1198023 93 1192507 131 10 4 5115 0 1 162
3 G 1200071 155 302 53 1193925 4 10 2 5462 158
4 G 1201577 109 537 55 1195071 0 11 2 5662 130
5 C 1203199 671 329 1195426 85 19 29 6482 4 154
6 G 1204292 234 139 55 1196761 1 6 5 6941 150
7 T 1205643 62 1197263 203 12 1 7816 4 3 279
8 C 1207087 165 117 1197837 43 1 6 8719 1 198
9 T 1208453 112 1198367 313 27 2 9481 7 0 144
10 C 1209959 551 149 1198433 68 5 6 10346 0 401
11 A 1211608 1199293 86 34 317 11431 4 3 0 440
12 A 1212927 1200174 94 36 269 12228 8 1 6 111
13 G 1213396 114 369 50 1200492 1 12 1 12220 137
14 G 1214589 211 336 60 1201073 8 12 5 12750 134
15 C 1216554 488 178 1201753 56 10 23 13931 2 113
16 A 1217868 1201392 117 32 231 14680 7 16 6 1387
17 C 1219861 104 124 1203675 45 19 10 15794 2 88
18 C 1221886 427 111 1204118 63 7 8 17038 15 99
19 A 1224463 1204953 62 34 149 19121 21 4 3 116
20 A 1226517 1206345 65 30 115 19815 2 19 1 125
21 A 1228383 1206783 76 79 148 20698 25 1 2 571
22 C 1230737 125 194 1208460 55 10 27 21771 3 92
23 G 1232572 189 223 55 1209538 8 30 23 22343 163
24 A 1235006 1211054 46 14 108 23543 1 4 3 233
25 T 1237454 101 1212516 180 21 6 24435 6 3 186
26 C 1239225 199 88 1214305 63 5 7 24478 1 79
27 T 1241902 88 1215340 137 25 2 25919 6 0 385
28 T 1244662 56 1215858 177 21 3 28409 7 1 130
29 A 1247265 1216956 55 28 164 29810 15 3 6 228
30 C 1251196 172 285 1218865 68 10 73 31453 3 267
31 G 1253329 275 389 77 1219974 5 47 8 32392 162
32 A 1256784 1222625 83 32 143 33746 7 3 3 142
33 A 1259467 1224708 98 23 187 34287 10 1 3 150
34 C 1263571 174 148 1226731 53 7 13 35834 2 609
35 A 1268237 1229426 99 31 181 38320 21 5 5 149
36 G 1270542 106 309 43 1231183 5 35 8 38553 300
37 A 1272703 1233986 109 17 156 38244 8 1 7 175
38 T 1276382 112 1236128 127 20 6 39616 8 1 364
39 G 1278196 153 373 65 1238940 10 101 10 38316 228
40 G 1280894 94 408 55 1241698 7 35 12 38463 122
41 A 1285001 1236611 109 30 380 47512 61 3 15 280
42 G 1287866 105 279 56 1234421 15 37 5 52534 414
43 A 1291764 1234375 124 22 166 56733 19 6 12 307
44 C 1296346 158 110 1232989 69 16 5 62767 3 229
45 T 1303410 81 1227483 204 23 9 75362 13 10 225
46 G 1306886 162 402 70 1222357 25 71 10 83366 423
47 A 1310860 1218016 131 17 212 92252 16 8 20 188
48 T 1315447 135 1213811 155 20 15 101132 10 7 162
49 G 1317570 185 507 74 1199448 24 180 25 117008 119
50 G 1320693 137 493 74 1191669 21 101 17 128053 128
51 A 1324403 1185007 137 39 446 138417 114 12 68 163
52 G 1327261 177 284 77 1184675 49 63 39 141422 475
53 A 1333294 1176285 61 42 149 156589 25 11 27 105
54 A 1337124 1170790 46 43 169 165807 17 15 45 192
55 C 1342655 139 230 1161596 81 59 61 180357 34 98
56 G 1341694 309 739 74 1148260 79 191 33 191786 223
57 C 1343120 601 104 1138189 54 143 29 203879 32 89
58 C 1347108 343 197 1125033 58 125 67 221129 36 120
59 A 1351858 1117099 81 40 305 233914 132 16 74 197
60 G 1346496 96 261 68 1109675 43 174 33 236029 117
61 A 1344346 1094979 66 24 121 248887 47 17 97 108
62 A 1339181 1075267 63 27 132 263510 36 14 36 96
63 T 1338739 76 1061934 137 26 30 276218 39 44 235
64 G 1325973 225 486 70 1037372 88 272 44 287287 129
65 C 1322863 307 271 1019539 52 117 150 302303 38 86
66 C 1323740 270 175 998684 64 221 123 324079 48 76
67 A 1328018 981719 128 39 117 345114 84 47 109 661
68 C 1321986 143 64 972987 40 128 53 348481 38 52
69 T 1324819 112 974859 221 31 164 349162 98 38 134
70 G 1319549 170 299 73 964269 153 159 84 354233 109
71 A 1311351 950698 81 30 159 360070 95 30 99 89
72 A 1304613 938362 73 40 138 365682 85 41 86 106
73 A 1293201 919053 50 19 96 373744 93 17 48 81
74 T 1287618 54 902407 121 15 40 384753 87 33 108
75 C 1282270 265 102 885798 38 291 94 395579 38 65
76 A 1274303 874019 73 18 226 399504 191 19 142 111
77 G 1254741 68 352 44 862514 74 250 34 391273 132
78 A 1243640 853209 49 23 174 389758 192 32 86 117
79 G 1224492 101 242 43 841590 87 205 129 381922 173
80 C 1212273 310 157 837498 50 301 231 373604 51 71
81 A 1199237 828079 61 9 129 370591 50 122 95 101
82 T 1188202 77 817540 119 11 67 370117 140 16 115
83 C 1181719 211 62 810638 42 398 169 369917 118 164
84 C 1191657 293 166 805973 36 778 219 384008 69 115
85 G 1184576 191 109 23 802108 478 275 134 381161 97
86 T 1171040 81 792513 93 17 91 377828 86 157 174
87 C 1161706 286 193 779678 28 269 207 380765 185 95
88 G 1142297 246 294 41 776317 272 224 192 364601 110
89 G 1126785 98 158 32 762703 118 134 42 363415 85
90 A 1118599 754085 45 12 127 363935 110 19 111 155
91 A 1112376 747449 37 20 111 364327 97 29 105 201
92 A 1107497 735268 53 16 68 371795 102 41 64 90
93 A 1097701 726750 35 18 75 370615 52 22 49 85
94 A 1091119 715880 58 10 71 374705 241 24 49 81
95 T 1090085 40 707103 97 11 85 382318 73 209 149
96 G 1078515 59 175 34 702176 238 294 43 375410 86
97 A 1069343 695448 41 12 60 373228 192 48 134 180
98 T 1063387 62 681975 74 11 73 381017 54 33 88
99 T 1058697 60 677052 75 15 128 381020 72 177 98
100 G 1051495 86 232 26 678559 188 381 47 371905 71
101 G 1040128 72 67 23 673005 92 200 120 366462 87
102 T 1034511 68 679041 110 6 210 353838 112 230 896
103 G 1037031 118 256 19 687239 247 228 56 348731 137
104 G 1026816 46 167 30 679852 177 281 75 346096 92
105 A 643364 496688 42 5 69 146375 40 13 54 78
106 A 640922 503959 34 4 71 136674 61 9 32 78
107 T 643769 19 510687 42 3 14 132874 28 9 93
108 T 651160 29 513969 52 5 24 136924 32 14 111
109 G 652123 65 186 32 519449 26 157 37 132105 66
110 G 653761 46 141 20 527931 26 66 14 125439 78
111 A 658568 532883 44 3 154 125259 31 12 55 127
112 C 667501 54 126 538816 29 29 127 128213 26 81
113 G 674450 94 131 21 543414 47 117 29 130533 64
114 A 683257 551779 39 4 55 131251 25 9 19 76
115 T 691404 55 553680 66 8 9 137454 32 11 89
116 T 700320 38 558871 49 11 14 141230 32 6 69
117 C 703974 149 51 567634 28 42 37 135948 17 68
118 T 713715 37 575964 143 14 26 137403 40 7 81
119 A 721670 584109 60 13 96 137184 44 9 24 131
120 C 731813 71 95 593884 22 41 47 137570 7 76
121 A 741712 599288 59 9 75 142119 22 20 25 95
122 T 749641 49 607241 92 10 33 142071 29 5 111
123 C 759332 149 46 618418 25 54 37 140499 10 94
124 C 769594 188 79 625203 30 92 44 143844 18 96
125 A 780045 632209 49 14 78 147460 56 21 49 109
126 A 788101 639727 14 7 72 148105 53 14 22 87
127 A 794872 650362 45 10 67 144216 28 32 17 95
128 T 802111 32 661310 68 10 16 140542 30 11 92
129 G 806627 116 71 32 672031 41 74 34 134120 108
130 T 814573 75 681042 124 15 28 132870 66 13 340
131 G 821041 160 259 33 690753 79 78 22 129555 102
132 C 831350 184 262 694834 35 65 99 135740 13 118
133 A 842591 706731 88 14 118 135081 25 54 38 442
134 C 850970 65 99 714433 23 26 75 136137 10 102
135 C 860558 278 122 723188 31 111 156 136526 37 109
136 G 868385 181 182 35 731699 66 166 21 135909 126
137 A 876068 738392 36 14 67 137351 37 34 20 117
138 A 885241 746543 60 16 110 138212 40 36 43 181
139 C 892377 65 90 756145 22 48 28 135880 8 91
140 T 903128 53 765733 158 7 29 136969 43 3 133
141 C 911589 425 62 772403 37 96 46 138383 40 97
142 A 922527 778051 36 15 119 144080 67 11 26 122
143 A 928612 782852 28 18 82 145410 17 49 24 132
144 A 936187 784876 62 32 64 150895 29 15 28 186
145 C 943594 73 69 791562 35 26 25 151693 18 93
146 T 952248 40 794822 110 22 18 157032 40 10 154
147 C 959676 467 105 802310 43 119 51 156447 25 109
148 A 965016 810942 70 27 192 153533 34 15 49 154
149 G 969838 61 89 45 817937 16 33 19 151539 99
150 T 977570 128 824553 115 25 38 151967 37 20 687
151 G 984069 80 266 41 832841 23 102 26 150572 118
152 A 988676 839781 71 7 90 148525 19 9 28 146
153 T 996211 81 843942 93 9 16 151903 38 11 118
154 T 1003962 15 848797 54 13 38 154879 24 6 136
155 A 1012748 858704 68 7 114 153632 38 6 22 157
156 T 1020935 90 866634 114 11 28 153899 35 6 118
157 G 1025603 104 567 39 877690 32 193 29 146839 110
158 A 1032222 886405 82 25 193 145110 198 13 51 145
159 G 1032983 118 532 32 890614 39 228 18 141302 100
160 G 1036694 110 392 53 897424 30 158 21 138380 126
161 G 1039788 201 227 39 904112 56 80 22 134928 123
162 A 1045163 909862 76 14 156 134678 60 26 32 259
163 C 1050482 113 238 912031 33 60 102 137722 57 126
164 G 1058264 184 305 30 910342 117 215 41 146926 104
165 G 1057133 86 99 38 914634 33 48 15 142069 111
166 T 1062367 83 918957 118 11 28 142818 27 46 279
167 T 1069940 63 921323 115 14 13 148187 37 38 150
168 G 1071924 104 160 43 924375 55 140 58 146841 148
169 A 1076969 929016 107 21 104 147409 30 25 70 187
170 T 1082695 90 933981 136 9 61 148176 60 17 165
171 C 1089044 219 84 942155 34 105 73 146213 15 146
172 C 1098291 247 128 942870 49 189 75 154557 15 161
173 A 1106217 946973 52 116 127 158580 72 100 35 162
174 A 1109082 944794 47 17 87 163896 67 8 15 151
175 A 1113673 943384 48 16 98 169940 37 14 39 97
176 A 1116257 943388 81 57 134 172291 39 58 43 166
177 C 1121246 114 106 944995 30 89 64 175669 30 149
178 A 1125003 947846 23 10 126 176742 38 21 60 137
179 G 1123110 79 372 27 951393 25 121 70 170898 125
180 C 1125271 364 58 948639 37 109 56 175867 34 107
181 T 1130467 60 949377 90 15 28 180706 28 15 148
182 T 1135591 108 956778 103 16 85 178255 66 8 172
183 A 1140423 959877 74 18 92 180113 38 15 29 167
184 A 1144260 963693 100 25 132 180067 43 23 36 141
185 C 1150634 107 107 966930 44 181 38 183043 23 161
186 A 1158411 971502 57 18 136 186470 40 18 29 141
187 A 1158422 975438 84 9 77 182537 23 9 105 140
188 T 1162622 75 980711 107 8 58 181406 104 5 148
189 A 1169391 985864 75 9 169 182890 150 6 55 173
190 G 1167744 98 421 49 990096 29 142 30 176710 169
191 A 1171430 992356 53 23 150 178521 116 13 39 159
192 G 1172521 64 330 34 998896 32 94 27 172908 136
193 A 1176620 996534 93 17 183 179410 100 9 46 228
194 G 1175826 100 222 46 994664 45 94 23 180457 175
195 A 1179840 999351 51 22 112 180053 22 5 76 148
196 A 1182222 1004654 65 4 102 177182 15 7 40 153
197 T 1186327 85 1003522 95 11 63 182048 25 9 469
198 G 1185545 124 341 47 1002959 46 223 17 181196 592
199 G 1186070 111 90 32 997617 143 45 16 187648 368
200 T 1188601 142 994432 141 15 65 191786 41 66 1913
201 G 1194050 204 336 38 995379 81 98 140 197559 215
202 C 1197621 318 104 995248 43 81 185 201472 24 146
203 T 1207821 65 994554 150 23 243 212552 34 17 183
204 C 1214819 352 82 1000025 46 130 57 213975 24 128
205 T 1221781 63 993606 180 5 128 227320 322 9 148
206 C 1225036 326 67 990902 54 123 48 233350 28 138
207 T 1231553 65 986958 191 14 143 243940 76 12 154
208 G 1230602 191 372 53 983953 231 146 25 245514 117
209 C 1231287 272 70 977194 32 106 164 253277 45 127
210 T 1238717 31 975850 172 7 53 262358 76 12 158
211 T 1243809 55 974541 116 9 64 268685 37 149 153
212 T 1241344 41 971997 100 14 31 268961 50 11 139
213 T 1245183 48 965061 141 11 34 279660 53 50 125
214 G 1237899 119 240 49 962851 200 139 34 274146 121
215 A 1232659 960490 77 12 187 271531 64 36 76 186
216 C 1234133 101 359 960783 45 107 295 272141 150 152
217 G 1235303 179 236 48 962698 130 161 124 271579 148
218 A 1235693 969418 66 10 148 265689 129 15 63 155
219 A 1241164 971137 62 3 132 269449 116 11 102 152
220 A 1238287 976255 46 10 126 261480 155 16 72 127
221 G 1232831 80 424 32 981590 53 250 37 250264 101
222 G 1231655 61 323 30 989373 105 105 31 241476 151
223 A 1229437 989034 99 11 171 239774 53 13 96 186
224 G 1223184 100 194 46 988272 79 116 27 234214 136
225 A 1219807 988036 73 10 144 231275 37 12 69 151
226 A 1218415 987592 46 6 105 230428 28 8 42 160
227 A 1215617 983901 42 8 104 231353 37 11 32 129
228 T 1215299 67 986091 98 10 88 228676 31 21 217
229 A 1216021 982900 47 12 125 232666 80 25 28 138
230 A 1212130 984194 61 10 94 227540 43 5 32 151
231 A 1211964 988851 53 11 83 222719 38 23 36 150
232 T 1215043 70 988740 136 9 51 225798 48 5 186
233 A 1213736 994112 59 15 115 217051 81 34 53 2216
234 C 1216499 96 92 1003269 36 52 68 212708 33 145
235 C 1218806 426 44 1006234 51 160 44 211717 25 105
236 T 1223760 83 998179 121 21 52 225069 52 14 169
237 T 1228589 95 995504 186 24 98 232483 38 18 143
238 G 1222710 123 280 56 993238 65 128 27 228659 134
239 A 1223924 989410 75 19 148 234012 53 14 60 133
240 A 1225028 987519 72 20 150 236881 158 16 59 153
241 G 1219015 91 222 46 987054 71 143 22 231210 156
242 A 1223677 988877 90 12 126 234277 88 14 40 153
243 A 1222784 988286 99 24 135 233945 42 31 49 173
244 C 1222534 93 111 987624 31 90 57 234374 26 128
245 A 1232537 986576 74 7 104 245538 46 35 28 129
246 T 1234266 69 985168 158 8 54 248534 52 12 211
247 C 1237229 252 101 984761 41 115 89 251719 25 126
248 C 1241686 435 110 984807 45 278 48 255771 40 152
249 C 1248509 871 141 988669 62 373 77 258169 30 117
250 A 1254689 994477 27 16 168 259659 39 55 67 181
251 G 1250487 82 101 26 1000171 72 49 36 249814 136
252 T 1247561 87 1007371 137 20 48 239298 47 71 482
253 G 1239460 102 685 62 1004078 45 243 34 234075 136
254 C 1236344 317 302 1007489 39 106 267 227536 92 196
255 G 1230305 247 903 49 1010314 115 311 67 218155 144
256 G 1226297 143 1324 44 1003751 39 394 40 220439 123
257 G 1220236 147 464 48 1005077 66 215 20 214080 119
258 G 1215373 129 278 48 1004345 104 96 15 210249 109
259 A 1213864 1006998 58 8 168 206348 39 16 67 162
260 A 1213722 1015534 61 16 167 197366 369 8 42 159
261 A 1210786 1016139 75 39 274 193545 100 21 453 140
262 G 1204432 84 184 41 1017146 94 388 18 186313 164
263 A 1203041 1020198 82 17 95 182040 381 21 37 170
264 T 1202184 98 1023937 156 17 33 177342 372 11 218
265 C 1200884 196 75 1021456 51 84 349 178517 29 127
266 C 1202383 289 82 1018099 61 192 290 183213 31 126
267 T 1204467 84 1016731 175 36 138 186904 239 23 137
268 A 1205172 1015401 24 20 159 189352 33 14 38 131
269 A 1203342 1018796 52 24 114 184087 55 14 56 144
270 G 1199106 82 102 46 1019184 62 40 18 179418 154
271 A 1199524 1017554 67 16 121 181447 25 6 139 149
272 A 1199001 1012911 54 22 124 185599 84 12 37 158
273 A 1197809 1011692 31 25 127 185691 23 10 38 172
274 A 1194247 1009819 72 46 75 183945 25 21 37 207
275 C 1193882 91 50 1010155 34 64 45 183298 11 134
276 T 1197643 47 1010373 153 14 25 186790 61 18 162
277 G 1192787 145 355 50 1011006 34 193 38 180852 114
278 G 1190477 99 219 37 1011344 59 104 19 178483 113
279 A 1190261 1011553 58 21 264 177982 96 29 100 158
280 G 1188015 114 239 39 1011947 53 90 18 175363 152
281 G 1185269 95 232 43 1011087 48 109 40 173460 155
282 A 1182334 1008558 96 18 152 172770 66 12 63 599
283 C 1181983 96 110 1005944 38 36 67 175504 28 160
284 C 1183142 384 59 1003551 24 154 70 178759 14 127
285 T 1186555 71 1000123 178 27 87 185829 77 20 143
286 A 1187521 999545 98 10 107 187533 42 14 20 152
287 T 1184432 106 998167 114 10 29 185818 28 5 155
288 A 1184567 999684 73 9 87 184487 22 20 24 161
289 T 1181434 89 995128 116 11 33 185837 37 8 175
290 A 1180619 994053 116 22 111 185996 47 10 34 230
291 C 1178784 145 147 995941 49 65 88 182156 28 165
292 A 1179385 991888 91 26 202 186851 114 11 61 141
293 G 1175713 63 382 39 988959 34 195 22 185897 122
294 G 1173013 83 349 34 986992 41 95 19 185270 130
295 A 1171755 983012 98 19 163 188111 109 15 47 181
296 G 1167651 83 513 50 980268 27 150 24 186366 170
297 A 1162802 978209 57 16 135 184145 37 10 34 159
298 G 1160059 112 79 44 978004 36 46 17 181583 138
299 T 1158881 120 973027 126 11 310 178785 86 179 6237
300 A 1159616 976598 21 24 133 182636 15 15 35 139
301 A 1160108 975536 30 11 92 184207 13 28 27 164
302 A 1158634 973220 54 30 78 184985 14 47 30 176
303 C 1159723 96 189 972445 27 87 120 186561 41 157
304 G 1159231 179 325 34 969741 59 153 25 188540 175
305 G 1156213 79 213 27 969053 46 81 13 186573 128
306 A 1157107 967623 55 6 131 189057 25 20 32 158
307 A 1156436 966440 56 9 130 189599 26 5 28 143
308 A 1158331 965948 22 22 151 191969 27 5 56 131
309 G 1155511 67 97 42 963257 27 39 14 191822 146
310 T 1155520 61 961655 97 10 124 192250 42 87 1194
311 G 1151920 144 320 52 956407 50 196 28 194576 147
312 G 1145235 62 263 37 951888 54 86 17 192684 144
313 A 1140034 950620 93 7 168 188906 24 6 31 179
314 T 1143756 108 955279 100 7 32 187948 24 15 243
315 G 1138272 122 422 60 956996 61 157 13 180309 132
316 A 1134361 952623 97 10 174 181119 149 8 39 142
317 G 1129397 74 339 29 945746 29 87 18 182944 131
318 A 1128298 943059 72 13 149 184715 95 9 35 151
319 G 1123910 100 218 45 943084 43 107 14 180172 127
320 A 1121709 937226 46 5 126 184059 31 19 32 165
321 A 1116674 935383 72 9 125 180716 54 12 42 261
322 C 1114063 70 62 936745 18 54 16 176976 13 109
323 T 1113926 77 930629 134 6 46 182808 38 9 179
324 C 1114251 511 110 927664 37 168 51 185561 21 128
325 A 1115557 926480 56 5 111 188663 21 20 39 162
326 T 1113812 82 921918 125 6 37 191385 43 10 206
327 C 1113602 225 48 914697 30 85 39 198337 18 123
328 C 1118552 346 40 910939 25 246 25 206750 15 166
329 T 1120591 31 909467 100 12 157 210628 53 6 137
330 T 1118351 50 903145 76 5 60 214745 96 12 162
331 T 1113875 12 899746 93 6 33 213803 33 7 142
332 A 1105685 893734 69 10 83 211508 113 9 41 118
333 T 1102701 80 892720 114 10 35 209547 35 19 141
334 G 1094502 93 195 54 886812 75 129 85 206940 119
335 A 1089574 882677 138 7 157 206252 48 65 42 188
336 C 1090008 91 91 876159 23 112 48 213262 63 159
337 A 1093689 870272 55 20 103 222990 72 10 33 134
338 A 1091471 865812 46 10 103 225268 51 6 45 130
339 A 1092798 861657 51 17 133 230598 112 10 66 154
340 G 1090590 49 163 40 862786 87 84 35 227240 106
341 A 1090661 863407 49 9 98 226860 30 17 69 122
342 A 1089942 862601 50 14 158 226825 64 37 68 125
343 G 1087566 72 160 24 869058 70 89 27 217962 104
344 A 1084316 861121 53 10 127 222738 55 8 70 134
345 A 1079418 854163 48 4 114 224898 32 5 46 108
346 A 1074699 851572 45 11 93 222750 42 13 43 130
347 T 1076127 57 843891 81 9 54 231803 38 32 162
348 A 1077698 843084 20 15 106 234230 46 15 80 102
349 A 1077969 844205 49 18 133 233306 86 11 53 108
350 G 1072178 66 254 30 847766 105 111 23 223723 100
351 G 1063701 73 253 26 846936 44 88 28 216137 116
352 C 1058697 384 147 847138 46 150 147 210460 97 128
353 G 1061094 141 241 37 845800 146 121 20 214471 117
354 A 1058276 846031 52 9 79 211814 100 11 36 144
355 A 1057346 841011 29 4 87 215958 35 10 94 118
356 T 1054187 75 839609 88 4 74 214124 47 16 150
357 C 1051644 202 46 841734 26 89 48 209354 55 90
358 T 1058577 54 842763 155 13 155 215181 56 17 183
359 G 1049367 116 227 36 842679 60 112 34 205983 120
360 G 1042459 66 402 27 841699 49 124 36 199942 114
361 C 1041511 523 205 841776 45 198 113 198450 38 163
362 G 1036175 188 458 51 842815 98 164 34 192245 122
363 C 1036709 346 74 846765 32 90 47 189219 25 111
364 C 1042184 250 124 845939 48 109 64 195511 35 104
365 A 1046428 838408 62 24 123 207547 41 24 35 164
366 A 1043568 832257 63 20 102 210888 31 16 45 146
367 G 1039931 78 246 38 837069 51 84 39 202195 131
368 C 1037338 397 60 842895 49 127 37 193638 36 99
369 T 1039945 20 848909 145 28 35 190634 48 8 118
370 A 1038646 845584 21 15 95 192718 41 16 42 114
371 A 1038223 844010 84 21 69 193819 39 13 32 136
372 T 1040202 96 847297 90 14 41 192509 27 12 116
373 A 1043401 849943 56 28 99 193036 53 23 36 127
374 A 1042252 847475 61 27 105 194387 29 33 23 112
375 T 1041247 70 843623 96 27 52 197202 35 18 124
376 G 1040987 114 223 56 840760 56 160 20 199512 86
377 G 1036407 105 67 34 840645 63 41 24 195312 116
378 T 1036126 96 843428 120 28 43 191145 44 49 1173
379 G 1036079 136 226 58 845562 55 69 54 189811 108
380 A 1032940 846353 81 28 121 186096 31 27 29 174
381 C 1031774 120 258 846831 56 67 250 184048 24 120
382 G 1034008 148 249 26 846856 106 128 52 186328 115
383 A 1031654 851480 81 11 81 179766 35 21 37 142
384 T 1034028 84 849928 130 25 49 183585 42 18 167
385 G 1028726 179 229 49 848679 81 110 22 179239 138
386 C 1028192 276 308 849637 46 120 124 177532 19 130
387 A 1036132 855298 52 29 203 180292 48 22 52 136
388 A 1029797 856456 51 19 98 172905 36 42 42 148
389 C 1030473 107 172 858030 43 122 154 171704 27 114
390 G 1036189 164 233 41 858724 101 104 26 176678 118
391 G 1029769 116 368 46 858244 70 104 24 170695 102
392 C 1032808 583 75 855405 51 148 57 176346 28 115
393 T 1036791 62 855722 141 17 65 180592 44 23 125
394 G 1029149 130 298 42 852046 57 142 29 176270 135
395 G 1024592 99 88 46 851056 38 46 19 173101 99
396 T 1023870 76 848323 154 21 47 172230 48 259 2712
397 C 1022970 219 99 849496 48 86 36 172852 18 116
398 T 1028487 56 848667 202 17 65 179188 65 15 212
399 G 1024244 137 224 59 850198 55 107 24 173278 162
400 A 1025295 853601 96 25 155 170933 65 17 44 359
401 C 1027572 109 76 853460 40 53 37 173592 16 189
402 T 1035508 79 857330 158 26 45 177533 52 10 275
403 C 1037330 523 119 855376 49 176 63 180877 14 133
404 A 1041114 858617 88 30 121 181754 37 31 34 402
405 C 1044305 102 117 863750 34 62 81 179989 14 156
406 A 1048590 864302 56 18 149 183843 19 21 39 143
407 T 1052770 77 868008 128 16 39 184260 36 15 191
408 G 1049315 108 226 32 876458 38 149 34 172098 172
409 A 1047819 879411 68 13 123 167929 33 12 33 197
410 T 1050344 97 877783 125 6 54 171961 32 11 275
411 G 1051340 85 141 23 880318 35 85 22 170481 150
412 A 1052024 882247 69 13 100 169257 42 16 39 241
413 T 1053099 80 887402 93 12 37 165167 32 12 264
414 C 1054895 129 62 884564 40 97 40 169799 37 127
415 T 1059989 73 885691 245 9 98 173643 66 10 154
416 G 1054884 159 242 36 887531 73 136 28 166496 183
417 G 1050793 103 253 22 890584 46 93 20 159577 95
418 C 1051656 350 161 890428 64 122 67 160217 22 225
419 A 1055977 891978 57 19 135 163464 26 17 48 233
420 T 1056429 35 892732 114 13 14 163326 46 4 145
421 T 1057259 51 894544 139 17 37 162258 61 10 142
422 C 1059522 254 84 897079 49 112 37 161743 24 140
423 C 1063650 334 104 894798 44 164 41 168013 36 116
424 A 1065788 893154 55 14 123 172209 25 23 37 148
425 A 1064484 894404 37 13 79 169720 33 26 34 138
426 T 1066748 52 898504 61 6 32 167905 32 13 143
427 T 1071054 58 899987 90 10 35 170656 39 14 165
428 T 1071647 51 898413 118 13 20 172835 42 29 126
429 G 1069483 124 272 45 898626 36 179 52 169949 200
430 A 1069392 899979 65 7 158 168905 50 25 33 170
431 A 1069392 898671 41 7 135 170285 23 32 54 144
432 T 1070814 71 894726 103 8 33 175636 45 11 181
433 G 1066016 96 211 39 895756 49 177 24 169509 155
434 A 1064949 898013 99 18 85 166459 40 14 40 181
435 T 1065127 74 897047 149 18 66 167533 47 13 180
436 G 1066250 144 221 40 895150 115 85 21 170319 155
437 C 1068015 316 198 893628 48 160 51 173407 63 144
438 A 1073110 894766 36 14 159 177825 20 78 54 158
439 A 1072762 895122 78 14 107 177131 78 18 34 180
440 C 1073589 100 44 894298 35 68 118 178761 21 144
441 T 1078282 73 892755 95 13 61 185073 38 39 135
442 T 1079104 16 889866 97 12 21 188816 142 6 128
443 A 1077567 890362 31 15 94 186706 33 112 26 188
444 T 1077904 78 888962 100 9 32 188387 38 125 173
445 C 1081696 209 101 889263 43 168 69 191540 151 152
446 A 1088830 889420 83 16 289 198549 235 10 73 155
447 G 1087470 73 487 34 892430 50 170 29 194045 152
448 A 1086700 883430 37 11 156 202578 88 168 49 183
449 G 1081752 100 349 38 879768 55 211 28 201093 110
450 G 1076285 93 210 32 878144 214 95 29 197343 125
451 A 1074613 874973 134 21 146 198716 42 11 66 504
452 C 1073197 102 119 876462 32 78 57 196122 33 192
453 A 1076132 878248 65 22 127 197400 84 15 43 128
454 A 1074906 879699 57 33 159 194662 107 17 38 134
455 G 1071838 63 215 55 877443 141 102 22 191595 2202
456 A 1071996 884009 33 24 128 187529 28 15 43 187
457 G 1068860 75 300 44 889869 34 122 14 178235 167
458 C 1068552 334 57 886171 47 126 25 181634 17 141
459 T 1073776 44 886751 135 21 17 186538 34 17 219
460 C 1074981 271 63 889614 31 120 34 184527 31 290
461 T 1079678 60 895799 111 8 113 183404 36 13 134
462 T 1080187 61 889970 117 12 53 189780 34 35 125
463 G 1077806 116 93 30 886261 84 77 30 190899 216
464 T 1076823 113 881730 121 15 40 194551 42 23 188
465 T 1076442 75 877560 116 15 69 198246 213 11 137
466 C 1076822 305 229 878179 55 193 104 197566 22 169
467 G 1077149 254 272 65 880244 237 263 26 195649 139
468 C 1079200 336 143 890575 51 93 77 187783 25 117
469 A 1083025 890574 100 28 133 190453 200 46 60 1431
470 C 1082011 73 122 887940 26 39 51 193478 196 86
471 C 1085972 380 214 885786 31 296 115 199019 31 100
472 G 1093192 305 406 30 883730 216 397 34 207920 154
473 G 1089688 101 271 49 886802 157 139 43 202025 101
474 A 1088327 886324 79 17 154 201399 59 57 75 163
475 A 1085958 885931 64 18 107 199528 38 14 119 139
476 T 1087635 63 885586 97 18 52 201562 42 31 184
477 G 1084404 153 257 44 885821 87 227 38 197630 147
478 G 1080630 88 186 38 891400 61 61 51 188638 107
479 A 1081613 893829 63 30 123 187230 18 45 64 211
480 T 1083244 124 897197 133 27 55 185385 60 17 246
481 C 1087658 205 105 899272 49 89 65 187722 27 124
482 C 1090011 325 89 903569 41 184 56 185609 18 120
483 C 1096081 880 177 904103 37 301 124 190277 34 148
484 A 1099953 906769 73 41 238 192468 82 25 73 184
485 G 1098470 110 360 52 908516 64 168 41 189037 122
486 G 1096283 77 211 42 911281 61 106 23 184373 109
487 A 1097055 914915 75 17 139 181620 41 12 44 192
488 T 1099132 61 915084 96 19 34 183623 37 24 154
489 G 1097556 139 103 41 916300 52 79 21 180652 169
490 T 1099366 100 915090 139 28 45 183421 39 34 470
491 G 1098784 236 321 38 914643 75 102 21 183212 136
492 C 1101824 257 93 912476 47 83 39 188668 19 142
493 T 1110340 53 910785 139 23 52 199011 54 29 194
494 C 1116792 366 98 910276 59 192 40 205492 28 241
495 T 1122632 56 914521 110 17 135 207595 50 13 135
496 C 1123141 374 86 912627 37 121 31 209709 39 117
497 T 1128756 99 914212 206 21 133 213851 60 21 153
498 G 1124557 126 270 51 919593 64 156 25 204167 105
499 A 1126630 923359 96 22 117 202797 33 20 49 137
500 T 1130336 90 925993 128 20 38 203854 56 12 145
501 G 1130048 267 247 64 921413 95 129 37 207678 118
502 C 1127500 334 120 922389 50 161 54 204241 24 127
503 A 1133549 925448 50 19 184 207522 67 21 82 156
504 A 1135346 929589 67 23 134 205232 94 13 56 138
505 G 1133676 65 328 29 930025 38 143 29 202883 136
506 G 1131610 111 115 26 929493 63 61 44 201562 135
507 T 1129998 31 930496 125 17 37 198552 76 161 503
508 T 1131864 61 936632 131 11 39 194742 90 13 145
509 C 1133275 270 103 939247 63 118 124 193183 33 134
510 A 1137593 938417 66 18 197 198627 25 50 72 121
511 A 1137376 938476 63 29 109 198002 81 65 73 478
512 C 1136964 76 68 943066 35 118 34 193418 36 113
513 T 1141334 60 938849 139 9 46 201798 97 37 299
514 C 1142411 445 60 938454 50 143 60 203085 14 100
515 T 1149323 101 938142 175 19 123 210388 79 21 275
516 C 1151927 384 234 938921 39 118 84 212005 29 113
517 C 1157135 453 87 937576 53 234 44 218517 33 138
518 C 1161393 1000 67 941315 46 386 56 218387 30 106
519 T 1171409 77 943945 132 21 119 226919 53 11 132
520 A 1175707 940321 62 31 152 234836 91 21 54 139
521 G 1169970 74 411 55 939046 35 137 34 230093 85
522 G 1169880 73 246 43 944024 40 118 24 225194 118
523 A 1171713 943864 55 15 174 227298 40 7 65 195
524 G 1171628 71 377 30 943336 64 133 13 227497 107
525 G 1171548 60 77 33 949362 30 42 25 221803 116
526 T 1172495 56 944476 117 18 86 224641 85 492 2524
527 C 1174716 182 88 948682 38 108 45 225397 26 150
528 T 1180022 63 955997 371 33 81 223229 103 19 126
529 G 1180654 158 202 63 961460 85 191 35 218333 127
530 G 1177241 101 275 40 965703 62 103 23 210801 133
531 A 1181068 972738 39 14 201 207694 41 19 68 254
532 G 1177881 100 626 40 975405 44 172 27 201328 139
533 C 1179894 346 147 980545 58 105 55 198464 20 154
534 C 1187661 322 206 989843 37 92 85 196893 24 159
535 G 1192007 316 328 39 994788 231 146 31 196003 125
536 C 1195596 607 101 988570 35 141 147 205823 19 153
537 A 1205437 990539 103 60 483 213755 161 26 136 174
538 G 1201445 54 321 43 992860 28 140 18 207859 122
539 G 1199130 81 90 31 991116 44 42 24 207583 119
540 T 1203060 98 987203 159 21 53 213080 65 49 2332
541 G 1201058 168 419 55 986327 82 166 27 213686 128
542 C 1202626 279 146 987740 52 90 38 214110 22 149
543 T 1209702 50 996073 293 34 36 212937 94 16 169
544 G 1213806 302 314 55 993992 137 134 31 218697 144
545 C 1217960 374 319 992190 56 141 109 224597 34 140
546 A 1223281 996125 72 30 217 226515 64 27 64 167
547 G 1217347 54 108 42 994215 46 57 29 222657 139
548 T 1222772 116 998015 114 18 121 224080 41 34 233
549 C 1228338 238 137 1005966 51 95 78 221565 26 182
550 A 1231938 1010357 83 24 140 220961 47 106 48 172
551 A 1232027 1018181 79 12 115 213264 141 11 41 183
552 A 1236058 1027523 78 43 261 207753 71 85 83 161
553 G 1236882 96 424 42 1022081 36 220 100 213763 120
554 G 1236812 92 452 46 1022457 51 251 31 213319 113
555 A 1238085 1025440 85 17 171 211934 56 12 119 251
556 G 1234005 79 91 39 1025989 36 53 23 207576 119
557 T 1235082 77 1028504 122 15 109 205291 44 78 842
558 T 1238000 76 1036197 166 28 73 201203 53 74 130
559 G 1234522 141 413 47 1035966 94 264 31 197437 129
560 G 1231848 108 283 54 1039723 82 111 21 191321 145
561 A 1235108 1042208 74 12 187 192348 26 13 60 180
562 A 1236959 1040110 115 17 192 196173 41 59 52 200
563 C 1240516 105 107 1044219 39 96 52 195734 15 149
564 A 1243347 1047820 74 20 132 195008 73 22 33 165
565 A 1243393 1050839 83 16 123 192044 72 18 31 167
566 T 1246672 63 1054729 103 27 49 191472 34 49 146
567 G 1243918 113 327 45 1057788 62 122 58 185292 111
568 G 1240466 105 90 43 1057152 85 51 16 182801 123
569 T 1241809 111 1051457 162 24 57 186484 53 74 3387
570 G 1239845 122 320 51 1057048 74 152 54 181906 118
571 A 1239104 1055946 135 17 122 182580 29 37 24 214
572 T 1239268 87 1056147 132 10 21 182612 55 24 180
573 G 1241268 160 385 41 1057277 96 148 29 183009 123
574 G 1241315 76 306 52 1053990 64 83 39 186572 133
575 A 1242520 1050746 85 18 169 191192 38 11 66 195
576 A 1238750 1055267 57 6 140 183036 42 8 27 167
577 T 1237882 71 1060327 95 8 17 177148 35 11 170
578 T 1239769 69 1062736 133 12 50 176560 37 17 155
579 G 1239242 140 381 70 1064527 44 153 36 173745 146
580 G 1235279 111 99 53 1064790 34 98 28 169932 134
581 T 1235014 138 1062166 171 25 33 172066 40 22 353
582 C 1240816 297 151 1057320 46 164 61 182595 32 150
583 A 1245529 1056137 121 27 192 188630 131 73 61 157
584 G 1241307 85 248 50 1057638 85 119 40 182928 114
585 A 1241475 1056050 73 16 109 185019 33 7 25 143
586 A 1241879 1056080 65 17 145 185264 27 72 38 171
587 T 1241914 86 1055705 115 13 31 185745 40 12 167
588 G 1237132 103 211 41 1054757 48 147 61 181644 120
589 A 1234971 1056071 93 16 133 178379 19 58 36 166
590 T 1234295 122 1053475 149 17 34 180283 20 7 188
591 C 1237615 161 119 1050781 43 164 68 186104 30 145
592 A 1245283 1052258 27 12 123 192625 37 14 37 150
593 A 1246477 1050542 30 8 98 195554 21 13 56 155
594 A 1243465 1046917 45 37 99 196098 42 12 44 171
595 C 1241578 107 112 1040947 47 71 90 200029 38 137
596 G 1242174 175 126 54 1045029 59 89 39 196480 123
597 T 1242166 62 1045593 118 25 29 195695 49 28 567
598 G 1241930 137 1044 38 1049708 67 296 38 190448 154
599 G 1239117 94 379 39 1047055 34 216 33 191129 138
600 G 1234827 126 216 25 1043128 54 69 40 191040 129
601 A 1232164 1043020 98 14 145 188613 32 12 32 198
602 T 1229025 67 1040946 136 13 15 187625 51 8 164
603 C 1230239 152 103 1037430 36 119 106 192074 16 203
604 A 1227366 1037473 75 16 210 189256 20 96 48 172
605 A 1224560 1034266 63 8 106 189828 85 6 34 164
606 T 1226444 61 1033452 93 16 35 192530 36 18 203
607 G 1227940 115 182 57 1037408 55 184 56 189734 149
608 A 1222850 1037827 118 25 103 184471 83 56 34 133
609 T 1221362 102 1036143 116 29 35 184650 71 55 161
610 C 1222071 196 265 1034446 66 171 182 186539 57 149
611 G 1225815 217 434 53 1032736 166 252 67 191760 130
612 G 1221223 106 230 58 1031961 29 105 51 188539 144
613 A 1222925 1027463 55 20 134 194989 29 29 51 155
614 A 1222405 1018573 65 18 178 203194 34 46 50 247
615 C 1223301 74 66 1009448 42 54 35 213425 34 123
616 T 1222918 47 1006476 144 17 30 215957 55 18 174
617 T 1218631 57 1002697 104 16 22 215533 45 13 144
618 C 1215172 181 73 1002145 41 71 42 212460 22 137
619 T 1219914 89 993091 214 35 82 226134 69 28 172
620 G 1213811 135 400 66 988258 78 217 27 224490 140
621 G 1208147 83 537 44 983534 34 208 27 223570 110
622 A 1207839 979384 85 19 239 227570 119 20 98 305
623 G 1202992 92 920 39 973255 65 273 33 228197 118
624 G 1200870 103 1433 36 967825 77 402 33 230827 134
625 G 1194800 114 406 41 971581 41 165 17 222319 116
626 G 1191606 106 130 31 971696 58 56 29 219375 125
627 T 1192604 81 956728 176 37 218 224434 169 629 10132
628 G 1189888 164 389 49 965784 86 149 23 223130 114
629 A 1191486 964290 123 28 224 226346 168 16 87 204
630 G 1184337 102 200 41 965464 90 113 22 218179 126
631 A 1181307 963741 63 23 113 217081 38 33 49 166
632 A 1178568 960303 83 19 122 217785 40 28 35 153
633 T 1178866 78 959718 111 15 37 218678 40 37 152
634 G 1174860 184 324 56 962090 63 286 31 211687 139
635 G 1172345 105 270 61 958937 63 119 22 212633 135
636 A 1168853 956741 73 27 191 211455 34 49 70 213
637 C 1168925 116 260 954665 76 112 132 213364 36 164
638 G 1167590 220 207 46 947351 120 134 38 219326 148
639 A 1168214 945154 61 19 123 222605 43 15 47 147
640 A 1169859 940836 42 22 127 228568 62 16 40 146
641 A 1168421 933806 42 21 134 234167 74 23 30 124
642 A 1164547 933210 50 27 115 230921 35 16 38 135
643 A 1162013 930405 95 55 101 231044 35 48 44 186
644 C 1160444 81 72 931998 41 124 33 227929 28 138
645 A 1163243 925752 39 10 170 237036 12 21 54 149
646 A 1160796 922371 54 10 140 237933 76 9 72 131
647 G 1159269 52 148 26 920604 58 105 39 238100 137
648 A 1156944 918832 63 10 108 237693 44 14 47 133
649 A 1151997 914550 58 9 85 237079 45 4 40 127
650 T 1151626 79 913756 81 12 82 237404 27 16 169
651 T 1151185 57 913033 107 9 34 237738 41 23 143
652 G 1147139 76 287 34 913400 39 228 43 232900 132
653 C 1145787 202 79 912442 51 111 100 232654 41 107
654 T 1149921 49 916182 113 4 38 233267 105 13 150
655 T 1153874 20 923017 87 9 85 230431 88 16 121
656 A 1151272 923946 39 6 85 226914 43 73 35 131
657 T 1154285 94 924932 115 12 36 228887 43 15 151
658 G 1153767 103 182 54 929054 62 199 25 223978 110
659 A 1156743 930870 62 5 115 225406 88 9 42 146
660 A 1156578 935772 43 5 112 220367 22 8 101 148
661 A 1158848 936026 37 10 110 222451 58 1 51 104
662 G 1158109 84 173 23 937084 51 89 19 220376 210
663 A 1157290 933594 45 9 85 223374 29 3 33 118
664 A 1153056 928988 33 4 85 223756 23 4 38 125
665 T 1149640 55 924334 74 4 32 224932 29 11 169
666 G 1145232 132 84 25 924588 48 64 15 220134 142
667 T 1144143 104 924485 167 17 52 218734 54 21 509
668 G 1138159 138 262 35 922953 55 108 18 214432 158
669 C 1135986 245 159 923133 46 89 83 212046 45 140
670 A 1141805 923460 60 11 134 217940 28 14 39 119
671 A 1141893 922296 90 5 95 219085 37 19 44 222
672 C 1142714 91 77 924985 22 76 42 217259 17 145
673 A 1147035 923529 53 8 77 223130 31 17 41 149
674 T 1145107 49 928070 94 6 21 216672 50 6 139
675 T 1149137 47 931451 107 5 38 217285 48 7 149
676 C 1148236 180 72 932944 28 79 56 214734 25 118
677 T 1148066 94 929336 176 10 90 218140 52 15 153
678 C 1146253 330 94 927439 44 178 76 217914 31 147
679 A 1153318 928885 58 12 106 223990 58 26 34 149
680 A 1152209 927810 45 10 100 223999 77 27 26 115
681 A 1150705 926041 45 17 136 224164 84 12 56 150
682 G 1145034 49 1072 32 921590 37 352 22 221753 127
683 G 1141654 106 374 33 919590 48 141 35 221191 136
684 G 1137414 86 247 36 923028 67 78 22 213706 144
685 A 1132682 926538 52 10 136 205699 26 10 51 160
686 A 1126990 922289 48 14 137 204279 28 23 36 136
687 A 1127024 926772 68 10 90 199853 37 7 35 152
688 T 1126101 52 928620 84 10 46 197087 30 22 150
689 T 1125117 41 930537 109 7 28 194197 55 11 132
690 T 1123421 76 930738 155 7 25 192206 62 7 145
691 C 1122407 226 111 931976 40 90 72 189701 32 159
692 A 1122978 935047 28 28 277 187301 58 26 59 154
693 A 1122368 938187 42 17 109 183789 29 8 47 140
694 A 1119840 939163 45 45 89 180218 54 19 35 172
695 C 1119484 101 31 938703 24 52 42 180395 22 114
696 T 1123281 30 938622 137 21 36 184187 48 18 182
697 G 1119312 111 385 48 934329 48 156 25 184053 157
698 C 1117151 299 76 931947 31 75 35 184545 33 110
699 T 1118009 66 932279 164 21 39 185185 56 11 188
700 G 1117017 246 269 55 930823 119 105 27 185221 152
701 C 1116129 347 155 931297 53 88 55 183967 30 137
702 A 1118624 932194 99 17 156 185758 32 29 44 295
703 C 1117133 80 116 933097 32 81 37 183462 25 203
704 A 1118066 931226 42 12 87 186483 12 29 22 153
705 A 1119379 930718 57 9 102 188268 30 14 29 152
706 A 1117340 931588 16 12 71 185468 18 15 33 119
707 A 1113953 933024 40 14 87 180590 28 11 29 130
708 A 1110655 932826 36 7 284 177258 32 14 75 123
709 G 1106345 81 229 41 931558 30 66 43 174154 143
710 C 1101098 268 141 932534 36 127 53 167780 23 136
711 A 1098459 932241 70 14 137 165758 22 12 46 159
712 A 1093149 928720 50 9 94 163950 22 10 177 117
713 T 1088918 61 925204 92 19 40 163319 26 17 140
714 G 1086198 86 239 41 925500 49 263 16 159897 107
715 A 1080427 920448 102 9 130 159350 179 8 25 176
716 T 1078451 76 920471 105 18 34 157397 27 167 156
717 G 1074476 139 276 36 915301 192 109 22 158251 150
718 G 1069002 83 189 47 913544 229 64 25 154662 159
719 A 1064355 906708 83 30 129 157183 24 12 33 153
720 T 1059111 105 904628 127 20 42 153839 31 8 311
721 C 1055109 160 113 900255 50 113 86 154130 22 180
722 A 1053319 901388 90 25 202 151328 52 13 49 172
723 A 1046607 894884 53 22 135 151280 31 15 27 160
724 G 1040415 58 79 47 890515 29 37 16 149503 131
725 T 1038646 106 888666 119 24 59 148772 35 32 833
726 G 1033000 134 444 60 887933 45 121 25 144101 137
727 A 1026823 885653 97 42 180 140551 90 7 40 163
728 G 1019167 86 356 46 884388 28 78 13 134036 136
729 A 1015707 881979 90 47 262 132985 102 17 54 171
730 G 1007958 111 282 45 874803 37 54 9 132486 131
731 A 1002087 869936 48 23 183 131644 37 8 58 150
732 G 992307 107 293 41 860585 47 56 11 131011 156
733 A 989297 854443 43 80 161 134234 53 18 41 224
734 G 978707 95 596 59 847890 25 112 55 129695 180
735 C 973705 285 330 843815 48 118 106 128868 25 110
736 C 968698 281 187 836222 37 108 193 131325 76 269
737 G 967484 251 315 53 833827 223 188 48 132424 155
738 G 960156 103 226 39 830568 48 47 13 128977 135
739 A 955482 827244 24 22 136 127844 15 22 32 143
740 A 949003 820801 46 23 121 126338 20 765 24 865
741 C 941988 96 99 813652 33 35 33 127893 18 129
742 C 936437 289 74 805898 25 69 44 129912 17 109
743 C 933068 702 160 796996 39 149 66 134802 22 132
744 A 928967 787692 62 24 153 140714 80 76 37 129
745 G 920498 94 826 32 778483 33 223 22 140671 114
746 G 913943 73 413 27 771826 39 117 60 141286 102
747 G 907058 108 204 45 766991 63 50 57 139443 97
748 A 902226 761956 48 14 123 139882 40 5 26 132
749 A 896816 754526 46 20 113 141911 19 4 58 119
750 T 891634 39 749943 128 15 50 141279 31 10 139
751 G 882213 177 268 48 745068 72 77 14 136359 130
752 C 874587 243 114 743576 46 91 43 130330 36 108
753 T 872178 48 738742 184 33 25 132954 35 18 139
754 G 867305 95 451 36 734539 65 110 16 131886 107
755 A 859445 728735 34 7 103 130390 24 13 19 120
756 G 851717 76 67 23 725504 18 60 5 125813 151
757 T 844016 50 723297 107 16 41 120143 42 16 304
758 T 835916 47 716448 76 10 17 119167 15 8 128
759 C 826012 195 142 707815 38 107 108 117470 30 107
760 G 816785 130 191 29 696809 245 60 16 119186 119
761 A 810104 690671 78 8 113 119060 39 10 23 102
762 A 801924 680161 33 6 127 121400 46 8 34 109
763 G 793483 36 108 23 668295 19 45 22 124806 129
764 A 783820 659642 52 8 77 123886 21 14 14 106
765 T 777482 39 653696 75 14 15 123487 33 7 116
766 C 770137 65 52 645244 24 53 19 124572 14 94
767 T 766876 56 635329 126 24 69 131085 39 5 143
768 C 758653 338 60 626605 72 122 30 131306 26 94
769 A 753955 617456 49 15 74 133518 49 133 16 2645
770 C 747756 42 44 610963 25 32 576 134331 20 1723
771 T 742466 38 604896 76 15 43 137278 39 6 75
772 T 739093 42 594508 77 16 33 144299 23 14 81
773 T 731716 33 586046 75 14 19 145394 21 25 89
774 T 724497 32 583466 68 18 43 140754 23 11 82
775 C 715625 118 47 576899 36 77 47 138308 14 79
776 T 708100 49 573903 92 18 79 133800 54 17 88
777 A 698022 567993 25 8 127 129700 11 32 31 95
778 G 684768 72 191 28 562554 49 61 12 121724 77
779 C 677629 192 70 554097 29 100 31 123003 27 80
780 A 672048 547662 43 11 79 123233 15 62 23 920
781 C 663202 63 113 540917 16 79 45 121749 47 173
782 G 653007 82 196 7 534587 47 78 11 117940 59
783 G 644315 63 36 19 526955 24 19 13 117108 78
784 T 636087 53 517906 62 7 20 117796 27 17 199
785 C 627381 143 46 511505 25 68 29 115423 23 119
786 T 617992 24 504649 152 21 67 112959 36 10 74
787 G 607002 127 153 34 496199 118 48 19 110238 66
788 C 595742 175 99 487944 43 74 36 107282 19 70
789 A 589652 469444 53 10 103 112415 35 496 28 7068
790 C 582415 70 63 467957 34 37 23 114135 31 65
791 T 577046 26 457914 73 17 71 118843 22 8 72
792 C 571448 290 63 445859 35 185 36 124752 43 185
793 A 565810 433514 33 13 76 132022 33 5 34 80
794 T 556364 53 425734 62 11 26 130366 35 24 53
795 A 548644 417338 22 13 62 130314 28 24 19 824
796 T 543032 24 403594 44 14 37 139234 27 18 40
797 T 537828 38 396051 61 9 37 141228 19 161 224
798 G 531674 53 164 16 392573 42 98 14 138668 46
799 A 523400 388966 28 10 80 134064 62 12 41 137
800 G 516156 36 98 13 385535 19 56 13 130350 36
801 A 510564 372467 27 12 90 129614 47 13 1359 6935
802 G 501625 76 238 13 374644 42 146 10 126425 31
803 G 493718 33 155 17 368584 59 72 36 124705 57
804 G 483537 43 47 14 362206 40 53 11 121075 48
805 T 476199 40 355262 49 11 70 120191 64 140 372
806 C 466712 116 80 345095 23 141 82 117435 887 2853
807 G 458872 68 95 24 342644 173 100 43 115684 41
808 G 446803 51 39 25 337924 48 210 37 108124 345
809 T 441092 37 327898 21 12 40 112982 22 27 53
810 T 435116 29 319571 44 9 13 115333 26 23 68
811 G 425015 108 102 24 316296 94 79 115 108047 150
812 C 419173 101 52 316561 26 61 32 102286 15 39
813 T 418014 28 304584 66 18 73 112481 246 11 507
814 C 416554 202 60 298612 32 201 102 117252 31 62
815 A 415180 296255 52 15 52 118505 78 33 82 108
816 C 410530 65 50 294764 27 1564 92 112171 24 1773
817 A 409266 285443 31 11 62 123476 138 20 41 44
818 A 406255 279198 23 14 61 126457 36 85 169 212
819 G 400697 31 40 20 277134 96 129 27 123135 85
820 T 396769 21 275981 44 8 56 117436 1764 48 1411
821 C 392543 85 29 272455 18 153 56 119687 19 41
822 C 389246 132 32 269675 17 196 55 119001 41 97
823 T 389083 24 265270 36 20 90 123007 46 349 241
824 G 381982 54 111 18 262230 90 201 275 118825 178
825 C 378603 146 54 261166 32 84 59 117003 24 35
826 C 378445 119 42 258258 28 85 102 119667 35 109
827 T 381223 26 256699 33 15 84 123885 46 228 207
828 G 375315 24 114 23 255897 72 102 268 118679 136
829 C 373531 161 50 255336 20 51 57 117796 23 37
830 C 377660 106 30 252284 23 64 108 124915 26 104
831 T 383814 18 249923 17 6 85 133546 47 93 79
832 G 381678 70 160 29 249040 83 125 81 132005 85
833 C 381993 130 101 248125 22 81 488 133002 27 17
834 C 384761 126 31 243928 59 91 1751 136322 479 1974
835 T 390062 19 242371 115 22 67 147245 70 78 75
836 G 388750 52 33 12 239776 55 78 22 148677 45
837 T 389272 43 241464 26 16 28 147406 44 129 116
838 G 388282 31 28 18 245417 217 92 28 142383 68
839 T 389231 29 245298 53 12 42 143629 40 49 79
840 G 388767 33 18 17 250663 72 178 22 137592 172
841 T 388633 23 257421 50 18 36 130821 46 174 44
842 A 389508 263662 61 6 61 125391 91 18 76 142
843 T 390784 41 266262 60 16 53 118812 159 2340 3041
844 G 392113 85 189 39 276060 60 139 128 115395 18
845 G 394562 85 50 40 282244 98 155 83 111635 172
846 A 397254 263277 78 35 168 94185 80 12953 158 26320
847 C 399843 98 119 295018 70 45 55 104377 22 39
848 C 406148 316 72 300380 40 93 45 105161 17 24
849 T 414795 55 307446 26 32 43 107113 25 31 24
850 G 418572 200 520 48 313276 91 149 21 104217 50
851 C 420812 240 149 316051 53 80 78 104102 15 44
852 C 427819 215 201 319503 38 103 119 107551 32 57
853 G 435934 101 95 30 321460 158 63 27 113966 34
854 T 441596 76 325627 67 29 15 115671 30 26 55
855 A 452579 329040 22 17 142 123218 40 24 40 36
856 G 458513 9 60 7 332910 51 76 16 125356 28
857 C 471488 121 43 337873 16 62 28 133286 32 27
858 C 485029 84 88 343955 15 35 44 140724 45 39
859 A 492589 345422 23 7 45 146949 33 16 54 40
860 G 494187 15 21 7 349174 18 66 13 144843 30
861 T 501561 44 355058 29 7 26 146272 52 13 60
862 G 504541 61 297 14 360197 30 249 19 143641 33
863 G 505787 37 120 17 369892 47 128 9 135504 33
864 G 511158 73 62 11 380496 27 66 15 130371 37
865 T 519013 40 387986 84 14 46 130689 37 16 101
866 A 528400 397169 30 12 61 130983 29 45 32 39
867 C 538830 62 146 408942 24 40 92 129442 39 43
868 G 551942 79 60 25 418754 35 72 56 132821 40
869 A 562820 428381 53 10 51 134184 34 9 30 68
870 C 573383 38 47 439194 22 46 23 133933 38 42
871 T 581557 21 444215 72 15 7 137116 57 5 49
872 T 589720 22 453701 67 14 9 135791 49 8 59
873 T 598615 43 465455 83 14 9 132897 41 10 63
874 G 605237 50 114 32 474338 26 122 17 130489 49
875 A 615477 478863 33 8 118 136294 20 17 62 62
876 A 626298 487662 28 7 64 138362 64 6 33 72
877 A 635199 491584 22 9 84 143261 136 11 45 47
878 G 640968 38 503 20 492944 47 235 19 147115 47
879 G 645744 55 201 23 498154 19 162 16 147059 55
880 G 651578 46 277 26 505640 17 103 17 145397 55
881 A 658930 512392 38 10 128 146109 97 11 50 95
882 G 662222 48 460 18 521121 34 233 28 140229 51
883 G 665672 63 226 32 534472 19 197 17 130582 64
884 G 668028 116 127 14 544875 38 74 7 122713 64
885 A 675536 555508 53 6 75 119697 49 8 20 120
886 T 684012 52 565130 67 5 16 118650 12 8 72
887 A 693685 572126 40 11 62 120120 143 119 53 1011
888 C 701876 52 41 584287 18 17 63 117333 4 61
889 T 714626 54 592399 101 7 17 121881 28 51 88
890 C 722078 337 53 603792 17 109 28 117679 8 55
891 T 731096 53 617118 90 12 61 113635 27 5 95
892 C 739479 275 49 626760 27 60 17 112159 60 72
893 T 747903 61 631577 79 13 12 116003 74 5 79
894 A 758844 636928 21 19 98 121616 25 6 24 107
895 G 764286 53 67 21 643343 13 36 12 120657 84
896 T 771076 81 651071 66 10 28 119632 20 6 162
897 C 781545 164 135 655104 29 60 90 125864 9 90
898 G 793529 186 249 32 660468 33 195 26 132249 91
899 G 800266 55 150 27 662831 19 124 16 136958 86
900 A 808552 670829 51 10 106 137390 33 8 21 104
901 A 816622 680439 40 8 83 135918 13 7 21 93
902 T 827190 31 692481 63 1 10 134462 30 5 107
903 A 836513 700759 37 12 125 135366 98 6 22 88
904 G 844409 50 150 28 713374 26 75 15 130604 87
905 A 855257 723668 48 11 83 131025 47 39 42 294
906 C 864506 71 57 732192 31 32 35 131989 9 90
907 C 877563 381 79 743590 22 93 16 133258 10 114
908 C 886869 925 46 753614 20 162 29 131944 6 123
909 T 894852 26 765262 166 11 16 129214 43 6 108
910 T 900238 48 770763 117 14 15 129125 39 4 113
911 T 907484 63 777483 108 12 6 129651 30 8 123
912 C 915921 210 107 787485 35 45 64 127881 8 86
913 A 925141 798444 50 19 244 126079 142 11 43 109
914 G 930930 66 179 45 801860 23 116 28 128513 100
915 A 936900 807506 68 21 109 128944 53 13 29 157
916 C 945722 98 57 813831 25 42 21 131545 18 85
917 T 957318 44 823901 133 16 29 133029 46 8 112
918 G 965671 137 359 43 834266 26 123 16 130614 87
919 C 975826 247 79 841900 28 50 18 133364 29 111
920 T 986399 42 851804 153 20 10 134211 39 5 115
921 T 995059 106 859719 128 15 17 134883 33 7 151
922 C 1007681 265 80 871040 52 65 67 135972 15 125
923 A 1019194 879653 53 11 146 139110 46 32 23 120
924 A 1025721 886412 44 11 96 138981 31 5 29 112
925 A 1033344 893183 48 18 100 139809 30 4 24 128
926 A 1040663 898003 53 38 149 142180 21 20 30 169
927 C 1048921 114 131 905948 33 59 48 142468 17 103
928 A 1056102 914325 60 14 127 141379 46 11 26 114
929 G 1059214 198 565 47 917407 28 92 30 140728 119
930 C 1066962 371 114 919639 42 70 41 146564 12 109
931 C 1074453 234 148 923464 38 50 57 150331 16 115
932 A 1082707 933546 75 26 97 148750 42 11 26 134
933 A 1089649 940693 48 14 92 148587 57 7 27 124
934 G 1094090 82 99 37 947298 22 47 8 146383 114
935 T 1101791 74 952466 93 26 25 148402 31 21 653
936 G 1104561 141 133 53 957079 46 44 11 146928 126
937 T 1110487 92 963365 167 14 12 146327 33 8 469
938 A 1116802 973072 98 20 139 143180 19 8 34 232
939 C 1123178 139 342 977172 56 66 73 145188 11 131
940 A 1131812 981420 49 20 160 149922 38 13 30 160
941 G 1134223 94 448 44 984748 24 112 35 148588 130
942 C 1137963 347 101 989815 29 97 30 147391 20 133
943 C 1146662 277 103 994099 49 66 37 151906 20 105
944 T 1155166 74 994225 187 23 32 160421 46 15 143
945 A 1156999 996282 28 17 101 160350 51 7 29 134
946 A 1156825 1002018 64 11 101 154422 23 10 31 145
947 T 1164534 79 1007820 101 17 32 156268 25 9 183
948 C 1172081 307 105 1009633 45 125 66 161647 19 134
949 A 1177121 1007973 68 25 216 168532 71 20 60 156
950 G 1176735 116 261 46 1011414 25 93 27 164611 142
951 A 1180110 1009980 89 22 135 169451 31 18 43 341
952 C 1183125 109 91 1007348 54 62 41 175274 13 133
953 C 1188592 356 102 1007342 47 107 79 180396 22 141
954 A 1194184 1009820 74 20 108 183879 61 16 69 137
955 A 1194979 1012914 45 19 109 181639 42 11 65 135
956 A 1194227 1010994 61 25 108 182775 30 49 27 158
957 T 1199503 75 1013511 110 27 58 185513 31 24 154
958 G 1196720 129 413 49 1020183 41 162 27 175572 144
959 A 1198016 1022742 111 21 227 174581 72 18 79 165
960 G 1196050 121 225 35 1020151 34 45 60 175219 160
961 A 1197723 1015787 41 17 99 181521 37 46 30 145
962 A 1198128 1011519 63 19 123 186173 28 12 42 149
963 T 1198850 96 1011666 132 24 26 186506 52 10 338
964 C 1201018 280 78 1012407 45 86 32 187928 20 142
965 C 1205773 346 140 1011293 57 170 87 193501 31 148
966 A 1203939 1006045 45 29 279 197261 65 9 59 147
967 G 1200081 134 326 50 1007337 40 93 34 191919 148
968 C 1202707 453 170 1013078 59 144 58 188591 18 136
969 A 1204532 1013968 106 17 145 189711 29 25 47 484
970 C 1202984 130 101 1010201 34 48 50 192268 17 135
971 A 1203376 1006672 146 30 129 195979 41 11 29 339
972 C 1201814 110 96 1006411 39 67 66 194819 23 183
973 A 1205379 1001047 40 12 137 203893 37 8 57 148
974 A 1204736 1000093 68 18 173 204010 135 17 60 162
975 G 1198465 81 462 36 994339 29 134 21 203164 199
976 A 1195498 993662 65 10 169 201284 64 20 43 181
977 G 1188333 110 72 51 994982 39 55 26 192828 170
978 T 1185671 104 988897 118 19 105 195010 81 41 1296
979 C 1184170 205 103 983836 53 150 45 199590 24 164
980 A 1187744 982929 57 7 152 204357 31 10 58 143
981 A 1184089 979170 71 13 87 204483 47 11 23 184
982 C 1183707 102 90 975221 45 64 149 207869 24 143
983 T 1187335 81 973580 109 32 78 213092 40 134 189
984 G 1184481 123 313 46 971794 45 143 165 211718 134
985 G 1181398 78 95 32 973798 32 41 22 207169 131
986 T 1180287 89 978828 112 22 56 199561 50 224 1345
987 G 1177815 117 83 36 979396 62 54 214 197738 115
988 T 1176242 71 982601 110 22 261 192761 31 27 358
989 G 1175084 132 344 57 983460 54 138 34 190732 133
990 G 1171190 67 252 36 979824 270 102 42 190475 122
991 A 1169020 968989 110 18 160 199389 62 22 52 218
992 T 1169600 104 962150 122 26 57 206753 52 49 287
993 G 1161739 158 220 67 963944 86 127 27 196943 167
994 G 1155906 265 317 55 970243 121 98 33 184616 158
995 C 1154127 446 249 973948 67 188 135 178902 36 156
996 A 1155401 977500 79 32 152 177307 58 28 49 196
997 T 1152937 87 977511 181 22 29 174859 61 19 168
998 G 1147413 191 458 54 977325 79 179 32 168934 161
999 C 1146733 299 211 976667 46 96 68 169161 28 157
1000 C 1150462 245 176 968660 38 120 56 180999 20 148
1001 A 1154173 963578 80 12 113 190092 72 12 37 177
1002 T 1152263 66 958883 133 14 28 192899 58 14 168
1003 T 1152399 75 955218 98 53 46 196478 244 17 170
1004 C 1150795 219 89 949981 45 93 76 200156 30 106
1005 T 1155208 113 945883 227 28 279 208456 60 19 143
1006 G 1146576 223 562 75 940174 89 207 230 204858 158
1007 C 1142398 259 160 941841 47 243 63 199593 64 128
1008 C 1146073 275 274 934959 41 152 120 210068 24 160
1009 G 1153088 262 302 32 932138 207 160 211 219639 137
1010 C 1154212 372 90 933222 38 276 63 219993 33 125
1011 A 1160663 936263 39 12 111 223865 42 52 142 137
1012 T 1162861 32 933984 79 11 24 228534 41 25 131
1013 T 1162944 34 930460 126 18 35 232054 54 12 151
1014 T 1164690 65 929485 206 11 63 234579 67 66 148
1015 G 1155598 98 263 56 930860 97 168 34 223859 163
1016 A 1154041 931769 59 6 189 221728 40 28 67 155
1017 A 1151020 931375 57 28 163 219037 97 39 78 146
1018 G 1145720 52 142 29 928017 39 129 29 217152 131
1019 A 1143083 923302 79 13 103 219231 38 96 42 179
1020 T 1141065 64 924232 108 8 78 216368 27 25 155
1021 C 1139331 116 64 923010 26 87 70 215733 88 137
1022 T 1142453 70 923544 148 22 122 218326 54 41 126
1023 A 1144586 923494 26 17 139 220595 75 63 46 131
1024 A 1142983 928399 57 11 100 214035 146 28 42 165
1025 G 1137679 39 352 30 926693 39 151 34 210217 124
1026 A 1136968 931954 76 8 143 204518 41 10 52 166
1027 G 1133173 57 91 24 935827 51 55 23 196909 136
1028 T 1135909 65 930716 72 7 260 199391 94 194 5110
1029 A 1134004 939622 58 5 92 193978 26 10 58 155
1030 T 1134266 69 935217 87 8 23 198656 29 43 134
1031 T 1137671 93 937752 116 10 54 199470 32 15 129
1032 A 1144741 936322 85 7 132 207952 54 8 39 142
1033 A 1147678 930016 30 8 100 217323 31 13 29 128
1034 G 1144661 49 357 19 924342 41 173 35 219526 119
1035 C 1145847 285 58 920967 27 143 35 224180 45 107
1036 T 1148033 17 918955 147 7 25 228651 58 12 161
1037 T 1148219 89 923693 103 12 65 224032 44 49 132
1038 C 1145312 225 128 923038 36 112 98 221519 33 123
1039 A 1145445 920746 98 23 133 224168 29 33 49 166
1040 T 1142472 94 915513 130 11 89 226417 64 12 142
1041 C 1146364 263 91 907330 42 258 82 238138 36 124
1042 A 1153009 901559 59 15 138 250926 72 61 54 125
1043 A 1151306 905011 62 18 120 245811 64 15 83 122
1044 A 1152784 905527 59 41 206 246507 179 58 76 131
1045 G 1148889 71 808 32 909357 34 360 28 238090 109
1046 G 1143104 89 427 41 914534 41 176 24 227664 108
1047 G 1135952 92 234 38 919259 58 80 48 216010 133
1048 A 1134424 920529 57 15 175 213271 46 39 63 229
1049 C 1132150 87 202 919623 56 97 132 211747 63 143
1050 G 1139907 180 238 36 920491 154 128 33 218509 138
1051 A 1141488 924656 82 18 91 216354 74 16 51 146
1052 A 1144670 924428 81 37 186 219599 129 24 65 121
1053 G 1139264 117 232 30 923937 58 134 17 214610 129
1054 G 1135851 121 45 40 924489 56 47 52 210876 125
1055 T 1136333 98 921302 108 23 116 211635 65 144 2842
1056 G 1132284 201 337 38 920626 94 129 23 210741 95
1057 C 1131126 296 177 925787 36 96 63 204547 31 93
1058 T 1141235 110 932265 236 15 110 208187 70 24 218
1059 C 1146636 475 171 933858 57 200 85 211647 34 109
1060 C 1151984 451 107 927717 53 277 53 223159 28 139
1061 C 1158244 814 128 924113 43 396 64 232528 25 133
1062 A 1167255 927112 57 21 156 239575 76 30 74 154
1063 A 1169429 930261 67 21 129 238544 170 26 64 147
1064 G 1167196 71 476 35 931786 61 187 24 234417 139
1065 A 1166635 948334 69 15 131 217606 183 56 67 174
1066 G 1160997 80 1040 27 953447 135 344 22 205779 123
1067 G 1156913 102 473 38 951654 152 293 22 204073 106
1068 G 1150994 210 251 37 942555 74 215 18 207516 118
1069 A 1151930 938394 79 10 173 212838 177 9 77 173
1070 A 1152325 938552 40 16 158 213159 162 9 68 161
1071 G 1148902 58 339 27 940821 52 139 37 207284 145
1072 C 1149990 315 59 940163 31 254 47 208976 24 121
1073 T 1156856 26 945523 189 15 143 210731 57 15 157
1074 T 1157452 44 947457 149 12 27 209432 178 10 143
1075 T 1157351 76 950084 141 12 63 206753 56 14 152
1076 C 1159797 260 89 955344 40 120 57 203718 24 145
1077 C 1162165 309 108 960273 56 185 90 200941 64 139
1078 A 1164993 963539 92 12 117 200659 85 33 39 417
1079 C 1165954 108 68 962911 36 48 34 202620 15 114
1080 T 1170806 46 964223 105 10 53 206169 74 12 114
1081 A 1172028 953975 83 16 139 217362 183 71 41 158
1082 G 1171202 64 502 46 951455 32 280 26 218634 163
1083 A 1172233 953567 58 14 111 218130 152 12 38 151
1084 G 1169561 76 374 36 959916 38 219 18 208774 110
1085 G 1169235 72 438 37 961770 45 122 34 206582 135
1086 A 1167958 967098 68 9 155 200325 51 11 39 202
1087 G 1167226 65 83 33 974245 183 67 31 192388 131
1088 T 1165481 72 978887 130 13 216 185074 167 78 844
1089 T 1166203 86 981410 154 12 129 184068 47 153 144
1090 C 1167731 264 97 984036 52 107 39 182918 45 173
1091 A 1174043 985835 61 12 151 187516 181 105 23 159
1092 A 1172597 987857 84 8 119 184082 253 4 34 156
1093 A 1169132 987014 58 10 82 181552 115 125 25 151
1094 T 1173064 59 989983 102 7 27 182521 202 6 157
1095 T 1176543 57 995511 124 8 21 180463 128 77 154
1096 G 1176148 121 360 45 997368 56 226 28 177805 139
1097 C 1178355 232 81 996367 28 63 28 181398 25 133
1098 T 1183399 42 996395 156 7 17 186555 56 9 162
1099 T 1187686 85 994113 116 22 45 193103 45 10 147
1100 C 1189636 293 71 992706 42 103 57 196201 34 129
1101 C 1194574 315 133 990447 66 217 66 203155 25 150
1102 A 1195854 989518 71 10 120 205905 28 39 35 128
1103 A 1193566 988896 33 9 88 204304 45 11 21 159
1104 T 1196112 60 993684 107 19 40 201970 54 18 160
1105 G 1199822 104 199 40 996473 55 113 28 202669 141
1106 A 1199319 1002510 43 5 103 196384 36 7 48 183
1107 A 1200506 1003599 45 5 114 196517 17 7 53 149
1108 A 1199362 999098 30 10 103 199914 18 10 42 137
1109 A 1200588 999150 96 11 97 201034 26 5 41 128
1110 T 1201956 45 1001234 92 9 46 200321 23 13 173
1111 A 1201769 1003476 79 5 124 197846 34 10 35 160
1112 T 1205897 74 1008397 105 6 35 197109 18 16 137
1113 G 1205192 133 205 47 1013366 41 191 35 191050 124
1114 G 1202177 94 164 29 1013024 38 77 34 188577 140
1115 A 1202860 1013679 63 12 231 188441 93 6 79 256
1116 G 1202462 78 210 36 1017514 47 61 13 184338 165
1117 A 1201169 1015604 107 14 143 184734 36 61 46 424
1118 C 1201849 105 66 1015109 35 67 82 186235 16 134
1119 T 1207032 23 1018117 111 10 53 188507 37 5 169
1120 A 1206410 1017540 132 7 94 188356 38 63 19 161
1121 T 1209493 98 1024057 142 7 36 184928 34 10 181
1122 G 1208360 158 343 33 1026388 57 209 77 180943 152
1123 G 1204863 68 247 45 1025757 113 101 18 178352 162
1124 A 1205265 1025651 65 8 121 179132 37 3 94 154
1125 A 1203939 1024770 57 2 112 178732 66 10 35 155
1126 T 1205149 83 1023828 103 16 17 180859 25 15 203
1127 C 1207123 244 98 1024435 42 130 49 181967 16 142
1128 A 1209897 1019238 67 11 221 190100 37 9 54 160
1129 A 1204007 1013535 62 14 117 190009 60 10 36 164
1130 G 1200052 82 108 39 1013741 35 62 17 185852 116
1131 T 1201963 78 1012724 101 18 73 188476 43 7 443
1132 A 1200420 1011919 101 22 122 187781 55 15 30 375
1133 C 1203546 123 120 1010872 38 67 52 192096 30 148
1134 A 1208875 1012206 95 20 115 195738 39 26 43 593
1135 C 1208681 103 95 1011824 40 60 36 196366 25 132
1136 T 1213746 69 1009029 122 15 45 204275 54 6 131
1137 T 1215094 75 1005107 182 14 28 209475 47 12 154
1138 G 1212854 105 263 64 1000015 60 98 20 212061 168
1139 A 1213327 996787 85 10 111 216075 52 9 55 143
1140 A 1213632 994466 81 9 147 218507 149 13 52 208
1141 C 1213419 102 89 997137 31 59 123 215693 25 160
1142 T 1219384 28 1001019 166 19 30 217837 149 17 119
1143 G 1216464 143 406 35 1002250 73 150 130 213166 111
1144 A 1215752 994297 82 15 214 220800 95 19 50 180
1145 G 1212487 117 92 39 987248 45 165 26 224615 140
1146 A 1214959 989790 76 11 135 224683 49 20 46 149
1147 A 1214355 991680 43 7 140 222150 36 18 127 154
1148 G 1209351 84 310 43 991327 37 142 12 217279 117
1149 C 1208915 387 168 995974 60 117 103 211911 36 159
1150 A 1211691 994618 89 24 314 216305 108 25 69 139
1151 G 1207212 60 340 35 993682 38 120 23 212803 111
1152 G 1204590 127 80 35 992375 61 49 29 211691 143
1153 T 1205305 79 986846 98 16 116 216423 63 66 1598
1154 A 1202267 988762 72 13 128 212959 46 16 55 216
1155 C 1202517 92 77 989620 29 57 32 212475 22 113
1156 T 1208211 60 990610 126 15 48 217145 48 14 145
1157 G 1206798 151 696 41 992622 85 267 35 212775 126
1158 G 1202301 140 259 28 988836 60 112 30 212701 135
1159 G 1196515 186 416 53 988034 61 121 27 207454 163
1160 C 1196436 403 143 982386 37 120 96 213033 44 174
1161 C 1200433 252 153 982069 31 124 100 217513 20 171
1162 A 1200419 976162 109 15 110 223745 56 39 34 149
1163 T 1199332 44 970110 96 11 46 228844 36 17 128
1164 A 1206541 972260 21 3 208 233740 101 10 70 128
1165 A 1204296 974673 63 33 203 228970 126 17 76 135
1166 G 1202347 92 428 34 966716 45 209 20 234679 124
1167 G 1202959 118 242 44 965311 66 109 29 236899 141
1168 A 1201029 965672 126 13 149 234508 59 35 56 411
1169 C 1201117 78 106 963802 37 59 37 236828 28 142
1170 C 1205846 298 125 964344 43 163 55 240649 29 140
1171 A 1211135 970003 95 27 229 240482 60 21 65 153
1172 G 1209697 72 177 38 968152 45 113 25 240939 136
1173 A 1210261 969215 62 13 120 240609 64 13 43 122
1174 A 1211187 972181 53 22 133 238549 60 12 42 135
1175 G 1208894 84 103 32 975114 40 45 49 233315 112
1176 T 1212002 79 978530 115 22 89 231147 90 86 1844
1177 G 1205919 121 356 45 981360 44 291 30 223565 107
1178 G 1202712 65 566 36 983603 32 197 23 218070 120
1179 A 1201459 984174 103 24 225 216511 108 35 87 192
1180 G 1197752 128 346 50 983618 63 233 23 213137 154
1181 G 1191684 96 240 48 985429 56 129 24 205526 136
1182 A 1190130 981369 52 15 142 208259 56 23 57 157
1183 A 1190710 981189 64 25 175 208956 49 21 65 166
1184 A 1188156 981203 58 80 135 206397 31 36 35 181
1185 C 1188713 125 134 983681 62 80 97 204336 64 134
1186 A 1187082 981193 91 26 129 203591 42 89 34 1887
1187 C 1186728 110 112 980287 35 58 79 205926 12 109
1188 C 1191729 335 102 978517 52 163 111 212262 32 155
1189 A 1194327 976405 65 20 136 217453 34 21 47 146
1190 A 1191853 974547 37 21 102 216927 23 14 32 150
1191 T 1189007 102 980301 121 16 31 208104 39 17 276
1192 C 1191574 230 95 970240 42 172 56 220599 23 117
1193 A 1195929 965022 87 27 142 230413 46 19 35 138
1194 A 1195920 964692 76 22 100 230736 47 24 48 175
1195 C 1198904 127 127 961201 65 123 77 237001 24 159
1196 A 1208527 955282 85 50 217 252532 92 26 81 162
1197 G 1205252 100 447 60 955448 64 197 24 248761 151
1198 A 1203656 958737 81 24 173 244273 137 12 70 149
1199 G 1192359 115 871 48 957815 66 330 31 232969 114
1200 G 1185876 134 260 51 959751 69 107 23 225361 120
1201 G 1180287 122 307 57 960382 45 109 46 219096 123
1202 C 1184917 366 243 965914 44 162 93 217899 39 157
1203 A 1197023 969081 75 37 148 227391 46 27 56 162
1204 T 1195245 84 967325 121 16 56 227422 51 11 159
1205 C 1198321 259 61 961731 49 137 72 235849 29 134
1206 T 1205673 88 961239 305 28 119 243555 130 24 185
1207 G 1195110 131 806 57 963344 72 283 34 230245 138
1208 C 1196448 320 430 969002 70 114 452 225841 78 141
1209 G 1195682 235 860 46 970000 101 489 59 223735 157
1210 G 1193096 162 330 53 974216 52 133 31 217997 122
1211 G 1188461 365 483 71 984888 239 150 53 202055 157
1212 C 1191688 455 195 985517 63 132 246 204890 49 141
1213 C 1202580 257 170 986484 53 123 203 215130 28 132
1214 A 1210079 982876 95 36 145 226469 63 60 167 168
1215 A 1212944 981750 102 24 119 230593 73 24 136 123
1216 A 1216303 979369 95 35 105 236355 148 16 34 146
1217 T 1221362 86 981719 136 18 52 239030 60 87 174
1218 C 1225080 318 131 995305 63 140 111 228852 30 130
1219 A 1224483 994093 77 35 201 229777 59 17 61 163
1220 G 1221705 111 358 61 998799 52 172 34 221986 132
1221 C 1222170 342 179 1000509 72 142 83 220662 31 150
1222 A 1220000 999287 98 29 145 220165 45 21 48 162
1223 T 1222613 95 1002466 104 24 64 219650 44 17 149
1224 A 1226921 1007885 106 28 121 218411 53 9 44 264
1225 C 1231316 108 119 1005019 52 126 72 225650 27 143
1226 A 1238644 1002811 53 21 118 235396 60 11 40 134
1227 A 1240300 1005540 118 24 114 233910 99 23 91 381
1228 C 1243445 79 78 1013751 34 43 91 229161 66 142
1229 C 1247020 310 71 1020808 43 108 37 225422 84 137
1230 T 1255406 64 1019817 171 22 124 234958 61 15 174
1231 A 1260884 1020237 62 10 95 239737 63 16 104 560
1232 C 1265572 112 145 1021149 26 148 88 243743 19 142
1233 G 1277458 172 70 40 1026637 59 155 26 250115 184
1234 T 1282817 71 1027475 121 19 34 254762 47 24 264
1235 T 1287309 49 1026061 139 14 29 260773 42 12 190
1236 C 1288134 231 93 1029129 38 73 40 258376 23 131
1237 T 1294602 76 1032018 178 25 128 261910 60 11 196
1238 C 1298954 417 143 1035741 68 189 85 262138 29 144
1239 A 1301030 1037466 67 39 237 262880 96 13 63 169
1240 G 1292362 88 108 40 1041388 44 63 23 250468 140
1241 T 1294293 89 1051242 151 26 54 242230 46 15 440
1242 A 1297036 1057922 112 26 140 238276 254 12 53 241
1243 C 1299833 124 131 1059729 49 87 75 239447 23 168
1244 A 1304010 1058870 90 21 173 244535 91 20 53 157
1245 G 1301826 70 389 56 1062245 261 164 36 238462 143
1246 A 1303489 1057816 71 15 150 244919 98 19 238 163
1247 G 1301619 75 214 51 1056318 55 274 41 244407 184
1248 A 1301787 1064727 55 10 188 236406 62 18 158 163
1249 A 1301626 1071386 89 15 116 229628 156 9 57 170
1250 A 1299827 1072003 66 15 110 227205 34 177 38 179
1251 T 1301240 66 1074161 132 14 46 226314 123 177 207
1252 C 1304775 206 73 1077164 38 99 286 226756 19 134
1253 T 1310020 93 1081653 247 16 201 227490 97 10 213
1254 C 1312039 406 78 1083375 44 99 65 227588 230 154
1255 C 1314450 490 108 1076442 43 186 36 236826 165 154
1256 C 1318707 1193 81 1080228 41 357 164 236473 25 145
1257 T 1320828 54 1084278 238 17 131 235837 103 5 165
1258 T 1319913 60 1089798 115 20 105 229509 37 67 202
1259 T 1316567 67 1094003 117 14 20 222146 31 12 157
1260 T 1318290 79 1094038 177 14 100 223587 58 31 206
1261 G 1309352 171 292 58 1096999 79 177 50 211333 193
1262 A 1307542 1098391 135 13 200 208406 81 30 49 237
1263 C 1310350 140 254 1099896 47 105 90 209639 23 156
1264 A 1314708 1098681 102 21 251 215268 141 19 61 164
1265 G 1309587 136 256 62 1098718 71 86 20 210070 168
1266 A 1309810 1102055 66 28 124 207292 52 10 44 139
1267 A 1307767 1098522 123 18 159 208628 42 19 44 212
1268 C 1306082 111 125 1100294 51 83 74 205160 27 157
1269 A 1308176 1101305 96 13 134 206344 76 20 30 158
1270 A 1303619 1102600 89 16 160 200333 22 42 34 323
1271 C 1301855 98 93 1106110 47 50 34 195279 15 129
1272 C 1302453 319 131 1106346 43 152 47 195235 38 142
1273 A 1300186 1108128 84 13 104 191615 33 17 29 163
1274 T 1296197 99 1105108 118 16 40 190621 24 13 158
1275 T 1292065 26 1108047 135 11 31 183618 30 9 158
1276 A 1286380 1104892 71 15 121 181058 21 12 30 160
1277 T 1282355 126 1102274 154 15 50 179500 31 16 189
1278 G 1277655 194 270 55 1103468 53 91 18 173349 157
1279 G 1273316 138 351 54 1104955 49 72 23 167547 127
1280 C 1268283 491 308 1095809 84 144 85 171188 16 158
1281 A 1263056 1092761 55 16 223 169741 16 10 49 185
1282 G 1252773 169 382 53 1086515 69 71 26 165323 165
1283 C 1245572 449 138 1081703 45 123 32 162888 20 174
1284 A 1241778 1083656 81 13 134 157665 27 13 31 158
1285 T 1235910 55 1075325 122 11 15 160150 25 40 167
1286 T 1231283 102 1071212 134 13 52 159528 24 34 184
1287 C 1227749 264 129 1067428 60 116 37 159537 43 135
1288 A 1224093 1061678 84 16 177 161899 25 14 29 171
1289 A 1216873 1054728 72 29 116 161670 28 15 47 168
1290 T 1211105 87 1048004 111 28 49 162627 19 13 167
1291 G 1203238 165 876 61 1038988 57 169 17 162750 155
1292 G 1197009 120 532 50 1032317 39 118 13 163693 127
1293 G 1188556 181 269 37 1024255 52 153 21 163443 145
1294 A 1181628 1016809 81 28 172 164145 118 10 47 218
1295 A 1172901 1011293 100 29 134 160982 38 3 147 175
1296 T 1166039 82 1004942 130 17 52 160549 24 14 229
1297 A 1159045 999076 96 12 183 159261 131 19 46 221
1298 C 1150417 116 190 993448 50 101 51 156239 19 203
1299 A 1144193 991481 93 45 286 151890 154 11 58 175
1300 G 1136339 71 479 38 983367 49 84 20 152102 129
1301 A 1129644 974257 87 20 146 154730 89 19 53 243
1302 G 1119809 161 824 28 966954 37 163 81 151447 114
1303 G 1110459 79 1305 39 963140 82 190 7 145490 127
1304 G 1100047 113 433 45 955380 67 107 14 143738 150
1305 G 1088743 100 420 45 945244 84 84 18 142637 111
1306 A 1080962 934693 108 22 238 145505 45 12 74 265
1307 G 1071142 116 204 48 924954 56 67 15 145522 160
1308 A 1063986 915439 64 16 133 148064 15 19 37 199
1309 A 1054457 904161 86 29 114 149823 22 26 29 167
1310 C 1044998 107 123 893790 49 72 45 150587 23 202
1311 A 1037427 886313 80 26 93 150711 41 10 27 126
1312 T 1029076 58 878543 90 15 13 150168 33 4 152
1313 C 1019946 190 60 871075 46 82 27 148343 20 103
1314 T 1014832 85 865399 185 31 111 148819 46 11 145
1315 G 1004482 142 230 41 858089 61 64 14 145731 110
1316 A 993819 851261 86 25 124 142003 99 8 28 185
1317 C 985186 102 125 842522 38 150 37 142052 26 134
1318 A 978043 831752 77 37 138 145791 88 15 28 117
1319 T 966589 58 820769 152 25 20 145405 21 8 131
1320 G 953707 115 480 59 811713 93 73 72 141000 102
1321 A 943660 805016 60 12 171 138149 17 56 39 140
1322 G 932440 92 322 30 793415 23 97 49 138319 93
1323 G 923401 63 201 30 785180 176 53 8 137586 104
1324 A 913278 773868 75 12 92 137482 47 13 66 1623
1325 C 902990 60 114 766667 35 47 79 135861 15 112
1326 C 895809 243 179 757041 21 118 98 137891 121 97
1327 G 888151 177 202 27 748066 140 187 10 139249 93
1328 A 879778 740191 54 7 120 139209 47 8 35 107
1329 A 871688 734168 32 5 107 137126 37 8 115 90
1330 A 864120 726050 30 7 75 137721 18 27 111 81
1331 T 855570 47 716875 69 4 18 138364 21 17 155
1332 C 846539 152 53 708007 29 107 90 137970 33 98
1333 A 836826 698829 79 14 80 137606 32 6 92 88
1334 T 826043 45 687532 79 10 37 138215 15 15 95
1335 A 818741 677298 23 17 129 141132 13 7 44 78
1336 A 809973 663271 43 13 118 146340 51 9 36 92
1337 G 798596 48 261 28 650767 24 62 17 147312 77
1338 G 788621 46 155 31 642484 47 44 16 145717 81
1339 A 777997 633202 59 12 87 144439 23 7 34 134
1340 T 768844 54 620910 90 13 27 147572 34 29 115
1341 G 756794 67 185 30 610377 55 46 16 145943 75
1342 A 745136 599120 77 12 118 145617 65 8 34 85
1343 T 735688 67 593218 74 10 18 142178 25 7 91
1344 G 726444 91 168 33 584771 32 113 42 141129 65
1345 G 714665 69 135 25 570722 68 138 12 143431 65
1346 A 704929 560129 31 11 115 144401 23 95 52 72
1347 A 695796 550254 31 8 79 145207 16 37 85 79
1348 A 687827 539650 15 6 71 147871 11 46 78 79
1349 G 678182 54 53 19 528962 20 74 39 148890 71
1350 T 668161 43 518856 79 13 116 148215 62 115 662
1351 G 652896 130 196 32 505019 65 71 62 147251 70
1352 C 635737 129 173 492282 36 125 82 142835 23 52
1353 A 626957 482777 23 12 114 143868 9 23 54 77
1354 A 615207 469291 17 12 77 145690 9 3 35 73
1355 G 600771 47 103 17 460691 45 36 8 139774 50
1356 A 591116 455288 49 6 59 135517 21 14 25 137
1357 C 578559 36 28 443037 27 37 19 135308 27 40
1358 C 570550 139 59 426627 19 187 59 143383 23 54
1359 A 562345 410224 42 6 85 151861 45 5 40 37
1360 G 549949 23 86 14 402902 25 41 5 146805 48
1361 A 537893 395373 24 4 40 142361 12 2 19 58
1362 A 524495 378267 28 3 51 146057 8 5 29 47
1363 G 510999 30 79 17 365394 32 38 9 145362 38
1364 A 500302 351338 28 6 33 148800 21 9 29 38
1365 T 491354 25 332366 42 6 10 158819 32 20 34
1366 G 480332 39 44 19 317206 32 38 12 162909 33
1367 T 470666 45 302805 39 12 66 167517 51 57 74
1368 G 463728 42 41 18 293543 86 35 14 169919 30
1369 T 454514 29 286684 48 8 54 167585 43 25 38
1370 C 449629 72 24 280123 21 133 33 169170 23 30
1371 T 449372 22 276279 54 4 218 172695 51 9 40
1372 T 586597 40 354968 62 13 99 231288 77 16 34
1373 T 576677 55 355872 94 8 67 220218 94 187 82
1374 C 573286 158 50 355220 35 183 111 217446 42 41
1375 C 582099 234 75 353271 29 607 84 227708 56 35
1376 A 574385 352203 46 35 300 221032 222 306 205 36
1377 G 563087 73 399 22 351411 158 596 52 210356 20
1378 G 560372 9 42 9 349404 51 333 75 210433 16
1379 G 551807 85 198 24 344430 140 238 51 206591 50
1380 G 539964 72 357 33 339472 65 262 143 199525 35
1381 C 540645 256 128 334577 46 207 871 204305 173 82
1382 G 542654 119 513 52 332401 196 634 181 208525 33
1383 G 535319 86 788 43 330467 54 612 44 203204 21
1384 G 534969 103 288 44 330400 94 591 47 203356 46
1385 G 530404 67 107 54 331921 156 159 37 197836 67
1386 A 534299 327262 37 19 64 190936 91 79 8013 7798
1387 G 535023 45 37 15 336059 82 106 35 198589 55
1388 T 541260 9 303618 41 8 412 186722 137 18285 32028
1389 C 552235 60 13 344654 5 95 94 207195 61 58
1390 T 559992 43 357271 65 19 195 202221 86 16 76
1391 T 562467 52 353389 70 16 60 208729 98 22 31
1392 C 569117 101 94 354152 29 208 563 213735 32 203
1393 G 578258 75 174 24 359613 215 528 276 216760 593
1394 A 582190 363384 12 6 58 218304 58 55 145 168
1395 G 588633 31 136 16 365730 52 174 43 222382 69
1396 C 598822 168 31 376821 23 136 83 221403 70 87
1397 T 613617 22 390397 62 23 40 222571 174 30 298
1398 C 622143 125 54 390188 24 164 101 231433 18 36
1399 T 632866 19 392087 65 3 73 240431 91 16 81
1400 C 641505 170 113 390901 15 218 427 249553 58 50
1401 G 648261 72 169 17 397382 186 403 234 249670 128
1402 G 652473 35 127 23 403464 51 105 78 248569 21
1403 A 658410 409648 23 9 86 246686 38 13 669 1238
1404 C 667729 48 99 424349 14 243 266 242626 36 48
1405 G 675808 79 131 22 433706 175 166 105 241395 29
1406 A 683280 441408 29 7 48 241361 58 32 258 79
1407 A 690525 450775 14 6 59 239441 25 10 164 31
1408 A 697173 462949 23 2 52 233960 75 14 43 55
1409 A 700248 470587 31 12 184 229018 152 42 133 89
1410 G 699654 54 106 18 478620 2026 176 23 214591 4040
1411 G 697867 61 186 19 494408 52 103 34 202970 34
1412 C 701381 203 108 510726 40 133 129 189807 84 151
1413 A 707088 520000 30 15 147 186618 50 32 73 123
1414 G 704738 51 265 31 532641 51 105 25 171496 73
1415 C 706235 215 191 543507 21 114 187 161894 35 71
1416 G 715645 116 321 27 554248 72 177 27 160620 37
1417 A 716976 562565 15 10 59 153869 32 14 79 333
1418 G 716353 59 323 25 571019 65 100 30 144686 46
1419 C 717924 192 174 583133 28 93 52 134110 74 68
1420 C 720914 151 65 595401 21 103 45 125064 8 56
1421 C 723694 474 118 604207 33 221 128 118445 13 55
1422 G 720796 102 109 29 610284 129 70 119 108353 1601
1423 A 718632 619273 54 4 84 98925 63 18 42 169
1424 T 716884 56 623934 65 9 110 92262 15 15 418
1425 C 714858 118 118 624663 16 88 17 89755 17 66
1426 G 711424 183 97 29 626186 57 20 24 84724 104
1427 T 709320 53 631562 112 17 65 76231 16 52 1212
1428 G 706577 124 267 39 641225 16 93 9 64750 54
1429 C 704228 179 98 642071 35 24 15 61700 11 95
1430 C 702694 180 68 646035 28 36 9 56151 10 177
1431 T 701992 46 658015 108 17 51 43470 29 1 255
1432 T 699889 60 661422 96 18 9 38162 11 9 102
1433 C 697302 179 73 662681 36 20 36 34213 4 60
1434 C 695937 301 76 664658 35 36 34 30607 8 182
1435 T 694764 39 669920 150 26 36 24466 35 1 91
1436 T 692606 36 672474 75 9 12 19912 2 21 65
1437 T 690100 44 670835 92 17 5 18970 2 2 133
1438 G 687865 94 171 42 665696 9 661 14 17236 3942
1439 A 685937 668464 92 16 105 17097 9 12 6 136
1440 C 684420 93 102 667397 32 25 3 16577 14 177
1441 A 683648 666563 60 3 112 16841 8 0 3 58
1442 T 682324 31 665441 93 8 1 16456 2 6 286
1443 G 681244 96 398 47 664860 14 26 4 15755 44
1444 A 679669 664210 69 9 148 15030 0 2 11 190
1445 G 678016 69 82 17 663431 2 9 3 14356 47
1446 T 676595 70 657391 70 7 23 13539 1 166 5328
1447 A 675049 662044 21 4 76 12838 2 1 3 60
1448 A 673081 661448 29 4 57 11468 1 5 4 65
1449 T 671606 39 660411 60 6 9 10911 0 1 169
1450 G 671007 67 196 41 659746 7 5 4 10896 45
1451 A 669854 659102 68 13 75 10507 3 1 5 80
1452 A 668737 658136 48 8 79 10341 1 0 1 123
1453 G 667799 53 224 20 657539 47 6 1 9824 85
1454 G 666858 56 137 27 657005 12 6 1 9577 37
1455 A 665916 656169 55 8 89 9145 2 32 3 413
1456 T 665148 62 656043 77 2 38 8846 2 1 77
1457 C 664238 77 46 655490 29 14 0 8475 6 101
1458 T 663792 55 655102 69 6 21 8434 5 33 67
1459 T 662984 14 654828 114 11 39 7919 9 0 50
1460 A 662063 654316 49 6 61 7435 33 2 2 159
1461 T 661379 54 654171 60 7 3 6981 32 1 70
1462 T 660755 40 653900 73 4 4 6650 2 26 56
1463 T 660246 39 653480 72 8 10 6559 3 18 57
1464 C 659445 165 54 652332 32 3 68 5958 17 816
1465 T 658882 33 652684 96 17 2 5765 19 1 265
1466 T 658126 51 652537 63 7 2 5293 2 1 170
1467 C 657251 225 117 652107 28 8 5 4614 0 147
1468 G 656738 157 255 38 651749 12 3 1 4383 140
1469 G 656186 55 267 31 651731 2 8 0 4068 24
1470 A 655621 651355 57 15 142 3780 7 1 6 258
1471 G 655178 57 162 30 651289 6 1 1 3563 69
1472 A 654327 650783 67 10 94 3256 2 6 2 107
1473 C 653433 83 97 650040 36 5 6 3089 5 72
1474 A 652571 649439 24 6 78 2960 1 7 0 56
1475 A 651055 648134 43 3 76 2733 3 2 1 60
1476 T 649274 43 646332 91 11 5 2562 3 1 226
1477 G 647745 111 201 44 644932 4 2 0 2392 59
1478 C 646626 252 122 643918 48 4 2 2202 1 77
1479 A 645556 642983 70 13 131 2061 1 0 1 296
1480 G 643769 61 276 36 641470 0 2 0 1895 29
1481 A 641424 639425 37 16 102 1777 0 1 1 65
1482 G 639328 71 301 29 637117 2 2 1 1732 73
1483 G 637012 42 235 26 634981 3 1 0 1676 48
1484 A 633194 631327 41 7 106 1567 1 0 1 144
1485 G 630696 59 57 28 629025 5 2 0 1484 36
1486 T 629034 49 611906 64 15 10 1381 1 55 15553
1487 A 627910 626254 54 5 118 1403 2 0 2 72
1488 C 624676 95 127 622989 57 4 0 1315 0 89
1489 G 620741 150 134 35 619063 3 4 0 1297 55
1490 A 618848 617197 79 9 120 1339 0 1 1 102
1491 C 615594 88 65 613862 64 14 0 1356 24 121
1492 A 611430 609562 49 4 91 1520 0 0 13 191
1493 A 608173 606368 34 7 63 1608 1 1 23 68
1494 T 605375 54 603291 58 8 15 1735 24 0 190