SITE	RMSD_BETWEEN	RMSD_WITHIN	RMSD_CORRECTED
2	0.295817	0.275345	0.020472
3	0.653330	0.619129	0.034201
4	0.621750	0.578223	0.043527
5	0.566932	0.543373	0.023559
6	0.336336	0.303754	0.032582
7	0.174566	0.147538	0.027028
8	0.232963	0.193333	0.039630
9	0.655138	0.617703	0.037435
10	0.617490	0.598272	0.019218
11	0.445659	0.439432	0.006227
12	0.639336	0.576119	0.063217
13	0.529499	0.506086	0.023413
14	0.539527	0.510649	0.028878
15	0.679952	0.598974	0.080978
16	0.486986	0.499149	-0.012163
17	0.656600	0.665713	-0.009113
18	0.526282	0.544499	-0.018217
19	0.406840	0.358959	0.047882
20	0.484413	0.457659	0.026755
21	0.702887	0.699358	0.003529
22	0.644293	0.598720	0.045573
23	0.597945	0.567301	0.030644
24	0.699649	0.629439	0.070210
25	0.658843	0.597312	0.061531
26	0.552219	0.591242	-0.039023
27	0.658177	0.660111	-0.001933
28	0.608944	0.600034	0.008910
29	0.463411	0.460688	0.002722
30	0.582296	0.460567	0.121729
31	0.589002	0.591873	-0.002870
32	0.539946	0.454784	0.085162
33	0.547288	0.564128	-0.016840
34	0.609690	0.562360	0.047330
35	0.456056	0.409798	0.046258
36	0.563267	0.482472	0.080796
37	0.486413	0.462246	0.024167
38	0.483199	0.498011	-0.014812
39	0.610316	0.599722	0.010593
40	0.515472	0.524370	-0.008897
41	0.635572	0.652133	-0.016560
42	0.388181	0.381458	0.006723
43	0.488061	0.426834	0.061227
44	0.561415	0.576459	-0.015044
45	0.508509	0.441241	0.067268
46	0.526017	0.458644	0.067373
47	0.609605	0.600237	0.009368
48	0.554450	0.563863	-0.009413
49	0.579198	0.482570	0.096628
50	0.637691	0.656172	-0.018481
51	0.621336	0.591291	0.030045
52	0.666509	0.648468	0.018041
53	0.543755	0.465525	0.078230
54	0.496653	0.478423	0.018230
55	0.618781	0.659872	-0.041092
56	0.593744	0.504348	0.089395
57	0.550167	0.519710	0.030457
58	0.489565	0.464214	0.025351
59	0.480118	0.354288	0.125830
60	0.453746	0.426987	0.026759
61	0.645902	0.594132	0.051770
62	0.568350	0.509365	0.058986
63	0.587167	0.552128	0.035039
64	0.439167	0.363820	0.075346
65	0.413075	0.407821	0.005254
66	0.465223	0.440992	0.024231
67	0.419833	0.405711	0.014122
68	0.566729	0.574190	-0.007460
69	0.418496	0.402819	0.015677
70	0.469175	0.475925	-0.006749
71	0.522201	0.481601	0.040600
72	0.418697	0.360438	0.058259
73	0.683292	0.599084	0.084208
74	0.534689	0.550986	-0.016297
75	0.415315	0.368714	0.046600
76	0.645963	0.601454	0.044509
77	0.657097	0.634254	0.022842
78	0.502477	0.397025	0.105452
79	0.393772	0.397305	-0.003533
80	0.599830	0.461527	0.138303
81	0.607142	0.510794	0.096348
82	0.557404	0.470638	0.086765
83	0.588539	0.516400	0.072139
84	0.578914	0.559180	0.019735
85	0.635209	0.642010	-0.006801
86	0.634328	0.565962	0.068366
87	0.285836	0.271461	0.014375
88	0.606609	0.534986	0.071623
89	0.584407	0.492046	0.092361
90	0.640600	0.612983	0.027617
91	0.346593	0.329463	0.017130
92	0.327053	0.260661	0.066393
93	0.378344	0.306293	0.072051
94	0.354187	0.287251	0.066937
95	0.661808	0.667962	-0.006154
96	0.444693	0.434986	0.009707
97	0.638260	0.603364	0.034896
98	0.594802	0.538266	0.056536
99	0.433706	0.398267	0.035439
100	0.602184	0.609459	-0.007275
101	0.640641	0.559072	0.081569
102	0.650778	0.572246	0.078531
103	0.523695	0.503799	0.019896
104	0.463680	0.463436	0.000244
105	0.630481	0.617903	0.012578
106	0.445715	0.442647	0.003067
107	0.465805	0.451582	0.014224
108	0.501898	0.504155	-0.002257
109	0.662380	0.612448	0.049932
110	0.433146	0.418883	0.014263
111	0.626974	0.510053	0.116921
112	0.451682	0.408200	0.043482
113	0.343067	0.334833	0.008234
114	0.554489	0.555616	-0.001127
115	0.415587	0.388920	0.026666
116	0.546001	0.423317	0.122684
117	0.630898	0.637856	-0.006958
118	0.614897	0.601800	0.013096
119	0.475079	0.429248	0.045831
120	0.422334	0.345028	0.077306
121	0.591979	0.610969	-0.018990
122	0.635516	0.638082	-0.002566
123	0.429691	0.427236	0.002454
124	0.487122	0.471221	0.015902
125	0.576371	0.599308	-0.022937
126	0.519019	0.523260	-0.004241
127	0.589310	0.614969	-0.025659
128	0.658322	0.654413	0.003909
129	0.565790	0.548797	0.016993
130	0.600592	0.558278	0.042314
131	0.656328	0.627694	0.028635
132	0.446440	0.398854	0.047586
133	0.620946	0.539031	0.081915
134	0.647070	0.542788	0.104282
135	0.538162	0.487151	0.051011
136	0.565442	0.598803	-0.033361
137	0.425948	0.426815	-0.000867
138	0.417364	0.412819	0.004545
139	0.416755	0.386839	0.029916
140	0.558992	0.520482	0.038510
141	0.499162	0.479198	0.019964
142	0.477409	0.426306	0.051103
143	0.483554	0.459978	0.023576
144	0.548807	0.527509	0.021298
145	0.364559	0.314472	0.050087
146	0.567311	0.534812	0.032498
147	0.446133	0.450065	-0.003933
148	0.292893	0.194997	0.097897
149	0.330499	0.336320	-0.005822
150	0.350270	0.308181	0.042089
151	0.378034	0.380580	-0.002546
152	0.339681	0.309515	0.030166
153	0.469652	0.365409	0.104243
154	0.463979	0.367479	0.096500
155	0.432068	0.421407	0.010660
156	0.337996	0.295422	0.042573
157	0.600167	0.598741	0.001425
158	0.500300	0.475362	0.024939
159	0.391022	0.382106	0.008917
160	0.395658	0.361653	0.034005
161	0.508003	0.449879	0.058123
162	0.367688	0.332616	0.035072
163	0.560834	0.578542	-0.017708
164	0.632396	0.561418	0.070977
165	0.467554	0.364403	0.103151
166	0.559303	0.516136	0.043166
167	0.396019	0.357101	0.038918
168	0.533172	0.496144	0.037029
169	0.456243	0.446904	0.009338
170	0.348711	0.364916	-0.016205
171	0.537072	0.489045	0.048027
172	0.458508	0.441935	0.016574
173	0.461599	0.485228	-0.023629
174	0.330983	0.315974	0.015009
175	0.438871	0.434275	0.004596
176	0.538262	0.445415	0.092847
177	0.338911	0.341544	-0.002633
178	0.489573	0.480365	0.009208
179	0.352273	0.357850	-0.005577
180	0.288336	0.282612	0.005723
181	0.561358	0.559898	0.001460
182	0.566414	0.548254	0.018161
183	0.459807	0.422493	0.037313
184	0.407778	0.391109	0.016670
185	0.344743	0.334498	0.010245
186	0.587005	0.539279	0.047726
187	0.394380	0.371951	0.022428
188	0.396134	0.395075	0.001059
189	0.527772	0.495737	0.032035
190	0.536453	0.483411	0.053042
191	0.443521	0.436621	0.006900
192	0.367035	0.351783	0.015252
193	0.614556	0.575355	0.039201
194	0.620831	0.522107	0.098724
195	0.365234	0.333421	0.031813
196	0.433078	0.400906	0.032172
197	0.545758	0.500108	0.045649
198	0.458877	0.444561	0.014316
199	0.450525	0.439517	0.011008
200	0.369603	0.355434	0.014170
201	0.655847	0.576708	0.079139
202	0.579287	0.536590	0.042697
203	0.364005	0.361758	0.002247
204	0.363188	0.291014	0.072174
205	0.512963	0.465231	0.047732
206	0.405754	0.413821	-0.008067
207	0.388534	0.376192	0.012342
208	0.365586	0.353021	0.012565
209	0.407100	0.406786	0.000314
210	0.426842	0.430137	-0.003295
211	0.679387	0.660233	0.019153
212	0.379095	0.339460	0.039634
213	0.364577	0.369964	-0.005387
214	0.554090	0.508007	0.046083
215	0.606334	0.523215	0.083120
216	0.409640	0.394558	0.015081
217	0.654832	0.534884	0.119949
218	0.494244	0.453675	0.040569
219	0.439984	0.438318	0.001666
220	0.469126	0.376911	0.092215
221	0.409677	0.406424	0.003253
222	0.687872	0.632239	0.055633
223	0.434812	0.347491	0.087321
224	0.577557	0.568840	0.008717
225	0.543624	0.538694	0.004931
226	0.380980	0.359074	0.021906
227	0.389057	0.362144	0.026913
228	0.587596	0.486796	0.100800
229	0.365856	0.361332	0.004524
230	0.560406	0.492698	0.067708
231	0.628581	0.669336	-0.040754
232	0.597688	0.624228	-0.026539
233	0.569627	0.564135	0.005492
234	0.592594	0.605081	-0.012487
235	0.551643	0.509158	0.042485
236	0.507556	0.462266	0.045290
237	0.484144	0.481420	0.002724
238	0.498251	0.485072	0.013179
239	0.554047	0.531131	0.022917
240	0.456167	0.407836	0.048331
241	0.327036	0.308941	0.018095
242	0.547513	0.515298	0.032215
243	0.499152	0.413732	0.085420
244	0.381099	0.353576	0.027523
245	0.566825	0.529231	0.037593
246	0.511956	0.495322	0.016634
247	0.729449	0.674091	0.055358
248	0.578274	0.460939	0.117336
249	0.349323	0.335678	0.013645
250	0.604655	0.569226	0.035429
251	0.437535	0.436826	0.000709
252	0.407298	0.368657	0.038640
253	0.650752	0.458818	0.191934
254	0.362521	0.245490	0.117031
255	0.328146	0.295979	0.032167
256	0.535196	0.514809	0.020387
257	0.671279	0.465274	0.206005
258	0.362357	0.341014	0.021343
259	0.576004	0.576549	-0.000545
260	0.575364	0.548674	0.026690
261	0.270837	0.240750	0.030087
262	0.437964	0.409474	0.028490
263	0.572117	0.525308	0.046809
264	0.533222	0.498183	0.035039
265	0.546237	0.478354	0.067883
266	0.481160	0.503178	-0.022019
267	0.548695	0.422146	0.126549
268	0.576501	0.526914	0.049588
269	0.472558	0.478467	-0.005909
270	0.550201	0.502694	0.047508
271	0.702604	0.663042	0.039562
272	0.275397	0.221779	0.053618
273	0.268829	0.230963	0.037866
274	0.458979	0.443828	0.015151
275	0.537662	0.474400	0.063263
276	0.537245	0.546717	-0.009472
277	0.375629	0.339964	0.035665
278	0.530256	0.562722	-0.032466
279	0.519866	0.508960	0.010906
280	0.574368	0.520405	0.053963
281	0.393782	0.375427	0.018355
282	0.494906	0.478140	0.016766
283	0.618769	0.612353	0.006415
284	0.771998	0.748987	0.023011
285	0.560228	0.561412	-0.001184
286	0.518850	0.495159	0.023691
287	0.517156	0.490398	0.026758
288	0.541291	0.529117	0.012173
289	0.687525	0.662127	0.025398
290	0.473058	0.478419	-0.005361
291	0.568832	0.564515	0.004317
292	0.635244	0.660597	-0.025352
293	0.674517	0.651884	0.022633
294	0.646272	0.620602	0.025670
295	0.295230	0.250715	0.044515
296	0.542163	0.499837	0.042326
297	0.446388	0.419527	0.026861
298	0.317054	0.299623	0.017431
299	0.430744	0.399607	0.031137
300	0.470685	0.475662	-0.004977
301	0.564622	0.573099	-0.008478
302	0.610169	0.638301	-0.028132
303	0.528009	0.527475	0.000534
304	0.624082	0.528468	0.095614
305	0.569521	0.572022	-0.002501
306	0.562769	0.570013	-0.007245
307	0.567784	0.566325	0.001459
308	0.740501	0.709353	0.031149
309	0.583128	0.580846	0.002282
310	0.653754	0.615909	0.037844
311	0.651959	0.606760	0.045199
312	0.616165	0.603309	0.012856
313	0.491102	0.467945	0.023157
314	0.519480	0.499842	0.019637
315	0.676881	0.632000	0.044881
316	0.501178	0.509512	-0.008334
317	0.335837	0.293264	0.042574
318	0.620795	0.639246	-0.018451
319	0.695547	0.664448	0.031099
320	0.361826	0.346806	0.015020
321	0.649580	0.633896	0.015684
322	0.435109	0.423627	0.011482
323	0.563537	0.543128	0.020410
324	0.364460	0.348861	0.015599
325	0.242979	0.231946	0.011033
326	0.414860	0.332068	0.082792
327	0.451435	0.459902	-0.008467
328	0.552709	0.558168	-0.005458
329	0.624505	0.596106	0.028399
330	0.557747	0.486279	0.071469
331	0.417452	0.421893	-0.004441
332	0.514225	0.441746	0.072478
333	0.591486	0.621224	-0.029738
334	0.584189	0.569944	0.014245
335	0.651391	0.591625	0.059766
336	0.607998	0.510801	0.097197
337	0.557315	0.527054	0.030261
338	0.690283	0.667245	0.023038
339	0.353444	0.263428	0.090017
340	0.429192	0.401096	0.028096
341	0.504592	0.419677	0.084915
342	0.602897	0.580154	0.022743
343	0.562180	0.537518	0.024662
344	0.395822	0.410430	-0.014608
345	0.482482	0.483741	-0.001260
346	0.643273	0.634100	0.009173
347	0.482721	0.481176	0.001545
348	0.523034	0.393536	0.129498
349	0.470171	0.454393	0.015779
350	0.629013	0.600072	0.028941
351	0.526964	0.516135	0.010829
352	0.546210	0.465475	0.080734
353	0.815732	0.751052	0.064681
354	0.550855	0.543310	0.007545
355	0.444915	0.241159	0.203756
356	0.392610	0.328246	0.064364
357	0.645028	0.534661	0.110367
358	0.421896	0.426843	-0.004947
359	0.676636	0.651281	0.025354
360	0.426699	0.411440	0.015259
361	0.401456	0.376239	0.025217
362	0.297820	0.286202	0.011618
363	0.579108	0.548296	0.030812
364	0.607897	0.582774	0.025124
365	0.468379	0.426747	0.041632
366	0.425857	0.388354	0.037503
367	0.518007	0.519717	-0.001709
368	0.614849	0.627881	-0.013031
369	0.415657	0.360462	0.055196
370	0.615773	0.589453	0.026320
371	0.671366	0.677237	-0.005871
372	0.569490	0.442811	0.126678
373	0.655347	0.661876	-0.006529
374	0.525395	0.520220	0.005175
375	0.517275	0.477897	0.039378
376	0.553905	0.559106	-0.005201
377	0.566409	0.562686	0.003723
378	0.536378	0.517240	0.019138
379	0.598322	0.542965	0.055356
380	0.499134	0.504185	-0.005051
381	0.555332	0.534117	0.021214
382	0.406136	0.392754	0.013382
383	0.492330	0.452467	0.039863
384	0.610115	0.555538	0.054577
385	0.567487	0.568803	-0.001315
386	0.445780	0.437604	0.008175
387	0.494232	0.502011	-0.007779
388	0.428710	0.347619	0.081091
389	0.407150	0.398931	0.008220
390	0.382091	0.349354	0.032737
391	0.367447	0.333416	0.034031
392	0.398007	0.381496	0.016511
393	0.490120	0.514841	-0.024722
394	0.328446	0.335467	-0.007021
395	0.520011	0.517197	0.002814
396	0.620458	0.588611	0.031848
397	0.652177	0.607704	0.044473
398	0.709068	0.685210	0.023859
399	0.639223	0.631023	0.008200
400	0.432159	0.433201	-0.001042
401	0.754480	0.598997	0.155483
402	0.647623	0.580415	0.067208
403	0.532603	0.532920	-0.000318
404	0.525523	0.496554	0.028969
405	0.493761	0.429725	0.064037
406	0.564174	0.533681	0.030493
407	0.585871	0.464182	0.121690
408	0.688542	0.440323	0.248219
409	0.609784	0.475829	0.133955
410	0.542737	0.333145	0.209592
411	0.638160	0.396633	0.241527
412	0.467763	0.369505	0.098258
413	0.401427	0.376202	0.025225
414	0.566272	0.522856	0.043416
415	0.715631	0.566218	0.149412
416	0.364324	0.301347	0.062977
417	0.667997	0.618902	0.049095
418	0.558572	0.554224	0.004348
419	0.583902	0.551401	0.032501
420	0.604594	0.560727	0.043868
421	0.678716	0.606165	0.072552
422	0.593033	0.520635	0.072398
423	0.716256	0.662526	0.053729
424	0.613653	0.579956	0.033697
425	0.576113	0.518196	0.057917
426	0.620324	0.536600	0.083724
427	0.656672	0.582382	0.074290
428	0.612773	0.535109	0.077664
429	0.529854	0.379954	0.149900
430	0.765724	0.711771	0.053953
431	0.667787	0.539553	0.128235
432	0.629055	0.616009	0.013046
433	0.622030	0.604292	0.017738
434	0.573668	0.544107	0.029561
435	0.386248	0.369702	0.016547
436	0.300086	0.274667	0.025418
437	0.567331	0.509419	0.057912
438	0.601749	0.456873	0.144876
439	0.619112	0.393963	0.225149
440	0.621129	0.581833	0.039296
441	0.392247	0.384252	0.007995
442	0.552335	0.588410	-0.036075
443	0.374643	0.344772	0.029871
444	0.502401	0.487901	0.014500
445	0.482975	0.408116	0.074859
446	0.603691	0.539863	0.063829
447	0.624605	0.614139	0.010465
448	0.513868	0.509384	0.004483
449	0.503094	0.405510	0.097584
450	0.696960	0.615951	0.081009
451	0.729462	0.642430	0.087031
452	0.585830	0.575595	0.010234
453	0.635347	0.642323	-0.006977
454	0.614560	0.519805	0.094755
455	0.603062	0.519909	0.083153
456	0.669558	0.586935	0.082623
457	0.585080	0.528261	0.056819
458	0.445903	0.400366	0.045536
459	0.676743	0.607271	0.069472
460	0.588586	0.557417	0.031169
461	0.448215	0.418719	0.029496
462	0.519594	0.363022	0.156572
463	0.535897	0.454071	0.081826
464	0.454928	0.362764	0.092164
465	0.391194	0.365417	0.025776
466	0.654439	0.535784	0.118656
467	0.636508	0.642722	-0.006214
468	0.408277	0.349697	0.058580
469	0.427349	0.396091	0.031258
470	0.706398	0.260149	0.446249
471	0.355411	0.292064	0.063347
472	0.600726	0.612538	-0.011811
473	0.770883	0.787163	-0.016280
474	0.531715	0.493490	0.038225
475	0.488270	0.451487	0.036783
476	0.513418	0.480046	0.033372
477	0.311209	0.287580	0.023629
478	0.594379	0.585182	0.009197
479	0.585318	0.551337	0.033981
480	0.621913	0.559427	0.062486
481	0.560193	0.534157	0.026037
482	0.454701	0.399863	0.054837
483	0.421612	0.394597	0.027015
484	0.639452	0.586307	0.053145
485	0.702491	0.653048	0.049443
486	0.367136	0.335476	0.031660
487	0.232138	0.207294	0.024844
488	0.250203	0.236290	0.013912
489	0.445484	0.368612	0.076872
490	0.342785	0.344916	-0.002131
491	0.384723	0.398642	-0.013919
492	0.454793	0.458540	-0.003747
493	0.591658	0.535673	0.055984
494	0.518724	0.544729	-0.026005
495	0.556655	0.531787	0.024867
496	0.480916	0.469813	0.011103
497	0.647287	0.654688	-0.007400
498	0.647722	0.572842	0.074880
