Sites significant using both null distributions:
80, 253, 257, 355, 401, 408, 410, 411, 415, 429, 438, 439, 462, 470, 
Sites significant using either null distribution:
15, 30, 32, 36, 49, 53, 56, 59, 73, 78, 80, 81, 82, 89, 101, 102, 111, 116, 120, 133, 134, 148, 153, 154, 165, 176, 194, 201, 215, 217, 220, 223, 228, 243, 248, 253, 254, 257, 267, 304, 326, 336, 339, 341, 348, 352, 355, 357, 372, 388, 401, 407, 408, 409, 410, 411, 412, 415, 426, 428, 429, 431, 438, 439, 449, 450, 451, 454, 455, 456, 462, 463, 464, 466, 470, 489, 
Sites significant only under simulation null (and not under randomization):
409, 348, 431, 372, 267, 59, 116, 30, 407, 217, 466, 248, 254, 111, 357, 78, 134, 153, 165, 228, 194, 412, 148, 449, 336, 49, 154, 81, 304, 454, 176, 89, 220, 464, 339, 56, 223, 451, 82, 243, 32, 341, 73, 426, 455, 215, 326, 456, 133, 463, 101, 388, 450, 15, 36, 352, 201, 102, 53, 428, 120, 489, 
Sites significant only under randomization null (and not under simulation):



All sites significant under simulation null:
439, 408, 253, 410, 411, 257, 355, 470, 462, 401, 429, 415, 438, 80, 409, 348, 431, 372, 267, 59, 116, 30, 407, 217, 466, 248, 254, 111, 357, 78, 134, 153, 165, 228, 194, 412, 148, 449, 336, 49, 154, 81, 304, 454, 176, 89, 220, 464, 339, 56, 223, 451, 82, 243, 32, 341, 73, 426, 455, 215, 326, 456, 133, 463, 101, 388, 450, 15, 36, 352, 201, 102, 53, 428, 120, 489, 


All sites significant under randomization null:
470, 408, 411, 439, 410, 257, 355, 253, 462, 401, 429, 415, 438, 80, 


Variable sites with significant RMSD_corrected:
101, 102, 194, 217, 253, 257, 348, 372, 408, 411, 450, 455, 456, 470, 


Variable sites with non-significant RMSD_corrected:
34, 98, 109, 146, 236, 293, 305, 334, 353, 373, 422, 423, 430, 442, 452, 473, 


Significant RMSD sites that are conserved between strains:
15, 30, 32, 36, 49, 53, 56, 59, 73, 78, 80, 81, 82, 89, 111, 116, 120, 133, 134, 148, 153, 154, 165, 176, 201, 215, 220, 223, 228, 243, 248, 254, 267, 304, 326, 336, 339, 341, 352, 355, 357, 388, 401, 407, 409, 410, 412, 415, 426, 428, 429, 431, 438, 439, 449, 451, 454, 462, 463, 464, 466, 489, 
