SITE	RMSD_probability
2	0.000000000
3	0.870494970
4	0.000014085
5	0.000000000
6	0.000000000
7	0.000000000
8	0.000000000
9	0.000211268
10	0.108422535
11	0.000000000
12	0.000076459
13	0.000000000
14	0.000010060
15	0.004997988
16	0.000639839
17	0.000000000
18	0.000064386
19	0.000000000
20	0.000000000
21	0.000008048
22	0.000000000
23	0.000000000
24	0.000000000
25	0.000000000
26	0.000000000
27	0.000000000
28	0.000142857
29	0.000000000
30	0.000000000
31	0.000000000
32	0.000000000
33	0.000639839
34	0.000010060
35	0.000000000
36	0.074830986
37	0.000000000
38	0.000000000
39	0.000000000
40	0.000000000
41	0.000000000
42	0.000000000
43	0.000008048
44	0.000000000
45	0.000000000
46	0.000000000
47	0.000032193
48	0.000000000
49	0.000058350
50	0.000000000
51	0.000000000
52	0.000014085
53	0.119853119
54	0.000000000
55	0.000000000
56	0.000034205
57	0.000000000
58	0.000000000
59	0.000000000
60	0.000000000
61	0.001519115
62	0.000000000
63	0.000000000
64	0.000000000
65	0.000000000
66	0.000000000
67	0.000000000
68	0.010442656
69	0.000000000
70	0.000000000
71	0.000000000
72	0.000000000
73	0.000000000
74	0.000000000
75	0.000000000
76	0.000000000
77	0.000000000
78	0.000000000
79	0.446661972
80	0.000000000
81	0.000000000
82	0.000000000
83	0.000000000
84	0.000000000
85	0.000000000
86	0.000376258
87	0.000000000
88	0.000000000
89	0.000008048
90	0.004841046
91	0.000000000
92	0.000008048
93	0.000000000
94	0.000000000
95	0.000000000
96	0.065947686
97	0.000000000
98	0.000000000
99	0.000026157
100	0.433486922
101	0.000541247
102	0.000000000
103	0.001607646
104	0.000000000
105	0.000000000
106	0.000000000
107	0.000000000
108	0.000000000
109	0.000000000
110	0.000000000
111	0.000106640
112	0.000000000
113	0.000000000
114	0.000006036
115	0.000000000
116	0.000000000
117	0.000000000
118	0.000000000
119	0.000000000
120	0.000000000
121	0.000000000
122	0.000000000
123	0.003732394
124	0.000012072
125	0.000000000
126	0.004957746
127	0.274162978
128	0.006452716
129	0.000000000
130	0.000000000
131	0.000000000
132	0.000000000
133	0.634957746
134	0.000000000
135	0.000000000
136	0.000000000
137	0.000000000
138	0.000000000
139	0.000000000
140	0.000000000
141	0.000000000
142	0.123317907
143	0.000000000
144	0.000000000
145	0.000010060
146	0.000000000
147	0.000000000
148	0.000000000
149	0.000000000
150	0.000000000
151	0.000000000
152	0.000000000
153	0.000000000
154	0.000000000
155	0.000008048
156	0.000000000
157	0.041633803
158	0.000000000
159	0.000000000
160	0.000000000
161	0.000000000
162	0.002237425
163	0.000000000
164	0.000000000
165	0.000000000
166	0.000000000
167	0.000000000
168	0.000000000
169	0.000014085
170	0.000000000
171	0.000000000
172	0.000000000
173	0.000000000
174	0.000000000
175	0.000014085
176	0.000000000
177	0.000000000
178	0.001712274
179	0.000000000
180	0.000000000
181	0.000000000
182	0.000002012
183	0.000000000
184	0.000000000
185	0.000000000
186	0.000000000
187	0.000000000
188	0.000000000
189	0.000000000
190	0.000000000
191	0.000000000
192	0.000000000
193	0.000000000
194	0.000000000
195	0.000000000
196	0.000000000
197	0.000442656
198	0.000000000
199	0.000000000
200	0.000000000
201	0.000603622
202	0.000000000
203	0.000000000
204	0.000000000
205	0.001621730
206	0.000000000
207	0.000000000
208	0.000000000
209	0.000112676
210	0.000000000
211	0.152933602
212	0.000000000
213	0.000000000
214	0.000014085
215	0.000000000
216	0.000000000
217	0.000000000
218	0.000002012
219	0.000000000
220	0.000008048
221	0.000000000
222	0.002577465
223	0.000008048
224	0.000360161
225	0.000000000
226	0.000000000
227	0.000000000
228	0.000000000
229	0.000000000
230	0.000000000
231	0.000014085
232	0.001804829
233	0.000000000
234	0.000006036
235	0.000000000
236	0.000000000
237	0.000000000
238	0.000000000
239	0.003110664
240	0.000014085
241	0.000000000
242	0.000000000
243	0.000000000
244	0.000000000
245	0.000000000
246	0.000000000
247	0.000000000
248	0.000014085
249	0.000000000
250	0.000000000
251	0.000293763
252	0.000000000
253	0.000000000
254	0.000000000
255	0.000000000
256	0.000000000
257	0.000227364
258	0.000010060
259	0.000000000
260	0.016637827
261	0.000000000
262	0.000000000
263	0.000000000
264	0.000014085
265	0.056947686
266	0.000000000
267	0.000000000
268	0.000000000
269	0.000000000
270	0.000000000
271	0.000000000
272	0.000000000
273	0.000000000
274	0.000000000
275	0.000000000
276	0.000000000
277	0.000008048
278	0.002162978
279	0.000000000
280	0.000000000
281	0.000000000
282	0.000000000
283	0.000020121
284	0.000000000
285	0.002136821
286	0.000766600
287	0.000014085
288	0.000000000
289	0.090668008
290	0.020722334
291	0.000000000
292	0.000000000
293	0.000000000
294	0.039655936
295	0.000000000
296	0.000000000
297	0.004416499
298	0.000000000
299	0.000016097
300	0.001762575
301	0.000000000
302	0.000000000
303	0.000020121
304	0.000000000
305	0.000014085
306	0.007706237
307	0.000000000
308	0.000000000
309	0.000000000
310	0.000000000
311	0.000000000
312	0.000000000
313	0.000000000
314	0.000000000
315	0.000000000
316	0.000014085
317	0.000000000
318	0.000010060
319	0.000000000
320	0.000000000
321	0.000000000
322	0.000000000
323	0.000000000
324	0.000000000
325	0.000000000
326	0.000000000
327	0.000000000
328	0.001754527
329	0.000000000
330	0.000000000
331	0.000000000
332	0.000000000
333	0.000000000
334	0.000000000
335	0.000000000
336	0.000000000
337	0.000006036
338	0.000000000
339	0.000000000
340	0.000000000
341	0.000000000
342	0.000000000
343	0.000000000
344	0.000000000
345	0.000000000
346	0.000668008
347	0.000000000
348	0.000000000
349	0.000000000
350	0.000000000
351	0.000000000
352	0.000000000
353	0.000000000
354	0.000000000
355	0.000000000
356	0.000038229
357	0.000000000
358	0.000000000
359	0.000000000
360	0.000000000
361	0.000000000
362	0.000000000
363	0.000000000
364	0.000000000
365	0.000000000
366	0.000000000
367	0.000000000
368	0.000000000
369	0.000000000
370	0.000575453
371	0.000000000
372	0.000068410
373	0.000000000
374	0.000000000
375	0.000020121
376	0.005307847
377	0.000000000
378	0.000000000
379	0.000000000
380	0.000000000
381	0.000000000
382	0.000004024
383	0.000786720
384	0.000000000
385	0.000000000
386	0.000000000
387	0.000020121
388	0.000008048
389	0.000000000
390	0.000000000
391	0.000000000
392	0.000000000
393	0.000000000
394	0.000000000
395	0.000000000
396	0.001358149
397	0.000000000
398	0.000000000
399	0.000000000
400	0.000000000
401	0.000000000
402	0.000000000
403	0.000271630
404	0.007018109
405	0.000000000
406	0.000000000
407	0.041231388
408	0.667235412
409	0.044408451
410	0.000000000
411	0.000000000
412	0.000000000
413	0.000000000
414	0.000000000
415	0.014372233
416	0.000008048
417	0.000000000
418	0.000000000
419	0.000000000
420	0.000000000
421	0.000008048
422	0.001329980
423	0.000000000
424	0.000000000
425	0.000000000
426	0.000000000
427	0.000000000
428	0.000000000
429	0.000000000
430	0.000000000
431	0.000058350
432	0.001682093
433	0.000000000
434	0.000000000
435	0.000000000
436	0.000000000
437	0.000000000
438	0.000000000
439	0.000136821
440	0.000000000
441	0.000000000
442	0.000000000
443	0.000000000
444	0.000000000
445	0.000000000
446	0.000014085
447	0.000000000
448	0.000000000
449	0.000000000
450	0.000012072
451	0.003744467
452	0.000000000
453	0.000000000
454	0.000323944
455	0.000046278
456	0.000175050
457	0.000000000
458	0.000000000
459	0.009472837
460	0.000066398
461	0.000000000
462	0.000000000
463	0.000000000
464	0.000000000
465	0.000000000
466	0.000000000
467	0.040969819
468	0.000000000
469	0.000000000
470	0.000000000
471	0.000000000
472	0.000000000
473	0.000287726
474	0.000000000
475	0.000000000
476	0.000000000
477	0.000000000
478	0.000000000
479	0.000000000
480	0.000000000
481	0.000000000
482	0.000000000
483	0.000000000
484	0.000000000
485	0.000010060
486	0.000000000
487	0.000000000
488	0.000000000
489	0.000000000
490	0.000000000
491	0.000000000
492	0.000000000
493	0.000295775
494	0.000000000
495	0.000054326
496	0.000000000
497	0.125321932
498	0.000000000
