SITE	RMSD_probability
2	0.01569416
3	0.10442656
4	0.13802817
5	0.03541247
6	0.05311871
7	0.00905433
8	0.00523139
9	0.08792757
10	0.11348089
11	0.04124748
12	0.10523139
13	0.06016097
14	0.04426559
15	0.11267606
16	0.08209256
17	0.08128773
18	0.08853119
19	0.06056338
20	0.04366197
21	0.08249497
22	0.09698189
23	0.07243461
24	0.09557344
25	0.04969819
26	0.06599598
27	0.06841046
28	0.07102616
29	0.02595573
30	0.01227364
31	0.07404427
32	0.02756539
33	0.07867203
34	0.06076459
35	0.02334004
36	0.10422535
37	0.03480885
38	0.06317907
39	0.04708249
40	0.03078471
41	0.07464789
42	0.02897384
43	0.03621730
44	0.06579477
45	0.02072435
46	0.02173038
47	0.09275654
48	0.05432596
49	0.09134809
50	0.07022133
51	0.07303823
52	0.07545272
53	0.08028169
54	0.05573441
55	0.08531187
56	0.05291751
57	0.04788732
58	0.03018109
59	0.00321932
60	0.04325956
61	0.10362173
62	0.04507042
63	0.02152918
64	0.04607646
65	0.05935614
66	0.01267606
67	0.04527163
68	0.12072435
69	0.02716298
70	0.04688129
71	0.04929577
72	0.00945674
73	0.06680080
74	0.04024145
75	0.02132797
76	0.02494970
77	0.03058350
78	0.00643863
79	0.19114688
80	0.02092555
81	0.02032193
82	0.05090543
83	0.04627767
84	0.02635815
85	0.05814889
86	0.12897384
87	0.00342052
88	0.05372233
89	0.08551308
90	0.17203219
91	0.03340040
92	0.03501006
93	0.00804829
94	0.01026157
95	0.02776660
96	0.18531187
97	0.03199195
98	0.05010060
99	0.05231388
100	0.13702213
101	0.12555332
102	0.09657948
103	0.08913481
104	0.04889336
105	0.07585513
106	0.03581489
107	0.00744467
108	0.03259557
109	0.03299799
110	0.01046278
111	0.05835010
112	0.02414487
113	0.06478873
114	0.08229376
115	0.00985915
116	0.00482897
117	0.03098592
118	0.04466801
119	0.03641851
120	0.00402414
121	0.06659960
122	0.05513078
123	0.07826962
124	0.05251509
125	0.11026157
126	0.11468813
127	0.37283702
128	0.08893360
129	0.07323944
130	0.05130785
131	0.05050302
132	0.01770624
133	0.08189135
134	0.03903421
135	0.06257545
136	0.08370221
137	0.03762575
138	0.08752515
139	0.04185111
140	0.04849095
141	0.07162978
142	0.09758551
143	0.03239437
144	0.08088531
145	0.04346076
146	0.06780684
147	0.04869215
148	0.00261569
149	0.00080483
150	0.01730382
151	0.03440644
152	0.00241449
153	0.06700201
154	0.02273642
155	0.07122736
156	0.01629779
157	0.13239437
158	0.05774648
159	0.02676056
160	0.00201207
161	0.02193159
162	0.08873239
163	0.01287726
164	0.05855131
165	0.02615694
166	0.01207243
167	0.00865191
168	0.06177062
169	0.07424547
170	0.05352113
171	0.09899396
172	0.03822938
173	0.07344064
174	0.00221328
175	0.08953722
176	0.05995976
177	0.00784708
178	0.14124748
179	0.06760563
180	0.03118712
181	0.04064386
182	0.11388330
183	0.00724346
184	0.07223340
185	0.02374245
186	0.05030181
187	0.03601610
188	0.06539235
189	0.05975855
190	0.02112676
191	0.06418511
192	0.01086519
193	0.02796781
194	0.04044266
195	0.00885312
196	0.00362173
197	0.07686117
198	0.01690141
199	0.07062374
200	0.08511066
201	0.29436620
202	0.05653924
203	0.01830986
204	0.00020121
205	0.06338028
206	0.05553320
207	0.01488934
208	0.00060362
209	0.07665996
210	0.04567404
211	0.10020121
212	0.04084507
213	0.03380282
214	0.07605634
215	0.02535211
216	0.07484909
217	0.03138833
218	0.07002012
219	0.03963783
220	0.04104628
221	0.09054326
222	0.08289738
223	0.02957746
224	0.10100604
225	0.06156942
226	0.08430584
227	0.07525151
228	0.05915493
229	0.02877264
230	0.04728370
231	0.08631791
232	0.09718310
233	0.03219316
234	0.07907445
235	0.02997988
236	0.06136821
237	0.05593561
238	0.04305835
239	0.11931590
240	0.04406439
241	0.00100604
242	0.02857143
243	0.01549296
244	0.02293763
245	0.01649899
246	0.02394366
247	0.01126761
248	0.01991952
249	0.00704225
250	0.05070423
251	0.07987928
252	0.06559356
253	0.05533199
254	0.06941650
255	0.02233400
256	0.06981891
257	0.08329980
258	0.09436620
259	0.01951710
260	0.07806841
261	0.01428571
262	0.00583501
263	0.01871227
264	0.11529175
265	0.15855131
266	0.04949698
267	0.01247485
268	0.06096579
269	0.04164990
270	0.01106640
271	0.04386318
272	0.00563380
273	0.00040241
274	0.07887324
275	0.02454728
276	0.07625755
277	0.04285714
278	0.10181087
279	0.09959759
280	0.03702213
281	0.01368209
282	0.03802817
283	0.08169014
284	0.06861167
285	0.11991952
286	0.08490946
287	0.07565392
288	0.04547284
289	0.16800805
290	0.20744467
291	0.02655936
292	0.10160966
293	0.06297787
294	0.08269618
295	0.00181087
296	0.02313883
297	0.07706237
298	0.00663984
299	0.07766600
300	0.08571429
301	0.03883300
302	0.04205231
303	0.09416499
304	0.05191147
305	0.12354125
306	0.08350101
307	0.01509054
308	0.05734406
309	0.02816901
310	0.04245473
311	0.06378270
312	0.05271630
313	0.07142857
314	0.03943662
315	0.03742455
316	0.07505030
317	0.00120724
318	0.09839034
319	0.05452716
320	0.00422535
321	0.06036217
322	0.00845070
323	0.01790744
324	0.02253521
325	0.00301811
326	0.04989940
327	0.05171026
328	0.08611670
329	0.03782696
330	0.01670020
331	0.01971831
332	0.00623742
333	0.04748491
334	0.02354125
335	0.02937626
336	0.00684105
337	0.07645875
338	0.08068410
339	0.00543260
340	0.00965795
341	0.03158954
342	0.07042254
343	0.00442656
344	0.00925553
345	0.02012072
346	0.09014085
347	0.03661972
348	0.03420523
349	0.01891348
350	0.07786720
351	0.02515091
352	0.01529175
353	0.04004024
354	0.02213280
355	0.00281690
356	0.09235412
357	0.03179074
358	0.06438632
359	0.06619718
360	0.00140845
361	0.01307847
362	0.00462777
363	0.02977867
364	0.03038229
365	0.01710262
366	0.03400402
367	0.03983903
368	0.06820926
369	0.01388330
370	0.08591549
371	0.06800805
372	0.08692153
373	0.05875252
374	0.01348089
375	0.12454728
376	0.08993964
377	0.04587525
378	0.03460765
379	0.00603622
380	0.01931590
381	0.04144869
382	0.06237425
383	0.07082495
384	0.02052314
385	0.05150905
386	0.05472837
387	0.07847082
388	0.15975855
389	0.05694165
390	0.01911469
391	0.01589537
392	0.05613682
393	0.03360161
394	0.01167002
395	0.04486922
396	0.20764588
397	0.09778672
398	0.07746479
399	0.03279678
400	0.06116700
401	0.09617706
402	0.03863179
403	0.12535211
404	0.08772636
405	0.04808853
406	0.06639839
407	0.05492958
408	0.07384306
409	0.08309859
410	0.01750503
411	0.03521127
412	0.03319920
413	0.02575453
414	0.01187123
415	0.07726358
416	0.05110664
417	0.04225352
418	0.06519115
419	0.04768612
420	0.06881288
421	0.09356137
422	0.06921529
423	0.02736419
424	0.06740443
425	0.01468813
426	0.01448692
427	0.06901408
428	0.06458753
429	0.00764588
430	0.06358149
431	0.03722334
432	0.08470825
433	0.06720322
434	0.04828974
435	0.01810865
436	0.00824950
437	0.02917505
438	0.08148893
439	0.02837022
440	0.03682093
441	0.03561368
442	0.08672032
443	0.02474849
444	0.03923541
445	0.05392354
446	0.05331992
447	0.06498994
448	0.05674044
449	0.02696177
450	0.03843058
451	0.06961771
452	0.08108652
453	0.07927565
454	0.07444668
455	0.31408451
456	0.11327968
457	0.04265594
458	0.01851107
459	0.08450704
460	0.06197183
461	0.05714286
462	0.00160966
463	0.05794769
464	0.00382294
465	0.01146881
466	0.06398390
467	0.11851107
468	0.02555332
469	0.01327968
470	0.05633803
471	0.01609658
472	0.07203219
473	0.17464789
474	0.04647887
475	0.05895372
476	0.08048290
477	0.01066398
478	0.07364185
479	0.06277666
480	0.02434608
481	0.11408451
482	0.04668008
483	0.05955734
484	0.08933602
485	0.07967807
486	0.04446680
487	0.00503018
488	0.01006036
489	0.01408451
490	0.06217304
491	0.05412475
492	0.05754527
493	0.09396378
494	0.07283702
495	0.04909457
496	0.05211268
497	0.19295775
498	0.13863179
