#SITE	SITE_LOG_LIKELIHOOD
1	-1.02149
2	-4.219
3	-13.3031
4	-16.0134
5	-4.5586
6	-4.0814
7	-1.966
8	-7.41267
9	-19.5688
10	-11.7283
11	-13.9119
12	-20.8449
13	-0.155811
14	-11.5116
15	-9.56762
16	-26.2941
17	-11.2033
18	-17.2744
19	-4.68707
20	-5.85163
21	-19.1432
22	-21.3055
23	-13.2567
24	-10.6792
25	-13.2658
26	-13.0911
27	-13.9247
28	-6.29621
29	-25.962
30	-9.18651
31	-19.8054
32	-0.0502431
33	-17.6109
34	-25.3412
35	-6.99724
36	-7.23778
37	-19.9128
38	-33.2697
39	-6.5442
40	-6.72402
41	-18.5791
42	-7.18618
43	-0.239649
44	-3.69208
45	-8.47049
46	-2.0097
47	-9.55867
48	-20.2729
49	-11.1549
50	-21.195
51	-26.3485
52	-22.9726
53	-17.2414
54	-14.1541
55	-15.2652
56	-21.282
57	-13.2411
58	-13.31
59	-9.13059
60	-10.3263
61	-10.058
62	-3.67404
63	-1.77403
64	-10.208
65	-8.50428
66	-0.382635
67	-14.9106
68	-7.85132
69	-8.18204
70	-23.7813
71	-7.9628
72	-29.6901
73	-17.0332
74	-17.8495
75	-10.1767
76	-6.66707
77	-11.1824
78	-6.48594
79	-18.4944
80	-7.65968
81	-23.097
82	-9.83556
83	-13.0746
84	-16.8281
85	-12.916
86	-12.7626
87	-15.5495
88	-25.0836
89	-12.3685
90	-6.22053
91	-2.74807
92	-20.4732
93	-3.22977
94	-17.953
95	-6.89995
96	-19.8941
97	-14.3994
98	-16.1464
99	-30.0487
100	-32.3424
101	-21.1391
102	-7.61252
103	-22.2728
104	-0.151966
105	-11.8836
106	-23.7563
107	-16.327
108	-12.7106
109	-43.9012
110	-10.2285
111	-2.71121
112	-3.23859
113	-2.04104
114	-15.8586
115	-6.38072
116	-25.99
117	-5.93864
118	-14.3318
119	-27.3905
120	-0.0296874
121	-19.5219
122	-3.29435
123	-25.3077
124	-12.1126
125	-3.90696
126	-11.1829
127	-36.3693
128	-15.9843
129	-26.0463
130	-6.89816
131	-13.421
132	-20.0042
133	-18.3845
134	-15.3623
135	-21.3645
136	-44.0964
137	-0.217903
138	-10.345
139	-0.0695511
140	-11.3982
141	-9.64772
142	-11.625
143	-33.3665
144	-8.47597
145	-8.06791
146	-11.7456
147	-28.3784
148	-5.75183
149	-7.43051
150	-16.0201
151	-3.29658
152	-6.93245
153	-18.6203
154	-22.4317
155	-8.22036
156	-11.6063
157	-16.7929
158	-16.8608
159	-0.839371
160	-15.3342
161	-5.26096
162	-6.61416
163	-2.86972
164	-9.75019
165	-20.5482
166	-15.69
167	-0.131103
168	-12.8909
169	-16.0848
170	-8.37243
171	-14.2873
172	-19.6866
173	-14.8668
174	-13.8227
175	-10.5502
176	-10.6699
177	-24.1432
178	-21.4069
179	-8.01719
180	-3.22992
181	-11.7109
182	-15.1066
183	-19.1306
184	-12.431
185	-8.66491
186	-12.86
187	-11.4606
188	-6.13882
189	-29.2225
190	-21.0237
191	-1.66392
192	-11.5446
193	-39.8797
194	-19.7295
195	-12.3263
196	-0.31543
197	-5.93273
198	-15
199	-8.69171
200	-40.2188
201	-12.1541
202	-2.50379
203	-8.8655
204	-21.4916
205	-13.7074
206	-2.97849
207	-0.0672693
208	-12.7383
209	-7.96085
210	-11.2962
211	-6.53182
212	-13.1383
213	-35.9349
214	-30.5847
215	-5.95319
216	-17.4587
217	-19.872
218	-15.2591
219	-5.79202
220	-9.6032
221	-7.40763
222	-1.091
223	-3.11067
224	-10.7697
225	-12.7404
226	-17.5183
227	-2.05011
228	-24.1019
229	-15.6619
230	-14.3851
231	-17.3086
232	-4.16678
233	-12.4134
234	-28.7748
235	-3.80476
236	-17.2334
237	-13.6391
238	-0.582919
239	-3.41828
240	-11.767
241	-6.22379
242	-12.7379
243	-22.9426
244	-5.6552
245	-14.3586
246	-24.3444
247	-24.5079
248	-21.8679
249	-11.0971
250	-15.3726
251	-3.51398
252	-13.1529
253	-12.1623
254	-2.04952
255	-10.2327
256	-33.4417
257	-14.162
258	-6.26782
259	-25.3014
260	-6.83699
261	-17.2437
262	-13.8316
263	-3.9943
264	-32.946
265	-38.4925
266	-18.3121
267	-21.5407
268	-20.0096
269	-14.4741
270	-12.6814
271	-21.7555
272	-18.567
273	-14.5627
274	-29.3825
275	-12.2478
276	-21.4289
277	-18.8031
278	-18.329
279	-6.99249
280	-19.7943
281	-11.1827
282	-11.4556
283	-15.9523
284	-21.6235
285	-18.4571
286	-34.4097
287	-15.3747
288	-19.4347
289	-10.8828
290	-7.17793
291	-2.29948
292	-20.2024
293	-23.5576
294	-20.1709
295	-11.5064
296	-11.7963
297	-14.5598
298	-20.1524
299	-12.362
300	-9.11992
301	-18.3702
302	-9.50689
303	-18.9861
304	-12.3662
305	-21.3768
306	-26.5769
307	-19.5022
308	-11.4678
309	-7.56064
310	-26.4323
311	-15.6162
312	-32.21
313	-21.0536
314	-7.94238
315	-14.0291
316	-15.3971
317	-8.91926
318	-4.68063
319	-15.8008
320	-8.44174
321	-7.69229
322	-8.5513
323	-36.3373
324	-10.3395
325	-7.70748
326	-17.5331
327	-8.49452
328	-26.154
329	-19.8854
330	-0.180946
331	-6.96918
332	-21.2799
333	-14.1443
334	-11.0849
335	-4.48354
336	-22.9185
337	-11.9086
338	-7.11996
339	-8.94063
340	-11.2303
341	-11.5259
342	-22.0383
343	-27.6042
344	-28.2875
345	-20.9656
346	-8.52515
347	-5.33724
348	-3.94084
349	-15.6057
350	-16.9038
351	-17.3824
352	-18.3751
353	-32.4787
354	-13.3761
355	-14.8586
356	-9.73185
357	-38.5256
358	-18.1115
359	-9.51578
360	-19.8606
361	-3.16558
362	-20.3125
363	-24.5725
364	-4.27973
365	-2.96236
366	-10.5441
367	-12.5006
368	-3.8894
369	-8.2629
370	-5.46168
371	-28.4037
372	-12.8058
373	-31.3177
374	-8.3912
375	-16.7823
376	-13.4373
377	-20.8391
378	-26.69
379	-21.569
380	-5.87203
381	-37.1573
382	-20.9804
383	-7.40671
384	-25.4937
385	-7.35311
386	-0.196486
387	-5.52106
388	-6.887
389	-10.3771
390	-10.2341
391	-15.7124
392	-15.4868
393	-9.24757
394	-8.572
395	-5.35681
396	-17.8769
397	-39.0882
398	-24.2253
399	-19.8433
400	-33.7083
401	-8.07811
402	-20.1076
403	-24.6155
404	-9.58952
405	-13.2555
406	-5.07682
407	-8.14725
408	-18.0806
409	-9.333
410	-8.74877
411	-7.33601
412	-5.94507
413	-9.89644
414	-15.18
415	-18.5057
416	-21.7262
417	-10.2082
418	-17.765
419	-16.2787
420	-4.54098
421	-18.8282
422	-14.4534
423	-26.5957
424	-18.3123
425	-19.9435
426	-9.11841
427	-9.12984
428	-22.5297
429	-7.93011
430	-46.3018
431	-21.685
432	-10.6802
433	-23.9065
434	-10.9595
435	-11.1961
436	-37.6786
437	-5.90555
438	-12.2203
439	-12.0713
440	-1.08841
441	-22.1659
442	-27.2031
443	-17.3216
444	-23.6424
445	-2.21459
446	-16.5345
447	-7.43559
448	-0.896818
449	-2.04035
450	-19.51
451	-9.93986
452	-44.6824
453	-9.39762
454	-6.96728
455	-11.9976
456	-18.7974
457	-26.622
458	-2.99402
459	-7.50538
460	-6.44877
461	-5.06908
462	-3.25752
463	-4.4741
464	-2.9272
465	-2.94284
466	-12.3942
467	-13.0519
468	-2.94948
469	-12.8934
470	-10.2952
471	-3.23839
472	-8.09011
473	-19.467
474	-11.0192
475	-3.9096
476	-4.6664
477	-8.34859
478	-4.78194
479	-3.04431
480	-4.61395
481	-0.795556
482	-11.9261
483	-8.91998
484	-15.6715
485	-11.7864
486	-3.65144
487	-1.97652
488	-2.92996
489	-6.22893
490	-3.23465
491	-2.99138
492	-8.89707
493	-3.35722
494	-3.21062
495	-5.14534
496	-2.55828
497	-27.083
498	-21.8845
