#SITE	SITE_LOG_LIKELIHOOD
1	-0.762215
2	-2.13685
3	-3.80594
4	-5.61334
5	-2.39416
6	-2.08993
7	-0.793821
8	-2.13484
9	-11.5863
10	-1.67604
11	-5.65596
12	-3.82191
13	-0.0784887
14	-0.934046
15	-10.3655
16	-10.5931
17	-7.46719
18	-1.43729
19	-6.25911
20	-1.44345
21	-2.48119
22	-3.18795
23	-2.26307
24	-2.16323
25	-8.67774
26	-1.80612
27	-2.43856
28	-2.2681
29	-6.48729
30	-1.57641
31	-4.5948
32	-0.0326245
33	-7.46485
34	-3.13625
35	-1.56803
36	-7.85396
37	-2.1356
38	-11.0817
39	-8.01735
40	-1.21443
41	-9.26257
42	-5.51276
43	-0.16794
44	-1.41923
45	-1.5762
46	-6.68889
47	-7.04238
48	-1.03235
49	-13.4671
50	-16.7961
51	-7.32942
52	-19.1014
53	-0.819349
54	-2.87962
55	-8.30623
56	-7.17673
57	-1.5861
58	-1.49736
59	-1.35204
60	-6.57215
61	-2.6121
62	-1.83621
63	-1.11633
64	-5.55721
65	-2.24692
66	-0.21183
67	-7.11749
68	-2.44065
69	-2.50689
70	-1.87687
71	-8.98248
72	-1.36093
73	-2.11702
74	-1.88722
75	-6.16571
76	-1.97462
77	-4.04373
78	-7.06865
79	-14.3554
80	-3.40131
81	-5.80187
82	-2.25653
83	-2.43712
84	-3.12968
85	-2.72602
86	-12.1378
87	-0.800542
88	-2.29615
89	-7.04777
90	-3.49744
91	-9.47351
92	-16.1307
93	-1.536
94	-2.09268
95	-2.42788
96	-1.28449
97	-1.58834
98	-2.09181
99	-12.5199
100	-21.7842
101	-1.82752
102	-4.81755
103	-1.70005
104	-0.145156
105	-13.6091
106	-6.44207
107	-0.960701
108	-2.77929
109	-6.59589
110	-2.7191
111	-17.5568
112	-0.925019
113	-0.82205
114	-5.85677
115	-0.822506
116	-1.992
117	-6.29857
118	-11.9053
119	-13.3412
120	-0.0247313
121	-2.61008
122	-5.70744
123	-2.19988
124	-1.38422
125	-2.17815
126	-2.38789
127	-7.18813
128	-18.6145
129	-3.345
130	-2.05939
131	-2.64944
132	-1.57594
133	-2.28021
134	-11.518
135	-0.933614
136	-16.7151
137	-0.125823
138	-5.36313
139	-0.0595707
140	-1.94476
141	-2.60071
142	-0.864825
143	-2.66173
144	-0.992119
145	-1.35223
146	-15.5785
147	-9.20998
148	-1.34673
149	-0.804874
150	-1.67418
151	-1.57152
152	-2.22684
153	-1.79952
154	-2.17931
155	-1.64697
156	-7.69371
157	-13.8324
158	-2.44686
159	-0.540785
160	-0.801871
161	-6.38644
162	-1.67157
163	-1.64844
164	-2.18531
165	-2.04856
166	-8.06136
167	-0.0853968
168	-6.17526
169	-19.2475
170	-1.94091
171	-6.9357
172	-2.66417
173	-1.71551
174	-2.69127
175	-2.086
176	-2.01174
177	-1.53946
178	-14.6784
179	-6.4984
180	-1.53594
181	-2.03386
182	-1.72256
183	-12.1847
184	-5.49885
185	-1.53718
186	-1.73985
187	-1.56634
188	-1.58469
189	-9.47665
190	-18.6189
191	-1.24506
192	-4.71933
193	-7.12221
194	-3.31268
195	-11.3292
196	-0.214432
197	-1.93132
198	-0.868239
199	-6.10459
200	-14.4111
201	-1.94085
202	-1.2137
203	-0.80083
204	-7.68099
205	-5.57698
206	-1.36765
207	-0.0689807
208	-1.67242
209	-1.54471
210	-0.837246
211	-1.77214
212	-1.54016
213	-2.13759
214	-16.898
215	-3.26334
216	-1.68633
217	-3.25387
218	-2.00326
219	-0.855835
220	-0.943538
221	-7.95797
222	-0.871623
223	-1.46905
224	-6.75166
225	-2.30223
226	-2.68513
227	-10.5347
228	-2.97314
229	-0.808168
230	-5.48838
231	-8.23802
232	-2.09982
233	-2.40963
234	-2.30362
235	-0.822174
236	-7.97832
237	-8.86573
238	-0.442141
239	-1.79658
240	-6.11757
241	-9.77465
242	-2.16705
243	-7.36202
244	-5.76633
245	-14.2335
246	-10.0603
247	-7.49111
248	-7.58612
249	-1.54383
250	-6.17505
251	-1.6886
252	-6.36734
253	-13.5773
254	-1.38203
255	-0.807884
256	-2.67525
257	-7.81463
258	-5.42619
259	-7.32325
260	-19.4281
261	-2.14088
262	-1.95331
263	-1.91057
264	-7.08907
265	-9.39115
266	-14.5748
267	-1.94009
268	-3.0097
269	-2.04472
270	-2.31163
271	-3.31927
272	-0.798387
273	-0.795424
274	-5.69866
275	-2.26973
276	-2.65762
277	-1.55625
278	-2.4737
279	-1.08505
280	-7.34298
281	-0.807951
282	-2.36449
283	-6.32231
284	-5.60159
285	-1.93138
286	-10.533
287	-4.75948
288	-5.92761
289	-5.51803
290	-6.97148
291	-6.2152
292	-3.84305
293	-12.2078
294	-12.6705
295	-1.54843
296	-1.53131
297	-1.96923
298	-9.72099
299	-1.54638
300	-10.2739
301	-19.214
302	-2.33155
303	-1.69626
304	-1.55311
305	-1.42878
306	-6.92725
307	-2.68307
308	-8.08732
309	-4.18606
310	-8.69673
311	-4.48618
312	-12.2915
313	-7.69247
314	-2.09702
315	-7.60011
316	-2.26558
317	-1.66948
318	-7.30652
319	-10.0777
320	-0.803189
321	-9.57745
322	-1.64449
323	-6.15491
324	-1.36188
325	-1.34654
326	-2.48351
327	-1.45747
328	-7.84227
329	-6.52697
330	-0.189641
331	-0.711303
332	-1.75464
333	-5.28134
334	-1.06908
335	-6.9217
336	-2.23211
337	-1.66782
338	-1.15239
339	-10.7136
340	-10.2002
341	-13.9843
342	-6.43736
343	-2.48428
344	-24.5153
345	-10.6598
346	-2.01892
347	-5.86885
348	-1.93162
349	-1.56497
350	-3.7102
351	-0.858247
352	-10.2022
353	-23.3726
354	-1.77313
355	-1.67772
356	-5.25348
357	-16.2721
358	-16.4682
359	-23.6186
360	-2.13504
361	-1.67196
362	-1.53829
363	-9.85912
364	-5.89718
365	-9.52276
366	-1.64032
367	-2.10139
368	-2.10379
369	-0.811456
370	-1.92722
371	-3.80301
372	-1.78832
373	-3.57929
374	-3.05445
375	-5.38311
376	-6.04304
377	-19.3074
378	-3.11999
379	-16.6496
380	-0.892269
381	-3.10716
382	-10.4957
383	-2.48359
384	-8.73417
385	-0.922708
386	-0.186461
387	-1.93681
388	-1.0537
389	-2.27498
390	-2.09967
391	-20.5884
392	-7.31155
393	-14.0576
394	-6.11438
395	-1.7949
396	-6.34216
397	-12.1019
398	-6.38762
399	-5.01134
400	-11.3781
401	-3.81071
402	-2.63193
403	-2.61062
404	-6.56585
405	-1.35305
406	-1.60912
407	-1.94946
408	-5.18011
409	-1.60446
410	-6.28236
411	-2.25883
412	-1.40581
413	-6.42854
414	-6.73099
415	-2.00606
416	-6.39646
417	-3.51591
418	-12.1366
419	-2.69965
420	-1.32802
421	-11.4597
422	-2.00174
423	-6.95675
424	-2.64197
425	-1.54807
426	-9.56564
427	-1.87209
428	-2.6272
429	-7.58582
430	-6.5837
431	-16.1193
432	-2.74547
433	-8.67188
434	-13.0537
435	-5.3726
436	-7.94789
437	-16.4586
438	-2.88715
439	-1.44515
440	-0.920258
441	-1.67651
442	-12.0501
443	-0.822231
444	-2.02669
445	-1.26488
446	-2.80743
447	-2.06226
448	-0.519706
449	-0.842091
450	-14.0968
451	-4.13033
452	-13.1663
453	-10.5469
454	-9.31122
455	-4.68075
456	-4.82379
457	-2.0316
458	-1.38015
459	-11.1751
460	-3.19698
461	-2.70424
462	-1.54465
463	-5.81675
464	-4.99793
465	-1.35154
466	-7.28053
467	-3.01803
468	-1.35531
469	-0.867969
470	-2.65532
471	-1.53836
472	-3.99984
473	-5.12142
474	-5.8559
475	-1.88846
476	-2.2893
477	-1.53307
478	-8.24166
479	-1.44831
480	-2.5371
481	-0.448796
482	-21.4395
483	-0.923923
484	-1.56028
485	-11.5069
486	-1.94499
487	-0.797318
488	-1.34575
489	-1.35585
490	-1.53973
491	-1.37345
492	-0.94628
493	-1.60784
494	-1.48175
495	-11.6961
496	-2.17208
497	-6.30154
498	-19.6394
