SITE	RMSD_probability
2	0.20653994
3	0.10435339
4	0.06589889
5	0.17731564
6	0.11328109
7	0.14994161
8	0.07988490
9	0.08906586
10	0.21921037
11	0.39740541
12	0.02655795
13	0.17863123
14	0.13656062
15	0.01225535
16	0.73743862
17	0.68324633
18	0.83002209
19	0.05330585
20	0.15186926
21	0.44414740
22	0.05958126
23	0.12479070
24	0.01942424
25	0.02854892
26	0.98158883
27	0.54647465
28	0.35416696
29	0.45861181
30	0.00234976
31	0.56425265
32	0.01025735
33	0.81075966
34	0.05469882
35	0.05761844
36	0.01238902
37	0.17231360
38	0.78102883
39	0.32904420
40	0.67908852
41	0.80686215
42	0.38850586
43	0.02892882
44	0.78465197
45	0.02213280
46	0.02198506
47	0.34685737
48	0.68894486
49	0.00612064
50	0.83353970
51	0.12867414
52	0.23217627
53	0.01379606
54	0.23012199
55	0.98647128
56	0.00847040
57	0.12595151
58	0.16273867
59	0.00201911
60	0.15183408
61	0.04442037
62	0.03180622
63	0.10013930
64	0.01568150
65	0.41412813
66	0.17177893
67	0.27957254
68	0.65212956
69	0.25993725
70	0.63842496
71	0.07607885
72	0.03294593
73	0.01067243
74	0.80326716
75	0.05670386
76	0.06268380
77	0.18361216
78	0.00431259
79	0.57731001
80	0.00131559
81	0.00619099
82	0.00951865
83	0.01786242
84	0.21404652
85	0.63926918
86	0.02104937
87	0.27635041
88	0.01827046
89	0.00743623
90	0.14537575
91	0.24203965
92	0.02291371
93	0.01794684
94	0.02248456
95	0.62679574
96	0.34186236
97	0.10086392
98	0.03557006
99	0.09809205
100	0.64852049
101	0.01191766
102	0.01366239
103	0.21244952
104	0.50505129
105	0.30082593
106	0.45250524
107	0.27825695
108	0.55287670
109	0.04857818
110	0.27774338
111	0.00283519
112	0.06606774
113	0.36422732
114	0.53096200
115	0.15250946
116	0.00227238
117	0.64203402
118	0.29352338
119	0.05874407
120	0.01437999
121	0.84020205
122	0.55870186
123	0.46318470
124	0.25705281
125	0.88534001
126	0.59093723
127	0.91105373
128	0.43777349
129	0.24368589
130	0.06990896
131	0.13808023
132	0.05402344
133	0.01174178
134	0.00451661
135	0.04607364
136	0.96160178
137	0.52598106
138	0.42672820
139	0.12961686
140	0.08442262
141	0.21166158
142	0.04582038
143	0.17712569
144	0.19798511
145	0.04817717
146	0.11378762
147	0.58489398
148	0.00579702
149	0.62054143
150	0.07074616
151	0.55822347
152	0.12788620
153	0.00452365
154	0.00615582
155	0.32799595
156	0.06895217
157	0.48236271
158	0.16589748
159	0.35403329
160	0.10542978
161	0.03318512
162	0.09999156
163	0.82280396
164	0.01875589
165	0.00468546
166	0.06706674
167	0.08271306
168	0.09114829
169	0.34738501
170	0.80195157
171	0.05286967
172	0.24854019
173	0.89249483
174	0.26868202
175	0.42586990
176	0.00728145
177	0.55996117
178	0.34940412
179	0.61582080
180	0.40591803
181	0.48165215
182	0.23082551
183	0.08967089
184	0.24737938
185	0.33370151
186	0.05365057
187	0.18754485
188	0.48944717
189	0.11651729
190	0.04181030
191	0.38550182
192	0.26555839
193	0.08160853
194	0.00558596
195	0.11777659
196	0.11580673
197	0.05933503
198	0.27712428
199	0.32274064
200	0.27893937
201	0.01328249
202	0.06855117
203	0.46697669
204	0.01784131
205	0.05363650
206	0.66331556
207	0.30399882
208	0.30102996
209	0.50360203
210	0.57255421
211	0.21989278
212	0.07985676
213	0.61232430
214	0.05810387
215	0.01121414
216	0.26777448
217	0.00248343
218	0.07620548
219	0.47774760
220	0.00749954
221	0.44921979
222	0.03708264
223	0.00932166
224	0.35703733
225	0.41995329
226	0.19225141
227	0.15068734
228	0.00511460
229	0.42705182
230	0.02166847
231	0.98575368
232	0.91814524
233	0.40987182
234	0.74317936
235	0.06917027
236	0.06048177
237	0.45857663
238	0.29234146
239	0.18309156
240	0.05200433
241	0.23160642
242	0.11557457
243	0.01015886
244	0.14615666
245	0.08846083
246	0.24781556
247	0.03763138
248	0.00278595
249	0.28615750
250	0.09813426
251	0.49596882
252	0.08378945
253	0.00036583
254	0.00282112
255	0.11583487
256	0.20743341
257	0.00023920
258	0.19754893
259	0.51976896
260	0.15234062
261	0.12836459
262	0.13910034
263	0.05608476
264	0.10013930
265	0.02152777
266	0.87577212
267	0.00199097
268	0.04932392
269	0.62225802
270	0.05417822
271	0.08021556
272	0.04074095
273	0.08729299
274	0.26678955
275	0.02648760
276	0.69002828
277	0.09696641
278	0.95711331
279	0.32435170
280	0.04018517
281	0.22886972
282	0.24633817
283	0.39418328
284	0.18216994
285	0.53201024
286	0.17628850
287	0.15184112
288	0.30632044
289	0.16240801
290	0.61174037
291	0.43058350
292	0.90834518
293	0.18547650
294	0.16029041
295	0.06265565
296	0.06983861
297	0.15106724
298	0.23880345
299	0.12146304
300	0.60462777
301	0.67089952
302	0.93066089
303	0.49930351
304	0.00645833
305	0.55730185
306	0.64781697
307	0.48168029
308	0.12138566
309	0.46631537
310	0.08737038
311	0.06083353
312	0.29694953
313	0.18095285
314	0.21512291
315	0.06167072
316	0.66808544
317	0.06893810
318	0.83313166
319	0.12168817
320	0.26850614
321	0.25985282
322	0.31605015
323	0.20725050
324	0.26097142
325	0.32233260
326	0.01137595
327	0.67068847
328	0.61362581
329	0.13966315
330	0.01843227
331	0.59482067
332	0.01763026
333	0.94129814
334	0.27798258
335	0.03073687
336	0.00597290
337	0.12722489
338	0.18188853
339	0.00819603
340	0.14188628
341	0.01036991
342	0.18449860
343	0.16822614
344	0.77782077
345	0.53349467
346	0.34988251
347	0.47990742
348	0.00175880
349	0.25867794
350	0.13608926
351	0.32547734
352	0.01243123
353	0.02474286
354	0.37505452
355	0.00026030
356	0.02506648
357	0.00361610
358	0.60409309
359	0.16271053
360	0.26545989
361	0.16380802
362	0.31422803
363	0.12363693
364	0.16451154
365	0.07230797
366	0.08882667
367	0.54202136
368	0.75260655
369	0.03794797
370	0.15522506
371	0.62151229
372	0.00197690
373	0.63404905
374	0.41560552
375	0.08096129
376	0.60872930
377	0.44107301
378	0.22004052
379	0.03763842
380	0.60604185
381	0.19892080
382	0.28961883
383	0.07900550
384	0.03912285
385	0.53449368
386	0.36507155
387	0.65791251
388	0.01217796
389	0.36442431
390	0.11239465
391	0.10532425
392	0.24930000
393	0.90246373
394	0.64340589
395	0.45694446
396	0.11748111
397	0.06277525
398	0.17482517
399	0.36475496
400	0.52926651
401	0.00083719
402	0.02221722
403	0.51551266
404	0.13588524
405	0.02546046
406	0.12569825
407	0.00235680
408	0.00009146
409	0.00153368
410	0.00021809
411	0.00009849
412	0.00571260
413	0.16378692
414	0.06625065
415	0.00097086
416	0.02681825
417	0.05037920
418	0.43006289
419	0.11376652
420	0.06476622
421	0.01755990
422	0.01766543
423	0.04051582
424	0.10718155
425	0.03347357
426	0.01087645
427	0.01640613
428	0.01414782
429	0.00095679
430	0.04020627
431	0.00188544
432	0.29426208
433	0.23522252
434	0.13183999
435	0.24884974
436	0.16218992
437	0.03348060
438	0.00109749
439	0.00017588
440	0.08125677
441	0.36792081
442	0.97250637
443	0.12986309
444	0.27476749
445	0.01601216
446	0.02574186
447	0.33065526
448	0.42786087
449	0.00586034
450	0.01223424
451	0.00943423
452	0.33385628
453	0.64245614
454	0.00673974
455	0.01114379
456	0.01143926
457	0.03512684
458	0.05968679
459	0.02002927
460	0.12127309
461	0.13229024
462	0.00081609
463	0.01179806
464	0.00752768
465	0.15937584
466	0.00268042
467	0.62794952
468	0.03247457
469	0.12075249
470	0.00000704
471	0.02637503
472	0.73165567
473	0.80300685
474	0.08580152
475	0.09227392
476	0.10885593
477	0.17679504
478	0.34953779
479	0.10563380
480	0.02743032
481	0.15736376
482	0.03863742
483	0.15004714
484	0.04161332
485	0.04963347
486	0.11862082
487	0.16676281
488	0.28240773
489	0.01461215
490	0.55025256
491	0.76688804
492	0.58144672
493	0.03649871
494	0.91391003
495	0.16657990
496	0.32138988
497	0.65092654
498	0.01599809
