SITE	RMSD_BETWEEN	RMSD_WITHIN	RMSD_CORRECTED
2	0.750606	0.381408	0.369198
3	0.685254	0.617996	0.067258
4	0.650558	0.611920	0.038638
5	0.760362	0.477722	0.282640
6	0.803435	0.580417	0.223019
7	0.797737	0.382637	0.415099
8	0.796593	0.335334	0.461260
9	0.771926	0.671826	0.100101
10	0.711107	0.653964	0.057143
11	0.749582	0.489875	0.259706
12	0.719778	0.654267	0.065512
13	0.799378	0.595375	0.204003
14	0.671681	0.423397	0.248284
15	0.668144	0.610334	0.057810
16	0.644289	0.523802	0.120488
17	0.725594	0.599521	0.126073
18	0.649696	0.550058	0.099638
19	0.736084	0.532885	0.203200
20	0.745297	0.496059	0.249238
21	0.770066	0.650634	0.119432
22	0.744605	0.662825	0.081780
23	0.755044	0.596446	0.158597
24	0.747172	0.663166	0.084006
25	0.713071	0.482745	0.230327
26	0.870292	0.684526	0.185766
27	0.727439	0.552636	0.174803
28	0.776282	0.613749	0.162533
29	0.779853	0.456678	0.323175
30	0.805388	0.411760	0.393628
31	0.744798	0.591878	0.152920
32	0.753883	0.438316	0.315567
33	0.667460	0.533309	0.134152
34	0.699821	0.496728	0.203092
35	0.746636	0.415256	0.331380
36	0.427873	0.360023	0.067850
37	0.719542	0.434184	0.285358
38	0.652854	0.452407	0.200447
39	0.821762	0.583038	0.238724
40	0.760735	0.460161	0.300573
41	0.715787	0.564650	0.151137
42	0.750544	0.444510	0.306034
43	0.630268	0.348800	0.281468
44	0.724766	0.537533	0.187233
45	0.716566	0.369291	0.347275
46	0.769712	0.427619	0.342092
47	0.621201	0.532382	0.088819
48	0.665212	0.445981	0.219230
49	0.402815	0.309111	0.093704
50	0.765654	0.600511	0.165143
51	0.686154	0.528895	0.157259
52	0.686513	0.539233	0.147281
53	0.573007	0.444135	0.128872
54	0.764907	0.551126	0.213781
55	0.766376	0.659989	0.106387
56	0.797729	0.574451	0.223278
57	0.747550	0.510299	0.237250
58	0.751636	0.448220	0.303416
59	0.790962	0.295191	0.495771
60	0.650166	0.399215	0.250951
61	0.544744	0.475602	0.069142
62	0.741145	0.498209	0.242936
63	0.817567	0.474412	0.343155
64	0.729870	0.490041	0.239829
65	0.661016	0.454814	0.206203
66	0.736591	0.345901	0.390690
67	0.586401	0.343483	0.242919
68	0.647852	0.598349	0.049504
69	0.745492	0.428423	0.317069
70	0.702387	0.463359	0.239028
71	0.751571	0.520317	0.231254
72	0.778503	0.365399	0.413104
73	0.620749	0.441225	0.179523
74	0.812667	0.549533	0.263134
75	0.679818	0.336228	0.343590
76	0.756239	0.428794	0.327445
77	0.771328	0.469933	0.301395
78	0.819592	0.371071	0.448521
79	0.427269	0.405268	0.022001
80	0.701737	0.355338	0.346398
81	0.809443	0.460593	0.348850
82	0.728645	0.501025	0.227619
83	0.700744	0.461251	0.239493
84	0.778034	0.457205	0.320829
85	0.767507	0.559527	0.207981
86	0.630358	0.586059	0.044299
87	0.772094	0.286969	0.485125
88	0.800757	0.578251	0.222506
89	0.646727	0.541046	0.105680
90	0.608037	0.580962	0.027075
91	0.689975	0.402234	0.287741
92	0.690016	0.405044	0.284971
93	0.804419	0.379009	0.425411
94	0.701337	0.294989	0.406348
95	0.831715	0.516233	0.315482
96	0.409960	0.386217	0.023743
97	0.805941	0.509878	0.296064
98	0.771647	0.542391	0.229256
99	0.673737	0.449635	0.224103
100	0.585234	0.546264	0.038970
101	0.631290	0.584365	0.046924
102	0.653911	0.571781	0.082131
103	0.643775	0.545888	0.097887
104	0.669141	0.435567	0.233574
105	0.677726	0.531760	0.145966
106	0.797705	0.515714	0.281991
107	0.732114	0.303263	0.428851
108	0.732638	0.437698	0.294940
109	0.812948	0.524285	0.288664
110	0.746941	0.342263	0.404678
111	0.641364	0.433785	0.207579
112	0.790856	0.460677	0.330179
113	0.701358	0.510801	0.190557
114	0.609218	0.488912	0.120306
115	0.764856	0.352442	0.412414
116	0.825489	0.361369	0.464120
117	0.793762	0.495885	0.297877
118	0.762816	0.515563	0.247253
119	0.642441	0.363191	0.279250
120	0.741372	0.263036	0.478336
121	0.726680	0.544275	0.182405
122	0.710127	0.495199	0.214928
123	0.591607	0.456228	0.135379
124	0.690795	0.467168	0.223627
125	0.616299	0.555278	0.061022
126	0.625594	0.569596	0.055999
127	0.594734	0.604010	-0.009275
128	0.722758	0.624128	0.098629
129	0.670529	0.513719	0.156810
130	0.671905	0.446929	0.224976
131	0.767341	0.538375	0.228966
132	0.764536	0.403170	0.361366
133	0.670567	0.549657	0.120910
134	0.875710	0.607469	0.268241
135	0.764357	0.563169	0.201187
136	0.705795	0.591059	0.114736
137	0.713812	0.439731	0.274082
138	0.681396	0.579989	0.101407
139	0.633197	0.375764	0.257433
140	0.734376	0.500286	0.234089
141	0.661378	0.501329	0.160049
142	0.472878	0.394393	0.078486
143	0.699957	0.404046	0.295911
144	0.703637	0.576351	0.127286
145	0.556910	0.306920	0.249991
146	0.597061	0.420019	0.177042
147	0.704465	0.470803	0.233661
148	0.796092	0.286873	0.509219
149	0.831902	0.259970	0.571932
150	0.784854	0.420391	0.364463
151	0.635614	0.349716	0.285898
152	0.786111	0.273901	0.512210
153	0.678003	0.499646	0.178357
154	0.754538	0.421291	0.333247
155	0.697295	0.535770	0.161525
156	0.743454	0.376354	0.367100
157	0.684617	0.642317	0.042300
158	0.744979	0.536035	0.208944
159	0.836741	0.517829	0.318912
160	0.811508	0.295280	0.516227
161	0.822687	0.481268	0.341419
162	0.478712	0.379291	0.099421
163	0.817199	0.427156	0.390043
164	0.807605	0.600151	0.207454
165	0.791623	0.469319	0.322304
166	0.800894	0.406561	0.394334
167	0.798296	0.379645	0.418651
168	0.707599	0.505121	0.202478
169	0.637733	0.485836	0.151897
170	0.635661	0.412798	0.222863
171	0.635354	0.558845	0.076509
172	0.728193	0.457808	0.270385
173	0.720805	0.564004	0.156801
174	0.819640	0.305451	0.514189
175	0.593225	0.496069	0.097156
176	0.661765	0.457567	0.204198
177	0.780420	0.353738	0.426682
178	0.491066	0.454030	0.037036
179	0.654821	0.477730	0.177091
180	0.681523	0.383797	0.297727
181	0.797142	0.535418	0.261724
182	0.650350	0.593590	0.056760
183	0.840252	0.405604	0.434648
184	0.663833	0.504981	0.158852
185	0.760605	0.429826	0.330779
186	0.782512	0.553536	0.228976
187	0.763699	0.482155	0.281544
188	0.605341	0.416164	0.189177
189	0.637778	0.433201	0.204577
190	0.765038	0.419226	0.345812
191	0.663350	0.468173	0.195177
192	0.778145	0.375952	0.402193
193	0.792265	0.478124	0.314141
194	0.784135	0.522052	0.262083
195	0.802308	0.386003	0.416305
196	0.807828	0.326813	0.481016
197	0.694139	0.551006	0.143133
198	0.763001	0.397851	0.365150
199	0.718993	0.555743	0.163249
200	0.522923	0.414161	0.108762
201	0.619835	0.618950	0.000885
202	0.741044	0.528966	0.212077
203	0.740550	0.381810	0.358740
204	0.827060	0.232243	0.594818
205	0.775864	0.577298	0.198566
206	0.708034	0.494037	0.213997
207	0.768518	0.391383	0.377135
208	0.814499	0.234457	0.580042
209	0.606908	0.463144	0.143764
210	0.769956	0.529805	0.240152
211	0.692531	0.618596	0.073935
212	0.710678	0.450298	0.260380
213	0.755315	0.467941	0.287374
214	0.626824	0.481568	0.145256
215	0.757083	0.432549	0.324534
216	0.669385	0.520622	0.148764
217	0.678923	0.381282	0.297641
218	0.628905	0.458745	0.170160
219	0.671450	0.404515	0.266935
220	0.641655	0.381844	0.259811
221	0.650839	0.556442	0.094397
222	0.673703	0.557319	0.116385
223	0.653913	0.348897	0.305016
224	0.660984	0.588643	0.072340
225	0.666787	0.464187	0.202601
226	0.572298	0.458916	0.113381
227	0.659182	0.511601	0.147581
228	0.724978	0.518704	0.206274
229	0.685869	0.379562	0.306306
230	0.617430	0.379656	0.237774
231	0.699083	0.594473	0.104609
232	0.656037	0.575546	0.080491
233	0.802684	0.506735	0.295950
234	0.709501	0.576169	0.133332
235	0.755464	0.451808	0.303657
236	0.632908	0.430283	0.202625
237	0.743669	0.530283	0.213386
238	0.712224	0.460967	0.251257
239	0.733147	0.682371	0.050776
240	0.789422	0.540843	0.248580
241	0.774569	0.237150	0.537419
242	0.764940	0.457359	0.307581
243	0.746944	0.373244	0.373700
244	0.750630	0.417921	0.332710
245	0.808029	0.441400	0.366629
246	0.835103	0.504924	0.330180
247	0.862003	0.463362	0.398641
248	0.762751	0.410811	0.351940
249	0.795699	0.359938	0.435761
250	0.837955	0.609236	0.228718
251	0.595265	0.465753	0.129512
252	0.622569	0.434117	0.188452
253	0.728162	0.513399	0.214763
254	0.557614	0.386134	0.171480
255	0.715134	0.377784	0.337350
256	0.538699	0.368154	0.170545
257	0.630065	0.514510	0.115555
258	0.434103	0.348425	0.085678
259	0.799527	0.447038	0.352489
260	0.615620	0.479911	0.135710
261	0.733574	0.352427	0.381147
262	0.777007	0.323634	0.453373
263	0.762238	0.405817	0.356421
264	0.531675	0.476301	0.055375
265	0.447997	0.417209	0.030788
266	0.663377	0.432625	0.230753
267	0.769884	0.377530	0.392354
268	0.689815	0.486897	0.202918
269	0.706002	0.448289	0.257713
270	0.806573	0.406813	0.399760
271	0.876037	0.627085	0.248952
272	0.805959	0.351311	0.454648
273	0.869483	0.274958	0.594525
274	0.667699	0.533607	0.134092
275	0.762664	0.433894	0.328770
276	0.654857	0.509879	0.144978
277	0.561615	0.310309	0.251306
278	0.651678	0.580935	0.070743
279	0.674820	0.599772	0.075048
280	0.747005	0.468833	0.278172
281	0.773107	0.388785	0.384322
282	0.799512	0.528332	0.271180
283	0.648466	0.526904	0.121562
284	0.685572	0.511300	0.174272
285	0.528151	0.477872	0.050279
286	0.621406	0.511743	0.109663
287	0.618831	0.471725	0.147106
288	0.675303	0.434990	0.240313
289	0.703857	0.675650	0.028208
290	0.507550	0.490280	0.017270
291	0.710817	0.390005	0.320812
292	0.641207	0.569915	0.071292
293	0.717012	0.516070	0.200942
294	0.681914	0.565440	0.116474
295	0.748061	0.231035	0.517027
296	0.723039	0.391193	0.331847
297	0.507859	0.366396	0.141463
298	0.743140	0.296809	0.446331
299	0.521274	0.382468	0.138806
300	0.483513	0.377858	0.105656
301	0.723644	0.455310	0.268333
302	0.806077	0.549301	0.256776
303	0.691514	0.605112	0.086402
304	0.754725	0.530606	0.224119
305	0.692166	0.643897	0.048269
306	0.695009	0.579975	0.115034
307	0.770942	0.395955	0.374988
308	0.712234	0.501198	0.211036
309	0.707538	0.394641	0.312897
310	0.705380	0.449727	0.255653
311	0.730783	0.534763	0.196019
312	0.714424	0.491014	0.223410
313	0.782460	0.621201	0.161258
314	0.752380	0.484939	0.267441
315	0.800409	0.524337	0.276073
316	0.535545	0.387926	0.147619
317	0.806826	0.272986	0.533840
318	0.679168	0.601519	0.077650
319	0.735583	0.517095	0.218488
320	0.854617	0.376555	0.478062
321	0.687702	0.484293	0.203409
322	0.812834	0.392012	0.420822
323	0.822644	0.461704	0.360941
324	0.663582	0.329746	0.333836
325	0.796842	0.292008	0.504834
326	0.655902	0.425951	0.229950
327	0.711068	0.486278	0.224790
328	0.560589	0.455595	0.104993
329	0.820068	0.546540	0.273528
330	0.833814	0.468457	0.365357
331	0.787536	0.435264	0.352272
332	0.837397	0.386015	0.451382
333	0.778082	0.540336	0.237747
334	0.789545	0.458513	0.331032
335	0.848917	0.543744	0.305173
336	0.830167	0.391418	0.438749
337	0.702960	0.558134	0.144827
338	0.794366	0.666465	0.127900
339	0.792524	0.335032	0.457492
340	0.801754	0.389331	0.412422
341	0.745347	0.448710	0.296637
342	0.650637	0.486619	0.164017
343	0.868811	0.395713	0.473098
344	0.799112	0.384021	0.415091
345	0.826803	0.475579	0.351224
346	0.657297	0.562220	0.095078
347	0.737821	0.459527	0.278293
348	0.697961	0.410662	0.287299
349	0.812667	0.456558	0.356109
350	0.608943	0.470476	0.138467
351	0.749685	0.423986	0.325698
352	0.798406	0.424270	0.374136
353	0.826599	0.560095	0.266504
354	0.756800	0.416267	0.340533
355	0.750744	0.244981	0.505762
356	0.453318	0.363628	0.089690
357	0.830242	0.533961	0.296281
358	0.581282	0.388545	0.192737
359	0.671725	0.486779	0.184946
360	0.804662	0.271744	0.532918
361	0.724912	0.338084	0.386828
362	0.739718	0.267052	0.472666
363	0.793605	0.488606	0.304999
364	0.718215	0.415666	0.302549
365	0.736455	0.371982	0.364473
366	0.639643	0.352324	0.287319
367	0.746502	0.479759	0.266743
368	0.741685	0.565822	0.175863
369	0.751273	0.367517	0.383756
370	0.647475	0.542390	0.105086
371	0.687596	0.510708	0.176888
372	0.540219	0.437170	0.103050
373	0.755883	0.548632	0.207252
374	0.809744	0.423435	0.386309
375	0.503755	0.455982	0.047773
376	0.605687	0.510465	0.095222
377	0.694606	0.454615	0.239992
378	0.731116	0.445333	0.285783
379	0.857795	0.404943	0.452851
380	0.753205	0.400170	0.353035
381	0.713335	0.455613	0.257722
382	0.593241	0.391961	0.201281
383	0.583349	0.420621	0.162728
384	0.779860	0.431946	0.347914
385	0.693695	0.468839	0.224856
386	0.691968	0.476724	0.215244
387	0.577222	0.442144	0.135079
388	0.430096	0.399755	0.030341
389	0.670606	0.459307	0.211300
390	0.701441	0.345991	0.355450
391	0.738639	0.369566	0.369073
392	0.618247	0.405512	0.212734
393	0.744667	0.457282	0.287385
394	0.799287	0.402759	0.396527
395	0.754331	0.508982	0.245349
396	0.668136	0.650868	0.017268
397	0.676491	0.598299	0.078192
398	0.800943	0.660829	0.140114
399	0.756226	0.465257	0.290970
400	0.686303	0.483663	0.202640
401	0.626989	0.543448	0.083541
402	0.752641	0.484239	0.268402
403	0.535588	0.488662	0.046926
404	0.618028	0.516838	0.101190
405	0.568953	0.332633	0.236320
406	0.739571	0.554685	0.184885
407	0.698350	0.483414	0.214935
408	0.725367	0.571633	0.153734
409	0.601390	0.485375	0.116015
410	0.746835	0.384447	0.362388
411	0.647246	0.363618	0.283628
412	0.650117	0.362166	0.287951
413	0.742646	0.419462	0.323184
414	0.800981	0.405996	0.394985
415	0.644711	0.504516	0.140196
416	0.600349	0.373067	0.227281
417	0.683369	0.426730	0.256639
418	0.721515	0.532228	0.189287
419	0.742301	0.504776	0.237525
420	0.673379	0.499869	0.173510
421	0.671328	0.583388	0.087940
422	0.682291	0.510306	0.171985
423	0.787012	0.470067	0.316945
424	0.690961	0.513684	0.177277
425	0.774079	0.394645	0.379434
426	0.721849	0.342072	0.379777
427	0.714496	0.541584	0.172912
428	0.755714	0.563561	0.192152
429	0.777214	0.349095	0.428118
430	0.764311	0.566691	0.197620
431	0.736193	0.459882	0.276311
432	0.637529	0.527603	0.109926
433	0.699817	0.522172	0.177645
434	0.781419	0.545157	0.236262
435	0.705857	0.345021	0.360837
436	0.706481	0.283064	0.423417
437	0.715252	0.409901	0.305351
438	0.568378	0.444795	0.123583
439	0.785477	0.477745	0.307732
440	0.730622	0.452439	0.278183
441	0.712226	0.430020	0.282206
442	0.737974	0.634711	0.103263
443	0.700394	0.371773	0.328621
444	0.621106	0.353214	0.267892
445	0.691439	0.469706	0.221734
446	0.679435	0.456485	0.222950
447	0.668175	0.477796	0.190378
448	0.700846	0.489162	0.211684
449	0.694414	0.377045	0.317370
450	0.722439	0.452331	0.270108
451	0.764528	0.593592	0.170936
452	0.713195	0.586198	0.126997
453	0.641793	0.509045	0.132748
454	0.722437	0.570821	0.151616
455	0.481154	0.483618	-0.002464
456	0.627193	0.569904	0.057289
457	0.707893	0.456468	0.251425
458	0.774688	0.417282	0.357406
459	0.684058	0.570722	0.113336
460	0.734969	0.532577	0.202393
461	0.809547	0.598386	0.211161
462	0.825020	0.298959	0.526061
463	0.706240	0.497773	0.208467
464	0.787764	0.308787	0.478977
465	0.729820	0.332212	0.397609
466	0.732243	0.536525	0.195719
467	0.653793	0.602534	0.051259
468	0.744424	0.420895	0.323528
469	0.716559	0.329812	0.386747
470	0.579416	0.366781	0.212634
471	0.695582	0.326646	0.368936
472	0.749268	0.589846	0.159422
473	0.812058	0.785544	0.026514
474	0.713014	0.473944	0.239069
475	0.639254	0.432567	0.206687
476	0.629409	0.500719	0.128690
477	0.766900	0.363022	0.403878
478	0.686152	0.531255	0.154897
479	0.712582	0.511533	0.201049
480	0.757112	0.428145	0.328967
481	0.695667	0.639310	0.056357
482	0.661444	0.422415	0.239029
483	0.645430	0.440189	0.205241
484	0.706728	0.609372	0.097356
485	0.817780	0.688059	0.129720
486	0.613071	0.365078	0.247993
487	0.768179	0.305655	0.462524
488	0.785410	0.376575	0.408835
489	0.768469	0.385090	0.383379
490	0.717013	0.514962	0.202050
491	0.728806	0.508732	0.220074
492	0.739246	0.529213	0.210033
493	0.529419	0.442695	0.086724
494	0.689831	0.532005	0.157827
495	0.740462	0.507731	0.232731
496	0.792439	0.568324	0.224114
497	0.723482	0.702222	0.021260
498	0.652264	0.613935	0.038329
