Sites significant using both null distributions:

Sites significant using either null distribution:
2, 5, 6, 7, 8, 11, 13, 14, 19, 20, 23, 25, 26, 27, 28, 29, 30, 32, 34, 35, 37, 38, 39, 40, 42, 43, 44, 45, 46, 48, 50, 51, 54, 56, 57, 58, 59, 60, 62, 63, 64, 65, 66, 67, 69, 70, 71, 72, 73, 74, 75, 76, 77, 78, 80, 81, 82, 83, 84, 85, 87, 88, 91, 92, 93, 94, 95, 97, 98, 99, 104, 106, 107, 108, 109, 110, 111, 112, 113, 115, 116, 117, 118, 119, 120, 121, 122, 124, 129, 130, 131, 132, 134, 135, 137, 139, 140, 141, 143, 145, 146, 147, 148, 149, 150, 151, 152, 153, 154, 155, 156, 158, 159, 160, 161, 163, 164, 165, 166, 167, 168, 170, 172, 173, 174, 176, 177, 179, 180, 181, 183, 184, 185, 186, 187, 188, 189, 190, 191, 192, 193, 194, 195, 196, 198, 199, 202, 203, 204, 205, 206, 207, 208, 210, 212, 213, 215, 217, 218, 219, 220, 223, 225, 228, 229, 230, 233, 235, 236, 237, 238, 240, 241, 242, 243, 244, 245, 246, 247, 248, 249, 250, 252, 253, 254, 255, 256, 259, 261, 262, 263, 266, 267, 268, 269, 270, 271, 272, 273, 275, 277, 280, 281, 282, 284, 288, 291, 293, 295, 296, 298, 301, 302, 304, 307, 308, 309, 310, 311, 312, 313, 314, 315, 317, 319, 320, 321, 322, 323, 324, 325, 326, 327, 329, 330, 331, 332, 333, 334, 335, 336, 339, 340, 341, 342, 343, 344, 345, 347, 348, 349, 351, 352, 353, 354, 355, 357, 358, 359, 360, 361, 362, 363, 364, 365, 366, 367, 368, 369, 371, 373, 374, 377, 378, 379, 380, 381, 382, 383, 384, 385, 386, 389, 390, 391, 392, 393, 394, 395, 399, 400, 402, 405, 406, 407, 408, 410, 411, 412, 413, 414, 416, 417, 418, 419, 420, 422, 423, 424, 425, 426, 427, 428, 429, 430, 431, 433, 434, 435, 436, 437, 439, 440, 441, 443, 444, 445, 446, 447, 448, 449, 450, 451, 457, 458, 460, 461, 462, 463, 464, 465, 466, 468, 469, 470, 471, 472, 474, 475, 477, 478, 479, 480, 482, 483, 486, 487, 488, 489, 490, 491, 492, 494, 495, 496, 
Sites significant only under simulation null (and not under randomization):
2, 5, 6, 7, 8, 11, 13, 14, 19, 20, 23, 25, 26, 27, 28, 29, 30, 32, 34, 35, 37, 38, 39, 40, 42, 43, 44, 45, 46, 48, 50, 51, 54, 56, 57, 58, 59, 60, 62, 63, 64, 65, 66, 67, 69, 70, 71, 72, 73, 74, 75, 76, 77, 78, 80, 81, 82, 83, 84, 85, 87, 88, 91, 92, 93, 94, 95, 97, 98, 99, 104, 106, 107, 108, 109, 110, 111, 112, 113, 115, 116, 117, 118, 119, 120, 121, 122, 124, 129, 130, 131, 132, 134, 135, 137, 139, 140, 141, 143, 145, 146, 147, 148, 149, 150, 151, 152, 153, 154, 155, 156, 158, 159, 160, 161, 163, 164, 165, 166, 167, 168, 170, 172, 173, 174, 176, 177, 179, 180, 181, 183, 184, 185, 186, 187, 188, 189, 190, 191, 192, 193, 194, 195, 196, 198, 199, 202, 203, 204, 205, 206, 207, 208, 210, 212, 213, 215, 217, 218, 219, 220, 223, 225, 228, 229, 230, 233, 235, 236, 237, 238, 240, 241, 242, 243, 244, 245, 246, 247, 248, 249, 250, 252, 253, 254, 255, 256, 259, 261, 262, 263, 266, 267, 268, 269, 270, 271, 272, 273, 275, 277, 280, 281, 282, 284, 288, 291, 293, 295, 296, 298, 301, 302, 304, 307, 308, 309, 310, 311, 312, 313, 314, 315, 317, 319, 320, 321, 322, 323, 324, 325, 326, 327, 329, 330, 331, 332, 333, 334, 335, 336, 339, 340, 341, 342, 343, 344, 345, 347, 348, 349, 351, 352, 353, 354, 355, 357, 358, 359, 360, 361, 362, 363, 364, 365, 366, 367, 368, 369, 371, 373, 374, 377, 378, 379, 380, 381, 382, 383, 384, 385, 386, 389, 390, 391, 392, 393, 394, 395, 399, 400, 402, 405, 406, 407, 408, 410, 411, 412, 413, 414, 416, 417, 418, 419, 420, 422, 423, 424, 425, 426, 427, 428, 429, 430, 431, 433, 434, 435, 436, 437, 439, 440, 441, 443, 444, 445, 446, 447, 448, 449, 450, 451, 457, 458, 460, 461, 462, 463, 464, 465, 466, 468, 469, 470, 471, 472, 474, 475, 477, 478, 479, 480, 482, 483, 486, 487, 488, 489, 490, 491, 492, 494, 495, 496, 
Sites significant only under randomization null (and not under simulation):



All sites significant under simulation null:
2, 5, 6, 7, 8, 11, 13, 14, 19, 20, 23, 25, 26, 27, 28, 29, 30, 32, 34, 35, 37, 38, 39, 40, 42, 43, 44, 45, 46, 48, 50, 51, 54, 56, 57, 58, 59, 60, 62, 63, 64, 65, 66, 67, 69, 70, 71, 72, 73, 74, 75, 76, 77, 78, 80, 81, 82, 83, 84, 85, 87, 88, 91, 92, 93, 94, 95, 97, 98, 99, 104, 106, 107, 108, 109, 110, 111, 112, 113, 115, 116, 117, 118, 119, 120, 121, 122, 124, 129, 130, 131, 132, 134, 135, 137, 139, 140, 141, 143, 145, 146, 147, 148, 149, 150, 151, 152, 153, 154, 155, 156, 158, 159, 160, 161, 163, 164, 165, 166, 167, 168, 170, 172, 173, 174, 176, 177, 179, 180, 181, 183, 184, 185, 186, 187, 188, 189, 190, 191, 192, 193, 194, 195, 196, 198, 199, 202, 203, 204, 205, 206, 207, 208, 210, 212, 213, 215, 217, 218, 219, 220, 223, 225, 228, 229, 230, 233, 235, 236, 237, 238, 240, 241, 242, 243, 244, 245, 246, 247, 248, 249, 250, 252, 253, 254, 255, 256, 259, 261, 262, 263, 266, 267, 268, 269, 270, 271, 272, 273, 275, 277, 280, 281, 282, 284, 288, 291, 293, 295, 296, 298, 301, 302, 304, 307, 308, 309, 310, 311, 312, 313, 314, 315, 317, 319, 320, 321, 322, 323, 324, 325, 326, 327, 329, 330, 331, 332, 333, 334, 335, 336, 339, 340, 341, 342, 343, 344, 345, 347, 348, 349, 351, 352, 353, 354, 355, 357, 358, 359, 360, 361, 362, 363, 364, 365, 366, 367, 368, 369, 371, 373, 374, 377, 378, 379, 380, 381, 382, 383, 384, 385, 386, 389, 390, 391, 392, 393, 394, 395, 399, 400, 402, 405, 406, 407, 408, 410, 411, 412, 413, 414, 416, 417, 418, 419, 420, 422, 423, 424, 425, 426, 427, 428, 429, 430, 431, 433, 434, 435, 436, 437, 439, 440, 441, 443, 444, 445, 446, 447, 448, 449, 450, 451, 457, 458, 460, 461, 462, 463, 464, 465, 466, 468, 469, 470, 471, 472, 474, 475, 477, 478, 479, 480, 482, 483, 486, 487, 488, 489, 490, 491, 492, 494, 495, 496, 


All sites significant under randomization null:



Variable sites with significant RMSD_corrected:
34, 98, 109, 146, 194, 217, 236, 253, 293, 334, 348, 353, 373, 408, 411, 422, 423, 430, 450, 470, 


Variable sites with non-significant RMSD_corrected:
101, 102, 257, 305, 372, 442, 452, 455, 456, 473, 


Significant RMSD sites that are conserved between strains:
2, 5, 6, 7, 8, 11, 13, 14, 19, 20, 23, 25, 26, 27, 28, 29, 30, 32, 35, 37, 38, 39, 40, 42, 43, 44, 45, 46, 48, 50, 51, 54, 56, 57, 58, 59, 60, 62, 63, 64, 65, 66, 67, 69, 70, 71, 72, 73, 74, 75, 76, 77, 78, 80, 81, 82, 83, 84, 85, 87, 88, 91, 92, 93, 94, 95, 97, 99, 104, 106, 107, 108, 110, 111, 112, 113, 115, 116, 117, 118, 119, 120, 121, 122, 124, 129, 130, 131, 132, 134, 135, 137, 139, 140, 141, 143, 145, 147, 148, 149, 150, 151, 152, 153, 154, 155, 156, 158, 159, 160, 161, 163, 164, 165, 166, 167, 168, 170, 172, 173, 174, 176, 177, 179, 180, 181, 183, 184, 185, 186, 187, 188, 189, 190, 191, 192, 193, 195, 196, 198, 199, 202, 203, 204, 205, 206, 207, 208, 210, 212, 213, 215, 218, 219, 220, 223, 225, 228, 229, 230, 233, 235, 237, 238, 240, 241, 242, 243, 244, 245, 246, 247, 248, 249, 250, 252, 254, 255, 256, 259, 261, 262, 263, 266, 267, 268, 269, 270, 271, 272, 273, 275, 277, 280, 281, 282, 284, 288, 291, 295, 296, 298, 301, 302, 304, 307, 308, 309, 310, 311, 312, 313, 314, 315, 317, 319, 320, 321, 322, 323, 324, 325, 326, 327, 329, 330, 331, 332, 333, 335, 336, 339, 340, 341, 342, 343, 344, 345, 347, 349, 351, 352, 354, 355, 357, 358, 359, 360, 361, 362, 363, 364, 365, 366, 367, 368, 369, 371, 374, 377, 378, 379, 380, 381, 382, 383, 384, 385, 386, 389, 390, 391, 392, 393, 394, 395, 399, 400, 402, 405, 406, 407, 410, 412, 413, 414, 416, 417, 418, 419, 420, 424, 425, 426, 427, 428, 429, 431, 433, 434, 435, 436, 437, 439, 440, 441, 443, 444, 445, 446, 447, 448, 449, 451, 457, 458, 460, 461, 462, 463, 464, 465, 466, 468, 469, 471, 472, 474, 475, 477, 478, 479, 480, 482, 483, 486, 487, 488, 489, 490, 491, 492, 494, 495, 496, 
