#SITE	SITE_LOG_LIKELIHOOD
1	-0.680207
2	-3.67725
3	-7.58519
4	-7.60357
5	-3.88962
6	-3.59665
7	-2.06244
8	-3.83583
9	-4.14497
10	-4.16977
11	-13.2443
12	-9.48558
13	-0.0957283
14	-5.16179
15	-3.82282
16	-27.1807
17	-6.47188
18	-17.9097
19	-4.11995
20	-2.78217
21	-8.28257
22	-28.08
23	-6.76154
24	-14.6743
25	-7.02396
26	-9.47029
27	-13.0208
28	-3.80861
29	-6.73944
30	-16.3637
31	-19.2843
32	-0.0207666
33	-27.5605
34	-18.1321
35	-10.3559
36	-17.2686
37	-17.3208
38	-15.1059
39	-16.5392
40	-5.31089
41	-6.45007
42	-5.50899
43	-0.122754
44	-10.6264
45	-10.9001
46	-2.08024
47	-6.87562
48	-7.50733
49	-7.25498
50	-30.7965
51	-11.7847
52	-17.3399
53	-8.27717
54	-11.8679
55	-24.5332
56	-9.6181
57	-19.7577
58	-12.8537
59	-4.23301
60	-7.97598
61	-4.59713
62	-3.44956
63	-6.63375
64	-11.3833
65	-5.3934
66	-0.228986
67	-9.66037
68	-11.0334
69	-17.3528
70	-6.51424
71	-6.02011
72	-7.70293
73	-9.76642
74	-8.13699
75	-6.35574
76	-11.326
77	-17.5341
78	-4.85999
79	-9.27969
80	-7.44556
81	-9.41951
82	-14.3161
83	-3.91649
84	-11.9478
85	-35.0955
86	-5.52854
87	-12.6347
88	-16.7257
89	-28.8409
90	-5.62347
91	-15.5008
92	-13.5138
93	-12.0641
94	-7.07597
95	-3.43805
96	-16.0965
97	-12.2864
98	-27.8234
99	-12.808
100	-19.1008
101	-17.6349
102	-28.3002
103	-7.34534
104	-0.0706319
105	-28.5335
106	-13.0225
107	-12.3553
108	-18.0799
109	-16.4113
110	-16.2422
111	-8.19442
112	-16.7322
113	-8.8909
114	-10.8893
115	-16.0398
116	-3.62851
117	-15.6424
118	-18.1809
119	-15.7413
120	-0.00982507
121	-9.91551
122	-3.12548
123	-21.9984
124	-13.6803
125	-9.80212
126	-7.67463
127	-19.6926
128	-12.9776
129	-8.82021
130	-15.6994
131	-9.17652
132	-3.17789
133	-12.7956
134	-17.9173
135	-13.7998
136	-21.9924
137	-0.107953
138	-18.5082
139	-0.0257664
140	-5.40365
141	-6.04966
142	-18.9578
143	-25.8115
144	-8.68567
145	-5.159
146	-7.76341
147	-14.2848
148	-12.2431
149	-5.79013
150	-9.50754
151	-5.31481
152	-11.163
153	-25.2356
154	-12.9049
155	-9.54062
156	-20.6997
157	-11.1469
158	-14.9771
159	-0.562246
160	-8.36413
161	-11.3247
162	-18.7918
163	-2.3445
164	-11.496
165	-9.97157
166	-18.3798
167	-0.0648523
168	-3.43395
169	-19.5193
170	-7.34843
171	-3.24871
172	-9.38759
173	-13.7344
174	-11.1465
175	-15.6992
176	-19.1822
177	-11.6999
178	-6.91403
179	-5.28382
180	-12.4217
181	-7.20196
182	-6.21904
183	-18.7257
184	-11.1244
185	-17.5196
186	-22.015
187	-12.3946
188	-16.3847
189	-0.843534
190	-23.2009
191	-1.36609
192	-14.1747
193	-37.7487
194	-18.5719
195	-7.01881
196	-0.175091
197	-9.95719
198	-21.3739
199	-20.023
200	-13.8092
201	-21.797
202	-8.35767
203	-16.4544
204	-5.85472
205	-18.5129
206	-2.70676
207	-0.0311626
208	-3.1982
209	-16.8939
210	-2.11519
211	-12.0156
212	-16.2331
213	-16.3757
214	-32.724
215	-10.0519
216	-22.9408
217	-11.0554
218	-25.6398
219	-7.31241
220	-10.2428
221	-9.89161
222	-0.826535
223	-4.32037
224	-6.91215
225	-10.7201
226	-13.2936
227	-12.7014
228	-7.99537
229	-5.46862
230	-11.3642
231	-9.84764
232	-3.75387
233	-6.64217
234	-11.0139
235	-2.08074
236	-20.4702
237	-3.21761
238	-0.391538
239	-3.20199
240	-10.1518
241	-22.2118
242	-9.16141
243	-28.5549
244	-11.4276
245	-4.33702
246	-18.2099
247	-10.3627
248	-6.50901
249	-11.3216
250	-2.64566
251	-7.64725
252	-5.08726
253	-4.16331
254	-5.05174
255	-11.0856
256	-15.4738
257	-21.155
258	-15.7888
259	-28.1967
260	-6.10966
261	-26.9705
262	-3.55192
263	-8.0476
264	-4.13834
265	-15.326
266	-10.8511
267	-11.8638
268	-12.8917
269	-3.65827
270	-7.01759
271	-15.1973
272	-14.037
273	-6.22819
274	-7.06203
275	-9.23948
276	-26.1456
277	-11.22
278	-6.50394
279	-8.40832
280	-30.5205
281	-16.0679
282	-6.50068
283	-18.7063
284	-17.6946
285	-21.4269
286	-7.37043
287	-12.7527
288	-3.32876
289	-22.6077
290	-5.44433
291	-5.60252
292	-17.7244
293	-14.5786
294	-29.6387
295	-21.6529
296	-11.8191
297	-10.1913
298	-20.7108
299	-18.2057
300	-12.9635
301	-17.9461
302	-14.7945
303	-3.30489
304	-2.92484
305	-6.71778
306	-13.7606
307	-11.0882
308	-10.4631
309	-8.56477
310	-15.8226
311	-21.7111
312	-23.7434
313	-19.7602
314	-15.1549
315	-13.0869
316	-9.17462
317	-8.34086
318	-8.00148
319	-14.3291
320	-7.65781
321	-8.39679
322	-11.9425
323	-3.57947
324	-11.9961
325	-7.65239
326	-15.3603
327	-13.784
328	-24.9204
329	-12.1747
330	-0.0956418
331	-6.26505
332	-8.65398
333	-13.5093
334	-17.6622
335	-15.8873
336	-7.40436
337	-6.97846
338	-5.45529
339	-11.6165
340	-4.77655
341	-11.9308
342	-14.1301
343	-20.0724
344	-26.0167
345	-14.0601
346	-9.33063
347	-3.56161
348	-18.1234
349	-26.2411
350	-11.3336
351	-25.4339
352	-13.6264
353	-24.8261
354	-10.1776
355	-8.58848
356	-14.0053
357	-25.3673
358	-26.6974
359	-5.51749
360	-8.78281
361	-3.19615
362	-5.27973
363	-7.60134
364	-8.7006
365	-10.038
366	-21.2652
367	-3.73414
368	-3.75335
369	-11.3842
370	-6.09508
371	-9.90801
372	-14.5049
373	-8.93111
374	-1.01049
375	-11.5409
376	-11.2206
377	-27.6051
378	-11.7881
379	-16.5967
380	-4.39344
381	-20.7136
382	-26.8959
383	-7.27397
384	-12.383
385	-11.5605
386	-0.104318
387	-6.28681
388	-1.44742
389	-12.6199
390	-9.24637
391	-15.3264
392	-17.0718
393	-8.29302
394	-5.54602
395	-7.86073
396	-15.1145
397	-18.2126
398	-30.5788
399	-11.6788
400	-21.9153
401	-10.2713
402	-11.238
403	-17.0675
404	-21.1955
405	-11.7774
406	-12.4246
407	-14.7172
408	-18.6981
409	-12.4101
410	-14.4484
411	-12.3973
412	-2.76982
413	-28.8628
414	-14.2979
415	-10.9912
416	-12.5452
417	-20.1495
418	-19.4462
419	-26.6662
420	-12.2903
421	-19.648
422	-6.32915
423	-21.6442
424	-4.32947
425	-25.4567
426	-1.76875
427	-20.8834
428	-9.62595
429	-10.7662
430	-18.7609
431	-14.411
432	-8.14072
433	-17.1895
434	-17.5624
435	-5.1484
436	-5.88706
437	-16.2013
438	-13.2063
439	-4.28356
440	-0.912047
441	-21.9549
442	-5.20616
443	-7.34029
444	-3.67833
445	-1.95197
446	-12.3846
447	-3.20699
448	-0.635425
449	-9.89264
450	-12.7354
451	-9.47163
452	-20.637
453	-20.3188
454	-6.75529
455	-7.82251
456	-8.9122
457	-12.1866
458	-2.7184
459	-7.15485
460	-7.68711
461	-4.3143
462	-8.48923
463	-6.82933
464	-2.68243
465	-2.68874
466	-7.57239
467	-7.23728
468	-2.69039
469	-2.12798
470	-5.4745
471	-9.96476
472	-7.96599
473	-8.83292
474	-3.69787
475	-3.39783
476	-4.08596
477	-3.12582
478	-4.16585
479	-2.86929
480	-3.97364
481	-0.602057
482	-34.5408
483	-21.6512
484	-14.6129
485	-10.8304
486	-3.54067
487	-2.06741
488	-2.68291
489	-6.88779
490	-3.13079
491	-2.70923
492	-7.56421
493	-3.18981
494	-2.8381
495	-11.5214
496	-2.53099
497	-11.6367
498	-7.22614
