SITE	RMSD_probability
2	0.39365079
3	0.36525822
4	0.52935390
5	0.08008048
6	0.01927118
7	0.06286609
8	0.15153141
9	0.43000224
10	0.05924436
11	0.71209479
12	0.65302929
13	0.05915493
14	0.30257098
15	0.18971607
16	0.32135032
17	0.24355019
18	0.15761234
19	0.06393919
20	0.01126761
21	0.05522021
22	0.02280349
23	0.11164766
24	0.21658842
25	0.01193830
26	0.27234518
27	0.05651688
28	0.01426336
29	0.07596691
30	0.78658618
31	0.12774424
32	0.02351889
33	0.13503242
34	0.31871227
35	0.12546389
36	0.09868097
37	0.04730606
38	0.37567628
39	0.03760340
40	0.12752068
41	0.04082271
42	0.36074223
43	0.79016320
44	0.08218198
45	0.02374245
46	0.12671585
47	0.24851330
48	0.49443327
49	0.01797451
50	0.20268276
51	0.07748715
52	0.62736419
53	0.07104851
54	0.08951487
55	0.13847530
56	0.05687458
57	0.37536329
58	0.07632461
59	0.07319472
60	0.30274983
61	0.22508384
62	0.01122289
63	0.59374022
64	0.12506148
65	0.14308071
66	0.34366197
67	0.84279007
68	0.57978985
69	0.34585290
70	0.09443327
71	0.06680080
72	0.06510172
73	0.05772412
74	0.21542589
75	0.12175274
76	0.30807065
77	0.25571205
78	0.16905880
79	0.35336463
80	0.34871451
81	0.07323944
82	0.29183993
83	0.00827185
84	0.06939414
85	0.18341158
86	0.02718533
87	0.23666443
88	0.00961323
89	0.01998659
90	0.09979879
91	0.01359267
92	0.12425665
93	0.41050749
94	0.24802146
95	0.21515761
96	0.04936284
97	0.11549296
98	0.45799240
99	0.32743125
100	0.05848424
101	0.58032640
102	0.45016767
103	0.14549519
104	0.01654371
105	0.21913704
106	0.16123407
107	0.82114912
108	0.45244802
109	0.24681422
110	0.58560250
111	0.08821820
112	0.13176839
113	0.13945898
114	0.10198972
115	0.24963112
116	0.20049184
117	0.36664431
118	0.23013637
119	0.02857143
120	0.39441091
121	0.15922200
122	0.20974737
123	0.30373351
124	0.18779343
125	0.36346971
126	0.12014308
127	0.61162531
128	0.09581936
129	0.48683210
130	0.52792309
131	0.11665549
132	0.04019674
133	0.19584172
134	0.32072435
135	0.14527163
136	0.24480215
137	0.22991281
138	0.16159177
139	0.17174156
140	0.52743125
141	0.05472837
142	0.35215739
143	0.25074894
144	0.17974514
145	0.12398837
146	0.08289738
147	0.25781355
148	0.35032417
149	0.15698636
150	0.23635144
151	0.03170132
152	0.29756316
153	0.15998211
154	0.54969819
155	0.21623072
156	0.17406662
157	0.12278113
158	0.55331992
159	0.73310977
160	0.52497205
161	0.09537223
162	0.12059021
163	0.27677174
164	0.81980774
165	0.26447574
166	0.40357702
167	0.20554438
168	0.37406662
169	0.29680304
170	0.31571652
171	0.44694836
172	0.42074670
173	0.50337581
174	0.20527610
175	0.00254863
176	0.11915940
177	0.09809971
178	0.19785379
179	0.25258216
180	0.25741113
181	0.23702213
182	0.37031075
183	0.76919294
184	0.07744243
185	0.09604292
186	0.32197630
187	0.03295328
188	0.23022580
189	0.02642522
190	0.62781131
191	0.47797899
192	0.35260452
193	0.13686564
194	0.15881958
195	0.19941873
196	0.05745585
197	0.20375587
198	0.26206126
199	0.20451598
200	0.17102616
201	0.22664878
202	0.00916611
203	0.28347865
204	0.54044266
205	0.25083836
206	0.47887324
207	0.08338922
208	0.27864968
209	0.64395260
210	0.68906774
211	0.21126761
212	0.10266041
213	0.68821820
214	0.06089873
215	0.02468142
216	0.30480662
217	0.22530740
218	0.67851554
219	0.76279902
220	0.18198077
221	0.01073105
222	0.05217975
223	0.05249273
224	0.07990163
225	0.68754751
226	0.75689694
227	0.35756763
228	0.09371786
229	0.06648782
230	0.03018109
231	0.03630673
232	0.73668679
233	0.05293986
234	0.05852895
235	0.19061033
236	0.37276995
237	0.85356584
238	0.10333110
239	0.03259557
240	0.32246814
241	0.16834339
242	0.02548625
243	0.14844623
244	0.69219763
245	0.05902079
246	0.11732618
247	0.13163425
248	0.60429242
249	0.13033758
250	0.69707132
251	0.10525374
252	0.11173709
253	0.07954393
254	0.05437067
255	0.10440420
256	0.11656606
257	0.46130114
258	0.18944780
259	0.11361502
260	0.22240107
261	0.26291080
262	0.08616141
263	0.50534317
264	0.46478873
265	0.41699083
266	0.48799463
267	0.15899844
268	0.19722781
269	0.10887548
270	0.21225129
271	0.06130114
272	0.03496535
273	0.04851330
274	0.00867427
275	0.19919517
276	0.01421865
277	0.10869662
278	0.21305611
279	0.12738654
280	0.04498100
281	0.08593785
282	0.79660183
283	0.03907892
284	0.22897384
285	0.01198301
286	0.06957299
287	0.00549966
288	0.02700648
289	0.03317684
290	0.11218422
291	0.13328862
292	0.02007601
293	0.43635144
294	0.33114241
295	0.12407780
296	0.24314778
297	0.13373575
298	0.35019003
299	0.17353007
300	0.39695953
301	0.29188464
302	0.25665102
303	0.45007825
304	0.39861391
305	0.17639168
306	0.34142634
307	0.06219539
308	0.01614129
309	0.07565392
310	0.53449586
311	0.20210150
312	0.93302034
313	0.17290409
314	0.01846635
315	0.66514643
316	0.27954393
317	0.33454058
318	0.07332886
319	0.30087190
320	0.28410463
321	0.10185558
322	0.75855131
323	0.19311424
324	0.09233177
325	0.12135032
326	0.06550414
327	0.21953946
328	0.08960429
329	0.13583725
330	0.26022803
331	0.39624413
332	0.21904762
333	0.08133244
334	0.69863626
335	0.67958864
336	0.08414934
337	0.17737536
338	0.08066175
339	0.91084283
340	0.14012967
341	0.17053432
342	0.53252850
343	0.50744467
344	0.40813772
345	0.20125196
346	0.30587972
347	0.25870780
348	0.73816231
349	0.63755869
350	0.03362397
351	0.58609434
352	0.27377599
353	0.22709591
354	0.25915493
355	0.26420747
356	0.44699307
357	0.04985468
358	0.17701766
359	0.03277442
360	0.67189805
361	0.21457635
362	0.32166331
363	0.49590879
364	0.00263805
365	0.85495193
366	0.41699083
367	0.22740890
368	0.55166555
369	0.43286385
370	0.07328415
371	0.05204561
372	0.43134362
373	0.12707355
374	0.02749832
375	0.01520233
376	0.12676056
377	0.06689023
378	0.47453611
379	0.10109546
380	0.03966018
381	0.05513078
382	0.37764364
383	0.06881288
384	0.44314778
385	0.04596468
386	0.28736866
387	0.35247038
388	0.81158059
389	0.17759893
390	0.10650570
391	0.64779790
392	0.44641180
393	0.35466130
394	0.60214621
395	0.25879723
396	0.13056114
397	0.78032640
398	0.03992846
399	0.47198748
400	0.31880170
401	0.36293315
402	0.22624637
403	0.01551531
404	0.23049408
405	0.65338699
406	0.37706237
407	0.32586631
408	0.10771294
409	0.25763470
410	0.05115135
411	0.31857814
412	0.13534541
413	0.50699754
414	0.30570087
415	0.35117371
416	0.32993517
417	0.14840152
418	0.48589314
419	0.20080483
420	0.63170132
421	0.69255533
422	0.71687905
423	0.41761681
424	0.05141963
425	0.13369104
426	0.74388554
427	0.64341605
428	0.60670691
429	0.34500335
430	0.06389448
431	0.87556450
432	0.30950145
433	0.05995976
434	0.27391013
435	0.55685222
436	0.38063939
437	0.24699307
438	0.03608317
439	0.00026828
440	0.94737313
441	0.10274983
442	0.29461212
443	0.11898055
444	0.52555332
445	0.12689470
446	0.62503912
447	0.71433043
448	0.20755645
449	0.02655936
450	0.54589761
451	0.11513526
452	0.15779119
453	0.36928236
454	0.70525374
455	0.60406886
456	0.37670467
457	0.10936732
458	0.03250615
459	0.31522468
460	0.25589090
461	0.21578359
462	0.03138833
463	0.05235860
464	0.71974067
465	0.03165661
466	0.56033982
467	0.50605857
468	0.04913928
469	0.04301364
470	0.44744020
471	0.09076682
472	0.02105969
473	0.10038006
474	0.09219763
475	0.00947910
476	0.16007154
477	0.31772859
478	0.36431925
479	0.21202772
480	0.09626649
481	0.36020568
482	0.18291974
483	0.01068634
484	0.06407333
485	0.26416275
486	0.12385424
487	0.33293092
488	0.29689247
489	0.26559356
490	0.08656383
491	0.23849765
492	0.61936061
493	0.00791415
494	0.33418288
495	0.02687235
496	0.35667337
497	0.06613011
498	0.39204114
