SITE	RMSD_probability
2	0.561635815
3	0.528806841
4	0.700004024
5	0.096772636
6	0.006201207
7	0.067078471
8	0.220997988
9	0.602160966
10	0.060323944
11	0.850323944
12	0.807104628
13	0.060273642
14	0.449205231
15	0.283404427
16	0.472901408
17	0.366772636
18	0.230042254
19	0.068589537
20	0.001374245
21	0.053645875
22	0.008953722
23	0.152378270
24	0.327167002
25	0.001629779
26	0.407953722
27	0.056094567
28	0.002629779
29	0.089114688
30	0.902513078
31	0.179557344
32	0.009438632
33	0.193456740
34	0.469247485
35	0.175255533
36	0.130436620
37	0.040054326
38	0.540378270
39	0.025704225
40	0.179092555
41	0.029543260
42	0.522776660
43	0.904798793
44	0.100295775
45	0.009577465
46	0.177360161
47	0.374179074
48	0.666655936
49	0.005420523
50	0.304909457
51	0.091605634
52	0.785158954
53	0.080686117
54	0.115118712
55	0.199575453
56	0.056700201
57	0.540201207
58	0.090024145
59	0.084762575
60	0.449575453
61	0.338301811
62	0.001329980
63	0.757812877
64	0.174847082
65	0.207979879
66	0.501430584
67	0.939742455
68	0.746223340
69	0.503637827
70	0.122895372
71	0.073428571
72	0.070885312
73	0.058444668
74	0.325583501
75	0.170776660
76	0.456458753
77	0.384784708
78	0.248849095
79	0.512949698
80	0.507104628
81	0.084818913
82	0.434637827
83	0.000547284
84	0.077486922
85	0.272384306
86	0.012931590
87	0.356539235
88	0.000931590
89	0.006830986
90	0.132299799
91	0.002257545
92	0.173907445
93	0.580955734
94	0.373392354
95	0.325162978
96	0.042780684
97	0.158871227
98	0.629835010
99	0.479885312
100	0.059426559
101	0.746521127
102	0.622581489
103	0.212239437
104	0.004494970
105	0.330621730
106	0.235951710
107	0.925565392
108	0.624953722
109	0.371462777
110	0.750509054
111	0.111973843
112	0.187676056
113	0.201106640
114	0.136849095
115	0.375716298
116	0.302311871
117	0.530476861
118	0.346219316
119	0.014424547
120	0.562124748
121	0.232521127
122	0.317931590
123	0.450593561
124	0.279843058
125	0.526317907
126	0.167287726
127	0.772476861
128	0.125233400
129	0.657730382
130	0.698492958
131	0.161309859
132	0.028989940
133	0.293044266
134	0.471498994
135	0.212104628
136	0.368424547
137	0.345937626
138	0.236317907
139	0.253881288
140	0.697863179
141	0.052887324
142	0.511661972
143	0.377637827
144	0.266301811
145	0.173581489
146	0.102136821
147	0.387223340
148	0.509199195
149	0.229020121
150	0.356124748
151	0.017849095
152	0.442000000
153	0.233567404
154	0.719036217
155	0.326651911
156	0.257507042
157	0.171800805
158	0.723611670
159	0.864714286
160	0.695752515
161	0.124430584
162	0.168839034
163	0.413655936
164	0.924798793
165	0.396450704
166	0.572913481
167	0.310362173
168	0.539044266
169	0.440828974
170	0.465488934
171	0.618947686
172	0.591965795
173	0.675889336
174	0.309889336
175	0.000002012
176	0.165448692
177	0.129424547
178	0.297004024
179	0.380674044
180	0.386873239
181	0.357334004
182	0.534146881
183	0.890627767
184	0.091561368
185	0.125668008
186	0.473392354
187	0.019764588
188	0.346340040
189	0.012227364
190	0.785559356
191	0.649181087
192	0.512197183
193	0.196426559
194	0.231899396
195	0.300907445
196	0.057963783
197	0.306577465
198	0.393545272
199	0.307967807
200	0.252700201
201	0.341239437
202	0.000804829
203	0.423142857
204	0.710056338
205	0.377692153
206	0.650245473
207	0.103056338
208	0.416887324
209	0.799331992
210	0.833879276
211	0.320684105
212	0.138350101
213	0.833307847
214	0.063171026
215	0.010665996
216	0.451905433
217	0.338527163
218	0.825515091
219	0.885684105
220	0.270704225
221	0.001175050
222	0.047663984
223	0.048360161
224	0.096559356
225	0.833018109
226	0.881647887
227	0.518195171
228	0.121893360
229	0.073040241
230	0.016223340
231	0.023798793
232	0.867364185
233	0.049329980
234	0.059577465
235	0.284392354
236	0.537408451
237	0.946142857
238	0.139253521
239	0.018714286
240	0.473891348
241	0.247529175
242	0.011410463
243	0.216460765
244	0.836231388
245	0.060179074
246	0.162386318
247	0.187521127
248	0.766307847
249	0.185062374
250	0.839501006
251	0.141929577
252	0.152460765
253	0.095756539
254	0.052227364
255	0.140547284
256	0.161118712
257	0.633356137
258	0.282822938
259	0.155523139
260	0.334299799
261	0.394539235
262	0.107957746
263	0.677466801
264	0.636553320
265	0.587975855
266	0.658672032
267	0.232130785
268	0.295651911
269	0.148142857
270	0.321810865
271	0.064396378
272	0.022167002
273	0.041863179
274	0.000663984
275	0.300223340
276	0.002625755
277	0.147832998
278	0.323060362
279	0.178800805
280	0.037257545
281	0.107543260
282	0.909307847
283	0.027943662
284	0.344718310
285	0.001629779
286	0.077845070
287	0.000086519
288	0.012867203
289	0.020281690
290	0.153171026
291	0.190177062
292	0.006921529
293	0.608507042
294	0.485331992
295	0.173661972
296	0.365806841
297	0.190750503
298	0.509058350
299	0.257052314
300	0.565744467
301	0.434676056
302	0.386070423
303	0.622498994
304	0.567152918
305	0.261490946
306	0.498503018
307	0.065937626
308	0.004130785
309	0.088756539
310	0.704319920
311	0.304416499
312	0.984573441
313	0.256285714
314	0.005724346
315	0.816118712
316	0.417911469
317	0.489575453
318	0.084929577
319	0.446871227
320	0.423760563
321	0.136617706
322	0.882861167
323	0.289036217
324	0.120533199
325	0.170179074
326	0.071668008
327	0.331269618
328	0.115158954
329	0.194565392
330	0.390609658
331	0.564847082
332	0.330573441
333	0.099132797
334	0.840873239
335	0.826448692
336	0.104498994
337	0.263134809
338	0.097828974
339	0.975146881
340	0.202539235
341	0.251486922
342	0.702867203
343	0.679350101
344	0.578181087
345	0.303408451
346	0.453424547
347	0.388068410
348	0.868617706
349	0.794424547
350	0.020696177
351	0.750889336
352	0.409364185
353	0.342062374
354	0.388794769
355	0.396060362
356	0.618967807
357	0.043525151
358	0.262416499
359	0.019271630
360	0.820676056
361	0.324744467
362	0.473070423
363	0.667961771
364	0.000002012
365	0.946692153
366	0.587975855
367	0.342627767
368	0.721329980
369	0.605205231
370	0.084925553
371	0.047414487
372	0.603692153
373	0.178126761
374	0.013221328
375	0.003138833
376	0.177374245
377	0.073509054
378	0.645688129
379	0.134565392
380	0.028513078
381	0.053468813
382	0.542879276
383	0.076509054
384	0.614893360
385	0.038577465
386	0.428265594
387	0.511969819
388	0.919579477
389	0.263511066
390	0.144311871
391	0.802680080
392	0.618573441
393	0.514726358
394	0.764706237
395	0.388227364
396	0.185273642
397	0.898525151
398	0.028853119
399	0.643297787
400	0.469315895
401	0.525088531
402	0.340388330
403	0.003386318
404	0.346593561
405	0.807432596
406	0.542162978
407	0.477973843
408	0.146478873
409	0.387175050
410	0.046321932
411	0.469108652
412	0.193959759
413	0.678969819
414	0.453297787
415	0.510156942
416	0.483738431
417	0.216400402
418	0.656835010
419	0.302674044
420	0.788551308
421	0.836464789
422	0.852659960
423	0.589205231
424	0.046665996
425	0.190700201
426	0.872344064
427	0.798808853
428	0.768416499
429	0.502724346
430	0.068569416
431	0.958231388
432	0.458313883
433	0.061720322
434	0.409577465
435	0.726786720
436	0.546364185
437	0.371752515
438	0.023281690
439	0.000000000
440	0.989696177
441	0.138472837
442	0.437635815
443	0.165249497
444	0.696408451
445	0.177841046
446	0.783301811
447	0.851227364
448	0.313651911
449	0.012319920
450	0.715134809
451	0.158615694
452	0.230378270
453	0.533195171
454	0.845790744
455	0.766203219
456	0.541839034
457	0.149058350
458	0.018665996
459	0.465034205
460	0.385173038
461	0.326136821
462	0.017631791
463	0.048136821
464	0.854498994
465	0.017837022
466	0.729690141
467	0.678175050
468	0.042529175
469	0.034028169
470	0.619641851
471	0.117402414
472	0.007742455
473	0.133329980
474	0.120267606
475	0.000901408
476	0.233991952
477	0.467959759
478	0.527597586
479	0.321613682
480	0.126076459
481	0.522108652
482	0.272036217
483	0.001142857
484	0.068806841
485	0.396008048
486	0.173384306
487	0.487981891
488	0.441112676
489	0.398044266
490	0.109004024
491	0.359744467
492	0.778720322
493	0.000402414
494	0.489211268
495	0.012786720
496	0.517259557
497	0.072486922
498	0.560130785
