# nucleotide counts
# upper case indicates nucleotide called by both reads
# lower case indicates nucleotide called by one read with other ambiguous
# N indicates disagreement between reads, or both ambiguous
# POSITION WT COUNTS A T C G a t c g N
1 A 1324044 1319108 86 15 209 4487 6 0 4 129
2 T 1326470 127 1320919 200 7 3 5047 1 0 166
3 G 1328792 206 365 55 1322598 1 6 3 5395 163
4 G 1330458 100 282 44 1324309 2 2 2 5587 130
5 C 1331982 307 369 1324795 58 11 18 6261 1 162
6 G 1332980 225 158 50 1325731 0 10 1 6668 137
7 T 1334198 46 1326171 213 9 1 7413 3 0 342
8 C 1335405 161 97 1326826 30 2 1 8107 1 180
9 T 1336635 100 1327221 374 25 1 8736 3 0 175
10 C 1338004 303 169 1327516 55 3 10 9498 1 449
11 A 1339431 1328031 99 21 337 10360 6 0 4 573
12 A 1340584 1328977 96 35 314 11017 13 0 3 129
13 G 1341031 418 430 39 1328969 5 11 9 11007 143
14 G 1342129 282 287 43 1329787 10 9 2 11559 150
15 C 1343901 272 176 1330658 70 3 28 12583 3 108
16 A 1345135 1329963 106 15 259 13339 3 21 3 1426
17 C 1346890 112 139 1332188 30 22 13 14290 1 95
18 C 1348727 367 141 1332706 45 5 6 15344 20 93
19 A 1350999 1333452 73 27 157 17110 28 3 5 144
20 A 1352861 1334687 36 9 134 17825 4 23 3 140
21 A 1354639 1334855 47 83 174 18739 26 3 5 707
22 C 1356856 159 221 1336521 52 6 24 19766 4 103
23 G 1358432 201 282 49 1337462 7 34 27 20223 147
24 A 1360720 1338853 53 9 156 21388 2 2 4 253
25 T 1362998 93 1340214 207 16 7 22261 8 3 189
26 C 1364702 245 106 1341765 44 7 10 22428 5 92
27 T 1367306 77 1340864 2018 22 1 23878 51 2 393
28 T 1369926 30 1342514 983 6 0 26223 27 1 142
29 A 1372417 1344281 42 14 216 27584 10 3 8 259
30 C 1376042 170 290 1346079 57 12 73 29051 2 308
31 G 1377942 397 355 50 1347142 9 45 9 29764 171
32 A 1381114 1349647 90 6 187 31039 10 2 6 127
33 A 1383684 1351505 90 13 234 31630 8 2 9 193
34 C 1387322 213 173 1353179 62 12 8 32979 3 693
35 A 1391707 1355786 93 23 200 35376 29 3 5 192
36 G 1393936 237 337 50 1357314 8 35 6 35615 334
37 A 1396034 1360202 116 8 205 35290 9 7 8 189
38 T 1399446 140 1362037 171 14 14 36655 12 4 399
39 G 1401234 243 444 77 1364574 10 113 9 35523 241
40 G 1403721 194 382 52 1367280 2 27 6 35643 135
41 A 1407435 1362616 127 14 461 43814 60 3 20 320
42 G 1410194 169 323 40 1360907 15 21 10 48248 461
43 A 1413851 1360683 114 6 240 52404 16 3 14 371
44 C 1418082 180 127 1359345 50 18 7 58111 4 240
45 T 1424443 118 1353487 474 19 9 70025 21 11 279
46 G 1427781 181 333 47 1348660 18 65 25 77997 455
47 A 1431632 1343777 144 14 318 87097 21 9 30 222
48 T 1435868 186 1339004 219 43 25 96186 6 13 186
49 G 1437905 199 409 65 1325489 25 135 27 111443 113
50 G 1440872 152 375 48 1317851 44 112 18 122100 172
51 A 1444390 1310697 122 9 511 132687 121 14 63 166
52 G 1447192 214 267 54 1309951 53 66 43 136000 544
53 A 1452712 1301341 57 6 210 150865 46 7 30 150
54 A 1456398 1295891 36 27 213 159945 21 22 59 184
55 C 1461412 179 279 1286178 53 81 89 174430 28 95
56 G 1460317 496 399 76 1272689 126 108 39 186143 241
57 C 1461606 237 134 1262353 27 68 37 198647 36 67
58 C 1464827 303 217 1248378 58 161 79 215492 23 116
59 A 1468967 1238159 91 737 345 229065 111 163 80 216
60 G 1463580 105 275 54 1229735 48 176 22 233043 122
61 A 1461393 1214779 67 9 194 246074 42 11 101 116
62 A 1455964 1195186 47 21 188 260316 32 27 47 100
63 T 1454650 83 1181141 246 13 33 272788 77 38 231
64 G 1442550 316 319 72 1156099 94 183 37 285270 160
65 C 1439018 195 231 1138188 51 191 124 299905 38 95
66 C 1438566 276 173 1116856 49 213 212 320681 31 75
67 A 1442385 1099203 128 471 194 341271 93 178 198 649
68 C 1436068 164 85 1089695 24 158 59 345768 46 69
69 T 1438236 107 1091002 317 22 232 346261 120 38 137
70 G 1432434 219 226 59 1078160 243 146 48 353217 116
71 A 1423750 1063056 79 4 218 360023 93 78 82 117
72 A 1416618 1048573 52 27 182 367439 119 37 97 92
73 A 1404943 1026466 51 17 162 377919 128 32 84 84
74 T 1397914 51 1008003 139 5 100 389354 86 36 140
75 C 1390740 199 110 989503 42 296 112 400339 62 77
76 A 1382093 975099 99 25 263 405903 243 39 166 256
77 G 1362711 207 210 31 961204 134 219 71 400481 154
78 A 1351059 948777 42 11 209 401575 136 37 132 140
79 G 1331215 156 167 24 934207 143 198 120 396042 158
80 C 1318444 226 141 926777 57 316 237 390460 135 95
81 A 1304538 913764 69 21 147 390147 80 102 103 105
82 T 1293307 79 901391 158 17 106 391198 229 32 97
83 C 1285917 200 80 892303 42 424 220 392327 79 242
84 C 1294562 270 214 885166 26 889 241 407529 124 103
85 G 1285266 276 134 31 879320 602 302 148 404346 107
86 T 1270584 70 867478 139 7 150 402241 122 152 225
87 C 1258909 187 216 853085 38 223 287 404567 224 82
88 G 1237142 329 283 44 848425 402 237 182 387122 118
89 G 1220389 170 188 30 832817 199 174 51 386684 76
90 A 1209961 821425 53 6 230 387674 127 27 271 148
91 A 1201106 811833 37 13 136 388529 108 43 160 247
92 A 1193460 797209 44 5 86 395710 143 70 98 95
93 A 1181476 786773 40 2 112 394188 140 37 105 79
94 A 1171912 773017 51 4 96 398195 286 51 121 91
95 T 1168122 66 760746 92 15 320 406372 108 267 136
96 G 1153885 202 191 21 752135 377 430 90 400368 71
97 A 1142823 742420 49 5 121 399338 258 84 350 198
98 T 1135150 51 725155 193 13 227 409189 148 76 98
99 T 1128583 64 716964 110 11 166 410819 99 251 99
100 G 1119971 140 221 26 716101 308 536 65 402479 95
101 G 1106828 137 86 26 707892 195 275 132 398009 76
102 T 1099710 65 711509 104 27 247 386422 120 364 852
103 G 1100542 127 207 28 718514 310 275 69 380906 106
104 G 1088125 95 144 43 708224 249 309 62 378923 76
105 A 621117 477331 30 3 97 143450 38 17 66 85
106 A 617634 483520 18 4 101 133831 40 8 37 75
107 T 620530 25 489669 60 6 27 130630 28 12 73
108 T 627918 28 493057 82 7 27 134597 29 12 79
109 G 628589 76 159 20 498443 32 196 25 129564 74
110 G 628746 79 102 19 505568 24 62 17 122823 52
111 A 632544 509741 44 6 177 122336 31 7 71 131
112 C 640433 70 144 514990 26 30 110 124960 21 82
113 G 646917 127 100 24 519327 49 77 26 127145 42
114 A 655602 527800 43 3 93 127528 22 9 26 78
115 T 663954 26 530227 147 12 15 133395 50 10 72
116 T 673297 45 535725 73 9 29 137304 34 13 65
117 C 677435 132 39 545021 20 60 43 132031 9 80
118 T 687401 49 553331 204 7 33 133606 74 7 90
119 A 696151 561807 50 7 107 133952 57 10 27 134
120 C 706720 79 77 572300 20 43 58 134070 11 62
121 A 717831 578487 46 19 77 139032 23 25 31 91
122 T 726503 54 587185 105 12 32 138960 42 18 95
123 C 736679 134 46 598811 17 72 29 137487 11 72
124 C 747821 211 71 606353 27 83 48 140902 38 88
125 A 759584 614114 34 10 105 145104 41 27 51 98
126 A 768340 622365 13 12 91 145665 58 23 28 85
127 A 775859 633300 29 14 93 142237 32 28 32 94
128 T 784325 27 644992 69 7 24 139077 33 13 83
129 G 789475 156 85 25 656088 49 86 48 132848 90
130 T 798392 66 665880 121 18 39 131837 69 16 346
131 G 805568 218 148 21 676113 65 83 18 128806 96
132 C 816242 136 227 680950 50 54 81 134645 15 84
133 A 827981 692734 73 13 140 134429 28 68 41 455
134 C 836863 54 123 701008 27 48 75 135425 13 90
135 C 847047 260 129 710361 22 96 154 135886 43 96
136 G 855103 206 190 20 719258 83 151 34 135054 107
137 A 863255 726627 22 7 102 136278 27 47 36 109
138 A 873079 735300 50 9 132 137313 40 40 30 165
139 C 880771 142 89 745164 17 61 30 135166 19 83
140 T 892020 45 755648 175 9 29 135910 56 10 138
141 C 901289 154 93 763161 45 51 44 137627 16 98
142 A 913033 769260 18 10 139 143382 41 18 41 124
143 A 919591 774555 28 12 88 144722 27 13 26 120
144 A 927888 777142 40 38 90 150320 38 15 23 182
145 C 935818 78 69 784752 14 43 30 150721 12 99
146 T 945365 28 789047 137 3 21 155949 25 9 146
147 C 953576 221 108 797521 27 62 33 155469 11 124
148 A 959661 806904 53 25 187 152260 37 9 44 142
149 G 965129 97 106 18 814666 26 41 27 150036 112
150 T 973473 92 822436 131 18 36 150041 40 21 658
151 G 980616 119 156 35 831134 49 111 22 148899 91
152 A 986199 838706 60 11 154 147040 35 11 42 140
153 T 994740 67 844089 328 13 33 150018 67 10 115
154 T 1003424 11 850069 230 8 26 152898 54 10 118
155 A 1013082 860872 69 10 151 151731 39 16 37 157
156 T 1021903 82 869431 156 13 34 151994 35 11 147
157 G 1027480 185 260 24 881412 57 139 27 145247 129
158 A 1034713 890229 77 9 246 143697 225 6 61 163
159 G 1036227 175 326 17 895567 41 182 14 139796 109
160 G 1040974 209 296 28 902912 36 133 12 137214 134
161 G 1045050 329 175 28 910269 45 74 15 133994 121
162 A 1051473 916558 71 7 269 134190 55 26 57 240
163 C 1058031 122 235 919730 36 79 103 137524 53 149
164 G 1066705 252 326 27 919243 101 217 52 146376 111
165 G 1066664 158 89 31 924681 51 37 23 141493 101
166 T 1072779 87 930027 159 15 27 142122 33 41 268
167 T 1081206 65 933174 170 8 17 147522 37 51 162
168 G 1084682 193 180 48 937783 65 139 50 146086 138
169 A 1091092 944060 83 11 163 146478 35 23 68 171
170 T 1097705 82 950132 174 9 59 146972 75 21 181
171 C 1104891 214 116 958972 35 90 78 145234 20 132
172 C 1114759 276 126 960927 40 200 130 152858 25 177
173 A 1123033 966022 61 105 141 156332 66 120 51 135
174 A 1126664 964499 46 14 140 161708 63 18 33 143
175 A 1132086 964079 38 12 98 167629 39 24 45 122
176 A 1135559 965235 63 78 129 169684 56 96 27 191
177 C 1141490 112 96 967896 33 99 99 172987 35 133
178 A 1145908 971689 20 15 165 173705 56 21 97 140
179 G 1145627 132 239 16 976580 61 94 74 168300 131
180 C 1148959 242 77 974742 33 96 85 173508 55 121
181 T 1155490 73 976259 338 19 34 178512 84 38 133
182 T 1161774 94 984541 295 3 99 176469 96 7 170
183 A 1167824 988396 75 8 166 178880 56 24 54 165
184 A 1172942 993242 73 13 153 179179 45 34 52 151
185 C 1180522 112 105 997314 30 185 54 182546 13 163
186 A 1189132 1002650 79 7 145 185987 54 9 45 156
187 A 1190634 1007365 70 8 146 182731 30 20 104 160
188 T 1195614 79 1013384 173 8 62 181646 105 13 144
189 A 1203093 1018928 71 13 186 183474 180 13 55 173
190 G 1202279 99 322 35 1024106 36 131 37 177365 148
191 A 1206916 1027297 56 2 186 179037 113 14 33 178
192 G 1208765 85 259 34 1034556 31 88 18 173561 133
193 A 1213312 1033354 83 10 186 179312 105 13 39 210
194 G 1213803 130 200 32 1033235 43 65 21 179900 177
195 A 1218739 1038430 57 6 185 179815 34 10 57 145
196 A 1221878 1044846 76 22 147 176527 20 9 54 177
197 T 1226820 108 1045018 154 10 69 180801 35 13 612
198 G 1226709 167 327 49 1045655 74 165 21 179635 616
199 G 1228060 228 102 37 1041859 87 62 24 185294 367
200 T 1231257 127 1040500 165 22 55 188429 51 46 1862
201 G 1237336 258 241 44 1042877 90 94 40 193479 213
202 C 1241760 229 141 1043814 44 62 58 197238 30 144
203 T 1252779 51 1044080 198 22 69 208037 63 22 237
204 C 1260206 211 95 1050532 38 112 56 208982 23 157
205 T 1267980 83 1044987 188 12 119 222294 107 14 176
206 C 1271979 205 88 1043454 36 125 63 227860 28 120
207 T 1278791 83 1040378 289 18 160 237561 125 24 153
208 G 1279077 361 215 43 1038582 245 143 35 239313 140
209 C 1280672 214 105 1032963 36 127 185 246858 56 128
210 T 1289159 26 1032989 276 19 73 255455 141 19 161
211 T 1295040 61 1032784 219 25 64 261527 75 149 136
212 T 1294005 27 1031501 139 28 47 262010 69 39 145
213 T 1298834 50 1025233 291 10 56 272875 102 80 137
214 G 1293202 166 201 41 1023761 228 160 37 268472 136
215 A 1289768 1021817 115 6 228 267165 45 88 111 193
216 C 1291787 124 377 1022227 59 137 350 268173 166 174
217 G 1293878 301 252 38 1024417 207 190 112 268195 166
218 A 1295342 1031481 67 4 265 263109 128 13 110 165
219 A 1301132 1033541 83 17 203 266899 118 29 97 145
220 A 1299127 1038818 41 27 257 259514 154 22 136 158
221 G 1294693 149 384 25 1044338 80 261 37 249328 91
222 G 1294683 143 317 34 1052183 138 107 34 241571 156
223 A 1293366 1052336 95 15 226 240299 75 13 114 193
224 G 1288370 164 185 43 1052367 97 72 27 235272 143
225 A 1286179 1052633 68 7 237 232916 42 12 83 181
226 A 1286025 1052601 47 12 151 232939 34 19 73 149
227 A 1284063 1049495 62 15 152 234100 56 18 44 121
228 T 1284393 65 1051426 625 13 83 231799 138 28 216
229 A 1285462 1048876 43 8 173 236077 69 26 39 151
230 A 1282049 1050477 65 15 126 231086 53 14 46 167
231 A 1282441 1055539 60 23 143 226397 43 37 53 146
232 T 1285678 90 1055678 210 8 59 229334 74 12 213
233 A 1284593 1060905 59 8 187 220995 77 40 64 2258
234 C 1287681 127 87 1069846 40 65 81 217261 37 137
235 C 1289711 346 80 1072741 34 135 60 216141 38 136
236 T 1294678 74 1064914 174 20 57 229193 72 11 163
237 T 1299563 91 1062887 220 12 103 236003 67 20 160
238 G 1293900 212 211 50 1060842 101 164 42 232135 143
239 A 1295768 1057131 77 5 202 238022 72 23 76 160
240 A 1296544 1055010 62 31 203 240801 167 16 87 167
241 G 1290606 172 178 39 1054651 112 125 38 235156 135
242 A 1295573 1056445 96 4 178 238520 99 14 68 149
243 A 1295026 1056237 85 19 188 238151 40 39 62 205
244 C 1294802 156 137 1055455 36 115 82 238632 41 148
245 A 1304862 1054690 74 13 128 249666 60 32 45 154
246 T 1307129 83 1053233 231 16 56 253181 75 23 231
247 C 1310042 222 75 1052382 28 129 68 256980 19 139
248 C 1314418 280 105 1053115 42 223 68 260421 34 130
249 C 1321230 554 141 1056956 36 296 89 262977 41 140
250 A 1328007 1062470 32 26 218 264918 60 55 69 159
251 G 1324062 204 122 29 1068141 85 63 33 255228 157
252 T 1322018 94 1075296 212 25 59 245413 53 349 517
253 G 1313869 302 282 32 1072373 331 123 32 240244 150
254 C 1310742 218 340 1075762 43 106 515 233460 91 207
255 G 1304835 303 651 50 1078209 128 286 56 225000 152
256 G 1300961 173 604 61 1072129 56 360 24 227440 114
257 G 1294619 164 344 50 1072466 62 201 26 221151 155
258 G 1290267 173 237 39 1071832 101 84 94 217551 156
259 A 1288813 1074001 59 11 196 214198 95 7 76 170
260 A 1288448 1082492 72 17 218 205097 295 56 62 139
261 A 1285359 1083102 90 60 381 201048 139 13 368 158
262 G 1278996 343 207 28 1084082 127 317 43 193691 158
263 A 1277681 1087500 102 10 174 189340 328 9 47 171
264 T 1276547 103 1091428 209 8 34 184198 317 17 233
265 C 1275199 196 103 1089441 21 88 280 184896 23 151
266 C 1276647 358 117 1086367 49 199 259 189124 26 148
267 T 1278992 66 1084770 1046 10 166 192392 382 13 147
268 A 1279894 1084536 14 6 180 194896 33 12 58 159
269 A 1278192 1088218 33 17 149 189467 67 11 76 154
270 G 1273675 123 128 29 1088606 91 57 27 184432 182
271 A 1274136 1086740 59 4 172 186849 28 10 119 155
272 A 1273321 1082232 29 15 158 190602 60 7 56 162
273 A 1272008 1080817 27 10 166 190751 25 12 38 162
274 A 1267829 1078562 64 67 145 188676 39 28 48 200
275 C 1267450 122 59 1078354 29 78 46 188566 26 170
276 T 1271374 57 1077945 198 18 31 192895 38 19 173
277 G 1266657 224 315 44 1078555 60 172 40 187103 144
278 G 1264351 154 202 30 1078561 75 111 22 185045 151
279 A 1264287 1078776 70 20 305 184690 119 26 109 172
280 G 1262349 138 198 28 1078928 67 108 18 182707 157
281 G 1259882 122 227 33 1077433 62 100 40 181718 147
282 A 1256905 1074684 101 19 250 180985 65 19 120 662
283 C 1256542 105 129 1072263 38 33 57 183664 78 175
284 C 1257722 284 86 1070126 36 153 95 186800 20 122
285 T 1261105 106 1065883 368 29 96 194341 98 34 150
286 A 1261856 1065371 73 4 173 195951 40 29 51 164
287 T 1258806 108 1063581 160 9 40 194663 54 28 163
288 A 1258914 1064983 92 8 128 193468 44 12 31 148
289 T 1255320 95 1060197 211 15 69 194459 66 11 197
290 A 1254441 1059575 98 10 149 194233 62 24 42 248
291 C 1252386 149 166 1061711 46 75 114 189910 35 180
292 A 1252906 1057234 81 32 247 194916 116 25 63 192
293 G 1249025 131 366 40 1053915 45 176 35 194204 113
294 G 1246424 138 255 18 1051776 68 93 16 193936 124
295 A 1245011 1047886 85 12 237 196381 149 17 63 181
296 G 1240697 171 300 22 1045309 64 125 21 194543 142
297 A 1235859 1043109 85 7 172 192198 35 12 65 176
298 G 1233614 233 95 20 1043151 73 64 18 189826 134
299 T 1232471 136 1037660 416 17 324 187102 169 203 6444
300 A 1232876 1041878 26 7 226 190478 41 9 53 158
301 A 1233715 1041262 31 7 116 192046 21 27 45 160
302 A 1231944 1039021 54 79 145 192317 29 72 44 183
303 C 1232917 154 229 1038109 43 107 118 193939 56 162
304 G 1232920 298 317 29 1035481 100 139 22 196371 163
305 G 1229822 163 178 37 1034786 69 88 26 194311 164
306 A 1231279 1033769 63 10 223 196932 35 18 71 158
307 A 1230769 1032771 47 14 164 197531 34 8 55 145
308 A 1233018 1032400 27 23 316 199944 39 16 85 168
309 G 1230110 146 116 23 1029863 63 68 16 199678 137
310 T 1230221 83 1028286 127 16 122 200273 58 104 1152
311 G 1226671 138 310 27 1022982 70 166 28 202798 152
312 G 1219995 120 264 28 1018412 62 114 24 200838 133
313 A 1214459 1017128 123 15 241 196653 36 10 84 169
314 T 1218741 96 1022302 145 34 48 195821 42 39 214
315 G 1213206 171 303 40 1023719 80 159 24 188578 132
316 A 1209594 1019668 111 16 265 189108 173 20 64 169
317 G 1205104 102 339 21 1013360 46 79 27 191011 119
318 A 1203941 1010392 106 14 214 192864 100 16 58 177
319 G 1199920 200 214 37 1010664 112 105 22 188414 152
320 A 1197654 1004976 72 2 166 192132 61 26 52 167
321 A 1192990 1003483 75 11 149 188833 56 20 66 297
322 C 1190159 93 88 1004928 26 54 39 184774 29 128
323 T 1190057 78 998833 196 10 66 190636 56 20 162
324 C 1190787 270 117 996172 35 111 69 193868 26 119
325 A 1192130 994623 57 13 121 197016 26 39 49 186
326 T 1190611 95 990461 183 16 53 199563 53 10 177
327 C 1190742 252 65 983258 36 82 58 206845 23 123
328 C 1195801 358 78 979558 33 274 42 215261 28 169
329 T 1198053 30 978272 144 21 142 219200 80 16 148
330 T 1195559 59 971931 132 7 87 223048 112 16 167
331 T 1191464 24 969164 145 8 61 221863 55 11 133
332 A 1183776 963174 77 7 162 220068 109 16 31 132
333 T 1180854 123 962113 197 11 62 218087 57 33 171
334 G 1172520 248 186 56 956201 117 149 77 215371 115
335 A 1167700 952211 137 12 211 214704 78 57 67 223
336 C 1168050 146 144 946051 61 140 64 221196 70 178
337 A 1171729 940492 57 18 120 230750 80 30 47 135
338 A 1169609 936071 44 13 123 233090 66 13 44 145
339 A 1170988 932029 36 22 357 238110 116 11 165 142
340 G 1168652 136 192 30 933311 135 95 26 234604 123
341 A 1169119 934089 50 5 151 234531 35 19 103 136
342 A 1168801 933873 35 20 153 234405 66 28 100 121
343 G 1166877 105 147 20 940115 129 95 31 226095 140
344 A 1163520 932133 58 5 176 230845 54 10 89 150
345 A 1158817 925556 47 14 142 232828 43 14 50 123
346 A 1154197 922937 49 11 139 230818 51 15 59 118
347 T 1155797 54 915287 167 9 96 239946 50 17 171
348 A 1157039 914926 15 4 175 241681 62 13 63 100
349 A 1156981 915971 72 19 153 240476 80 20 68 122
350 G 1150891 114 251 38 919767 107 103 24 230395 92
351 G 1142821 81 185 18 918919 59 66 34 223347 112
352 C 1137256 278 155 918883 52 137 153 217357 98 143
353 G 1138884 226 255 36 917698 152 92 36 220258 131
354 A 1135956 918079 69 4 149 217371 77 11 59 137
355 A 1134728 912795 28 16 142 221468 30 24 88 137
356 T 1131261 68 911267 133 8 82 219466 49 20 168
357 C 1128511 172 71 913102 23 130 66 214792 58 97
358 T 1135300 77 913801 198 21 153 220768 77 35 170
359 G 1125939 240 262 34 913839 106 131 18 211208 101
360 G 1118904 202 197 9 912882 81 62 26 205342 103
361 C 1117434 246 236 913111 58 125 131 203321 34 172
362 G 1111576 263 238 48 913689 108 120 47 196924 139
363 C 1111707 224 79 917472 24 56 36 193676 32 108
364 C 1116138 228 99 916139 31 93 69 199332 23 124
365 A 1120089 908201 56 21 134 211395 46 40 64 132
366 A 1116906 901998 38 11 134 214492 35 17 42 139
367 G 1112871 180 223 26 906001 77 109 30 206112 113
368 C 1109761 250 158 911124 27 119 68 197865 45 105
369 T 1112055 16 916264 337 10 41 195170 92 7 118
370 A 1110723 912692 14 4 119 197655 41 11 53 134
371 A 1110131 910967 64 15 96 198765 27 25 34 138
372 T 1111625 78 913759 314 3 53 197162 81 23 152
373 A 1114448 916747 29 2 144 197288 46 18 55 119
374 A 1112869 913908 46 7 131 198544 37 33 42 121
375 T 1111379 65 909904 108 17 57 200999 42 18 169
376 G 1110796 173 268 28 907019 76 194 27 202899 112
377 G 1105695 132 73 23 906498 62 72 17 198684 134
378 T 1105223 92 908444 152 17 56 195245 57 42 1118
379 G 1104294 188 169 32 909968 67 50 32 193662 126
380 A 1100867 910453 68 6 178 189891 22 24 58 167
381 C 1099052 153 314 910786 36 82 249 187266 32 134
382 G 1100618 232 189 34 910658 119 138 37 189086 125
383 A 1098323 915264 77 5 136 182579 34 18 72 138
384 T 1100167 81 913833 148 28 66 185774 65 17 155
385 G 1094218 232 160 28 912690 118 95 30 180743 122
386 C 1093228 194 308 913950 61 115 130 178323 30 117
387 A 1100513 919749 52 25 218 180171 65 24 63 146
388 A 1093953 920607 37 16 171 172822 28 36 77 159
389 C 1094663 147 217 922140 41 129 164 171663 39 123
390 G 1100533 400 260 31 922388 148 122 23 177035 126
391 G 1094252 201 175 28 922109 82 78 29 171417 133
392 C 1097276 229 115 919376 30 82 64 177241 24 115
393 T 1100616 52 918879 199 1 70 181189 60 24 142
394 G 1092791 179 256 30 914703 74 116 35 177263 135
395 G 1088034 134 97 25 913049 47 55 20 174495 112
396 T 1087025 80 909083 219 12 44 174392 64 302 2829
397 C 1085560 187 132 910145 33 110 49 174757 23 124
398 T 1090158 54 908961 304 19 84 180446 78 19 193
399 G 1085529 243 190 36 910042 96 91 25 174622 184
400 A 1086251 913263 87 9 183 172178 69 16 63 383
401 C 1088000 118 121 912519 40 70 46 174857 27 202
402 T 1095825 97 915503 306 17 52 179445 98 19 288
403 C 1097260 301 110 913830 37 92 66 182662 24 138
404 A 1101185 916977 86 23 142 183443 59 30 39 386
405 C 1103921 113 164 921990 32 88 78 181265 17 174
406 A 1108017 922421 50 22 173 185080 32 35 43 161
407 T 1112110 81 925528 148 11 44 185980 61 26 231
408 G 1108620 151 202 37 933837 74 139 18 173994 168
409 A 1106983 936467 83 7 190 169890 37 12 58 239
410 T 1108790 96 934356 163 5 60 173766 35 20 289
411 G 1109477 176 185 35 936403 75 113 26 172303 161
412 A 1109935 937785 60 4 198 171539 34 18 61 236
413 T 1110821 70 941851 130 10 54 168355 39 20 292
414 C 1112451 187 92 938436 39 121 50 173344 26 156
415 T 1117501 85 938939 280 22 108 177788 63 27 189
416 G 1112585 211 249 42 940398 96 173 39 171229 148
417 G 1108204 152 197 31 942970 56 82 19 164561 136
418 C 1108393 280 167 942196 64 105 71 165274 32 204
419 A 1112634 943335 45 17 183 168631 37 32 72 282
420 T 1112567 33 943303 216 16 36 168745 56 12 150
421 T 1113289 60 944768 186 6 46 168000 53 22 148
422 C 1115045 223 115 946563 39 125 63 167736 23 158
423 C 1118997 289 137 944177 32 197 73 173902 48 142
424 A 1120809 942051 60 15 129 178289 23 66 52 124
425 A 1119316 942536 49 13 96 176350 43 15 87 127
426 T 1121655 53 946299 138 14 53 174852 86 17 143
427 T 1126067 53 947573 150 8 36 177957 116 16 158
428 T 1126426 40 945648 154 14 129 180202 53 30 156
429 G 1124292 132 207 42 945614 64 176 29 177819 209
430 A 1124014 946512 78 16 205 176902 41 21 57 182
431 A 1123968 945470 30 14 177 178074 14 16 48 125
432 T 1124931 81 941064 140 8 38 183348 53 24 175
433 G 1119707 114 223 27 941724 58 168 20 177186 187
434 A 1118806 943604 107 16 204 174574 27 27 71 176
435 T 1118529 90 942243 146 11 51 175734 53 12 189
436 G 1119326 249 163 39 939784 128 79 28 178710 146
437 C 1121047 203 196 937751 55 159 67 182409 65 142
438 A 1126076 938283 40 13 203 187181 22 95 53 186
439 A 1125856 938847 61 6 137 186445 102 17 40 201
440 C 1126065 128 62 937607 31 80 112 187824 46 175
441 T 1130976 47 936051 175 7 90 194348 44 48 166
442 T 1132138 9 933564 155 5 59 198041 146 8 151
443 A 1130695 934045 27 12 129 196094 49 102 48 189
444 T 1130931 93 932266 157 11 37 198011 51 102 203
445 C 1135098 192 121 932903 32 137 64 201372 129 148
446 A 1142416 933103 88 30 274 208414 236 18 95 158
447 G 1141203 171 312 32 936032 86 157 29 204215 169
448 A 1140453 926700 63 13 230 212951 94 149 81 172
449 G 1135364 145 237 34 923246 66 197 29 211272 138
450 G 1129515 161 146 36 921635 196 81 31 207090 139
451 A 1127853 918287 111 12 240 208607 48 26 96 426
452 C 1125734 101 111 919906 38 128 65 205153 48 184
453 A 1128475 921600 77 18 162 206288 107 20 50 153
454 A 1127528 923142 64 19 155 203822 110 20 67 129
455 G 1124102 164 115 22 920739 158 96 28 200501 2279
456 A 1124503 927866 29 8 177 196141 33 13 50 186
457 G 1121673 179 201 35 934445 66 68 23 186517 139
458 C 1121555 234 79 931197 38 100 45 189729 21 112
459 T 1126445 39 931987 183 5 41 193871 78 21 220
460 C 1127656 164 68 934657 25 107 43 192263 62 267
461 T 1132734 59 940325 147 4 118 191868 70 15 128
462 T 1132929 76 934428 199 7 83 197638 295 46 157
463 G 1130402 127 96 28 931685 97 108 28 198014 219
464 T 1129949 102 927266 153 85 37 201547 71 490 198
465 T 1129794 125 923104 154 6 488 205505 216 25 171
466 C 1130102 206 272 924294 43 181 137 204766 44 159
467 G 1130739 374 175 60 926465 298 233 49 202921 164
468 C 1132434 239 138 937161 44 411 98 194206 29 108
469 A 1135738 937222 70 25 184 196376 203 169 76 1413
470 C 1134366 102 170 934603 81 334 187 198454 317 118
471 C 1138124 371 276 932953 37 513 375 203451 38 110
472 G 1145075 313 340 27 931103 211 333 103 212491 154
473 G 1141844 128 200 51 934395 463 123 31 206339 114
474 A 1140449 934435 75 14 219 205183 61 199 74 189
475 A 1137752 934751 63 21 221 202007 31 24 486 148
476 T 1138775 53 935099 150 10 451 202544 106 184 178
477 G 1135324 207 279 38 935629 547 265 145 198070 144
478 G 1131811 155 190 27 941228 86 87 600 189305 133
479 A 1132483 944035 51 13 194 187804 25 56 107 198
480 T 1134261 95 947734 236 36 101 185518 164 119 258
481 C 1138688 239 130 950007 45 96 88 187822 121 140
482 C 1140836 313 109 954842 36 284 54 184986 74 138
483 C 1146882 491 143 955865 42 364 116 189635 77 149
484 A 1151009 958564 47 38 235 191691 84 40 142 168
485 G 1149970 172 334 27 960322 113 198 35 188657 112
486 G 1147798 127 184 23 963018 104 102 28 184080 132
487 A 1148864 966694 70 7 216 181486 57 31 89 214
488 T 1150794 43 967249 132 17 49 183016 40 77 171
489 G 1150238 175 139 41 968855 113 90 32 180644 149
490 T 1152702 101 967881 142 21 55 183978 44 63 417
491 G 1152356 287 199 44 967416 114 82 21 184075 118
492 C 1155553 192 96 965344 39 76 54 189574 47 131
493 T 1163884 71 963642 158 30 58 199622 69 42 192
494 C 1170438 196 84 964144 42 156 55 205504 41 216
495 T 1176431 57 968932 173 9 141 206878 75 19 147
496 C 1177162 291 81 967463 33 138 42 208965 24 125
497 T 1183013 90 969169 204 7 159 213154 72 15 143
498 G 1178981 161 203 29 974534 96 173 32 203631 122
499 A 1181401 978665 77 11 173 202185 36 26 64 164
500 T 1185534 72 981711 177 18 49 203268 49 20 170
501 G 1185482 297 215 57 977726 113 101 43 206805 125
502 C 1182828 166 141 979035 48 101 56 203080 55 146
503 A 1188432 981897 59 7 212 205908 64 18 87 180
504 A 1190551 985981 54 16 159 203967 100 21 75 178
505 G 1189011 115 313 23 986807 63 158 37 201347 148
506 G 1187074 165 117 40 986109 77 71 35 200342 118
507 T 1185570 30 987259 317 19 46 197142 93 176 488
508 T 1187767 64 993750 152 12 42 193487 104 11 145
509 C 1190091 207 135 996912 51 99 132 192388 33 134
510 A 1194663 996230 57 10 212 197851 34 38 89 142
511 A 1195500 996773 91 10 150 197740 75 76 96 489
512 C 1195435 130 76 1001577 20 127 34 193327 37 107
513 T 1200086 66 997892 219 9 51 201391 100 48 310
514 C 1201689 310 78 998275 22 92 48 202734 20 110
515 T 1208901 108 998284 253 8 112 209755 81 15 285
516 C 1212118 306 251 999641 33 90 103 211544 17 133
517 C 1217508 369 118 998771 45 240 60 217750 30 125
518 C 1221702 608 104 1002727 32 317 47 217688 28 151
519 T 1231726 68 1005261 171 15 150 225821 68 12 160
520 A 1236693 1001897 51 14 175 234193 117 44 61 141
521 G 1231172 110 311 35 1000405 73 155 28 229923 132
522 G 1231757 112 233 31 1005108 66 104 30 225971 102
523 A 1233995 1004541 63 8 202 228794 47 27 74 239
524 G 1234157 109 246 11 1004322 66 120 26 229146 111
525 G 1234945 149 56 21 1010561 65 53 35 223876 129
526 T 1236780 72 1005484 163 18 194 227773 103 496 2477
527 C 1239457 187 91 1009840 26 135 57 228956 28 137
528 T 1245168 58 1016953 680 20 209 226852 217 32 147
529 G 1246658 221 158 51 1022874 271 191 28 222732 132
530 G 1243843 165 110 23 1027439 69 64 13 215841 119
531 A 1247771 1034171 31 2 283 212873 31 20 90 270
532 G 1245305 199 217 22 1037208 54 87 22 207378 118
533 C 1247790 217 134 1041951 27 91 71 205118 32 149
534 C 1254874 282 219 1050805 13 112 118 203113 43 169
535 G 1259051 473 199 146 1056016 242 157 75 201622 121
536 C 1261680 264 122 1050395 35 78 168 210436 29 153
537 A 1270669 1051496 131 73 493 217915 162 79 127 193
538 G 1266342 124 291 35 1053329 51 219 32 212144 117
539 G 1263783 166 100 30 1051820 79 157 26 211291 114
540 T 1267332 71 1048017 174 20 70 216145 65 234 2536
541 G 1264669 235 255 25 1047373 110 371 30 216128 142
542 C 1265892 196 158 1048833 37 73 410 216011 24 150
543 T 1272378 63 1056957 369 26 41 214067 637 32 186
544 G 1276681 340 221 52 1055271 139 124 37 220380 117
545 C 1280388 234 287 1053928 59 94 95 225502 44 145
546 A 1285613 1057546 77 18 271 227314 78 37 67 205
547 G 1279518 174 101 29 1055350 70 79 27 223588 100
548 T 1284530 101 1058949 193 10 104 224840 69 33 231
549 C 1289500 198 139 1066336 52 98 93 222344 33 207
550 A 1292578 1070442 80 13 180 221499 55 92 45 172
551 A 1292463 1077334 80 15 157 214522 118 14 59 164
552 A 1296095 1085978 57 63 431 209133 79 88 122 144
553 G 1296485 154 305 25 1080611 67 214 70 214924 115
554 G 1296804 103 309 27 1080620 84 211 39 215262 149
555 A 1297733 1082591 92 10 231 214316 53 31 170 239
556 G 1293366 191 99 25 1082568 72 87 21 210163 140
557 T 1294617 89 1085366 168 10 132 208295 63 80 414
558 T 1297351 85 1091850 200 22 84 204789 64 90 167
559 G 1293957 196 314 53 1091660 121 285 57 201135 136
560 G 1291564 201 228 49 1094998 128 98 31 195695 136
561 A 1294251 1097191 74 8 266 196437 29 19 65 162
562 A 1295443 1094767 84 12 213 199970 46 73 62 216
563 C 1298509 127 119 1098747 39 101 88 199108 27 153
564 A 1300915 1101497 84 14 176 198824 90 29 42 159
565 A 1301171 1104307 66 16 165 196278 106 14 44 175
566 T 1304191 77 1107622 153 15 71 195959 49 107 138
567 G 1301185 295 313 36 1110061 133 131 63 190022 131
568 G 1297915 197 101 27 1109497 122 81 27 187738 125
569 T 1298464 105 1103943 169 20 64 190540 87 89 3447
570 G 1296139 221 251 43 1109139 83 151 51 186059 141
571 A 1294836 1107783 130 5 236 186327 30 51 78 196
572 T 1294973 101 1108203 143 11 35 186206 73 22 179
573 G 1296468 227 380 33 1109039 110 157 14 186343 165
574 G 1296204 149 249 38 1105884 77 105 38 189526 138
575 A 1296917 1102231 85 6 279 193939 40 15 80 242
576 A 1292624 1106084 61 22 193 186022 35 7 62 138
577 T 1291552 70 1110817 138 17 25 180274 43 10 158
578 T 1293597 75 1112819 143 20 40 180272 49 19 160
579 G 1292850 249 367 37 1114018 84 146 47 177744 158
580 G 1288729 234 90 41 1114215 46 90 34 173836 143
581 T 1288210 128 1112002 179 18 44 175442 43 37 317
582 C 1293108 290 200 1106880 51 149 72 185273 31 162
583 A 1297355 1105863 131 20 218 190635 157 79 63 189
584 G 1292909 173 223 31 1106872 107 92 40 185233 138
585 A 1293120 1105540 61 6 196 187074 35 7 50 151
586 A 1293107 1105096 56 27 204 187431 38 69 39 147
587 T 1292295 93 1103931 160 10 43 187818 41 8 191
588 G 1287440 177 241 37 1103059 56 163 53 183504 150
589 A 1285266 1104319 94 6 198 180373 24 48 46 158
590 T 1283939 139 1101481 175 6 42 181853 43 10 190
591 C 1286478 245 136 1098550 49 197 84 187007 38 172
592 A 1293239 1099731 26 13 157 193033 41 29 52 157
593 A 1293938 1098319 18 11 176 195187 12 13 49 153
594 A 1290486 1094751 42 75 147 195172 45 40 42 172
595 C 1288247 137 207 1088710 35 102 95 198773 49 139
596 G 1288940 317 125 34 1092525 92 98 49 195575 125
597 T 1288557 69 1092716 175 34 26 194884 79 46 528
598 G 1288668 257 614 23 1097020 100 244 33 190233 144
599 G 1286193 209 339 33 1094125 43 179 70 191053 142
600 G 1282349 200 222 26 1090256 67 94 73 191261 150
601 A 1280135 1090458 103 5 263 188968 36 8 103 191
602 T 1276968 65 1088714 174 5 26 187627 69 77 211
603 C 1278016 253 152 1085097 44 181 109 191934 37 209
604 A 1275475 1085435 54 14 221 189428 45 77 47 154
605 A 1272820 1082061 47 16 143 190127 159 42 54 171
606 T 1274419 91 1080971 134 18 35 192783 44 169 174
607 G 1275981 188 232 38 1084411 73 197 103 190593 146
608 A 1270997 1084817 111 9 162 185539 62 59 45 193
609 T 1269924 96 1083241 138 5 33 186005 183 31 192
610 C 1270283 244 251 1081552 27 158 196 187656 54 145
611 G 1273791 280 280 46 1079819 238 218 53 192712 145
612 G 1269293 209 167 35 1079077 77 99 48 189456 125
613 A 1270883 1074487 42 8 201 195812 36 27 98 172
614 A 1270396 1065830 46 14 178 203927 28 57 54 262
615 C 1271035 100 108 1056763 23 109 48 213689 48 147
616 T 1270965 31 1053802 177 17 78 216590 80 36 154
617 T 1267252 50 1049509 140 6 66 217241 59 21 160
618 C 1263108 182 102 1047989 28 74 82 214472 30 149
619 T 1267739 112 1039054 198 13 103 228006 78 19 156
620 G 1261401 205 324 28 1034311 99 199 20 226086 129
621 G 1255891 177 369 37 1029370 71 159 20 225575 113
622 A 1255290 1025285 80 12 260 229080 121 17 115 320
623 G 1250596 184 551 29 1019446 92 213 42 229916 123
624 G 1248963 192 561 37 1014864 98 222 31 232818 140
625 G 1243140 168 314 41 1017457 53 137 69 224778 123
626 G 1240196 138 131 16 1017272 122 75 16 222282 144
627 T 1241108 104 1001167 182 32 265 227841 239 666 10612
628 G 1238163 178 266 40 1010358 94 103 90 226913 121
629 A 1239603 1008551 129 13 273 230068 151 18 205 195
630 G 1232740 186 215 26 1009586 104 141 24 222343 115
631 A 1229409 1007957 46 7 178 220915 55 22 70 159
632 A 1226164 1004718 65 25 169 220887 67 24 57 152
633 T 1226546 96 1004053 146 13 49 221897 67 57 168
634 G 1222732 247 297 39 1006957 84 304 27 214648 129
635 G 1220632 176 205 41 1003938 112 97 34 215886 143
636 A 1217568 1001583 86 11 300 215169 48 52 97 222
637 C 1217596 134 292 999559 36 154 174 217023 55 169
638 G 1216575 270 197 33 992309 132 145 91 223245 153
639 A 1216820 989954 59 2 262 226223 73 14 110 123
640 A 1218201 985376 50 25 172 232281 65 21 71 140
641 A 1215961 978663 24 29 133 236794 70 41 67 140
642 A 1211225 977379 41 29 153 233366 43 27 56 131
643 A 1208459 973986 78 275 178 233470 55 112 119 186
644 C 1206528 84 80 975485 29 189 62 230390 67 142
645 A 1209341 969289 44 7 232 239466 29 81 73 120
646 A 1206849 965718 59 12 162 240575 68 23 91 141
647 G 1205481 159 123 28 963982 143 129 38 240734 145
648 A 1203299 962403 71 6 151 240356 47 42 69 154
649 A 1199032 958292 64 30 144 240209 47 20 90 136
650 T 1198826 70 957764 131 7 113 240516 46 24 155
651 T 1198157 71 957214 145 12 51 240410 52 50 152
652 G 1194105 166 235 31 957843 60 217 50 235378 125
653 C 1192856 179 93 956944 61 86 140 235165 81 107
654 T 1197345 52 960615 235 19 90 236003 154 20 157
655 T 1201087 15 967436 144 17 108 233106 102 32 127
656 A 1198900 968102 42 15 138 230244 65 100 67 127
657 T 1201537 88 968814 158 19 109 232046 63 55 185
658 G 1200627 173 213 52 973430 196 193 36 226198 136
659 A 1203533 975586 71 10 196 227314 108 14 87 147
660 A 1203328 980347 31 16 163 222419 63 20 148 121
661 A 1205603 980893 37 18 221 223992 79 15 192 156
662 G 1204696 154 167 33 982397 113 120 25 221503 184
663 A 1203567 979242 47 6 324 223511 42 9 255 131
664 A 1198916 974646 51 20 248 223574 46 17 160 154
665 T 1195175 83 970244 106 16 126 224365 44 41 150
666 G 1190194 302 93 22 969789 156 117 13 219579 123
667 T 1188966 235 969493 190 43 131 218276 53 56 489
668 G 1182875 175 190 46 968620 77 151 20 213417 179
669 C 1180249 171 201 969004 52 110 107 210371 67 166
670 A 1186307 969740 54 14 139 216045 52 32 74 157
671 A 1186531 968991 88 15 142 216921 75 34 53 212
672 C 1186935 103 113 971388 25 119 62 214907 96 122
673 A 1191311 969777 75 18 131 221007 56 53 49 145
674 T 1189763 37 974201 174 12 40 215031 105 18 145
675 T 1193805 52 977491 149 4 62 215796 94 12 145
676 C 1192640 194 84 978841 36 166 72 213064 32 151
677 T 1192197 95 974825 193 12 111 216637 103 55 166
678 C 1190089 268 120 973077 38 187 97 216007 143 152
679 A 1197157 974111 56 19 155 222512 50 46 57 151
680 A 1196004 972830 61 10 120 222681 85 19 63 135
681 A 1194317 970954 47 27 284 222629 118 22 106 130
682 G 1188172 123 597 22 966793 80 234 45 220160 118
683 G 1185385 162 238 38 964736 60 153 34 219814 150
684 G 1181516 176 199 36 967754 111 92 30 212999 119
685 A 1176726 970860 63 9 245 205258 30 22 93 146
686 A 1171009 966697 40 9 173 203799 38 26 83 144
687 A 1171212 970766 69 13 166 199906 54 13 64 161
688 T 1170728 93 972189 192 25 72 197911 61 27 158
689 T 1169838 38 974336 167 9 38 195024 67 23 136
690 T 1168463 63 974759 172 11 38 193161 92 20 147
691 C 1167339 197 139 975544 40 101 89 191039 40 150
692 A 1167735 978165 26 10 283 188981 42 39 54 135
693 A 1167208 980498 48 8 150 186283 27 18 45 131
694 A 1164646 981090 48 35 131 183045 54 35 34 174
695 C 1163898 162 76 980395 26 94 51 182963 23 108
696 T 1168273 46 980451 180 15 47 187246 59 24 205
697 G 1164525 168 219 37 976400 75 136 42 187303 145
698 C 1162562 169 125 973851 22 62 76 188069 54 134
699 T 1162801 76 973825 185 32 48 188333 94 43 165
700 G 1161524 325 193 41 972310 113 132 53 188225 132
701 C 1160922 247 155 972946 40 95 74 187167 55 143
702 A 1163496 973729 126 21 203 188889 57 73 74 324
703 C 1162097 112 158 974959 32 143 58 186381 41 213
704 A 1163315 973467 39 14 124 189367 46 88 27 143
705 A 1164906 973174 49 16 147 191262 45 38 37 138
706 A 1162603 973489 18 23 108 188728 23 33 57 124
707 A 1158853 974671 43 6 237 183615 45 23 77 136
708 A 1155513 974662 18 13 489 179938 45 43 154 151
709 G 1151198 162 171 34 973721 127 79 71 176698 135
710 C 1145784 198 155 974176 40 132 66 170778 67 172
711 A 1143201 973802 74 12 158 168871 40 49 51 144
712 A 1138050 970222 46 26 125 167156 61 39 245 130
713 T 1133758 87 966747 107 15 82 166444 35 88 153
714 G 1130848 202 231 48 966834 173 254 31 162968 107
715 A 1125021 961603 82 7 202 162637 232 21 74 163
716 T 1122955 99 961558 119 8 38 160767 37 165 164
717 G 1118989 209 264 35 956675 197 129 14 161332 134
718 G 1113263 165 226 30 954913 240 94 19 157419 157
719 A 1108847 948694 71 9 180 159612 38 25 52 166
720 T 1103577 112 946607 179 9 79 156190 33 23 345
721 C 1099300 169 102 942553 31 184 99 155958 29 175
722 A 1097512 943208 82 8 218 153620 100 15 85 176
723 A 1090995 936695 45 13 179 153762 82 33 51 135
724 G 1084470 210 105 23 932323 71 51 17 151548 122
725 T 1082731 90 930337 162 22 133 151024 58 35 870
726 G 1076987 201 278 32 929337 74 75 25 146830 135
727 A 1070657 926854 80 13 245 143083 121 16 52 193
728 G 1063054 152 281 25 925836 42 71 20 136494 133
729 A 1059639 923423 95 18 301 135437 121 10 73 161
730 G 1051664 128 220 20 916223 60 46 18 134800 149
731 A 1045723 911207 50 11 197 133989 40 20 53 156
732 G 1036003 150 147 25 901870 61 41 14 133500 195
733 A 1032939 895842 37 64 175 136426 47 48 59 241
734 G 1022552 170 263 39 889492 53 53 57 132131 294
735 C 1017625 189 305 885199 31 166 83 131472 58 122
736 C 1012516 227 198 877165 40 117 196 134136 151 286
737 G 1010702 289 241 37 875450 259 232 87 133964 143
738 G 1003146 156 155 21 871948 69 33 51 130586 127
739 A 998347 868043 30 4 168 129858 17 35 63 129
740 A 991609 861590 46 35 150 127883 35 854 62 954
741 C 984174 119 147 853943 14 57 37 129694 22 141
742 C 978061 186 85 846300 16 86 31 131225 13 119
743 C 974649 382 116 837448 22 149 54 136312 25 141
744 A 970240 827566 75 25 187 142061 89 53 53 131
745 G 961702 98 447 18 818476 35 164 20 142329 115
746 G 955063 124 253 30 811850 43 77 52 142546 88
747 G 948394 214 227 31 806553 92 55 41 141075 106
748 A 943606 801114 52 10 170 142022 38 7 40 153
749 A 938072 793948 45 20 128 143678 36 8 67 142
750 T 932594 52 789271 104 11 38 142897 32 27 162
751 G 923127 239 166 27 784595 97 61 29 137781 132
752 C 915667 171 164 782848 30 87 56 132175 27 109
753 T 913000 59 777834 203 24 27 134631 48 22 152
754 G 907496 120 171 24 773874 64 59 18 133061 105
755 A 899834 767743 35 4 131 131703 28 12 41 137
756 G 891512 95 62 16 764384 22 67 15 126631 220
757 T 883771 43 761633 128 14 33 121504 30 24 362
758 T 875360 44 754544 105 2 10 120521 26 9 99
759 C 865151 197 154 745662 37 93 111 118759 26 112
760 G 855462 162 177 33 734274 250 82 15 120321 148
761 A 849039 728288 56 7 132 120336 51 11 26 132
762 A 840360 717589 33 17 161 122342 47 8 38 125
763 G 831194 80 113 17 705475 27 63 22 125270 127
764 A 821399 696476 60 4 90 124580 18 21 28 122
765 T 814625 58 690154 115 5 22 124088 46 5 132
766 C 807200 94 53 681545 12 44 24 125307 13 108
767 T 803403 63 671269 163 9 83 131639 48 7 122
768 C 794891 244 88 662573 32 99 25 131731 20 79
769 A 789854 653395 51 11 102 133823 44 159 30 2239
770 C 783307 77 57 646263 66 44 427 134767 41 1565
771 T 777855 39 639905 188 9 67 137508 52 7 80
772 T 774248 30 629401 83 7 55 144551 30 13 78
773 T 766901 24 620930 112 5 23 145650 35 32 90
774 T 759769 27 617972 104 9 40 141462 53 12 90
775 C 750660 147 68 611441 19 58 57 138771 17 82
776 T 743187 48 608149 120 6 106 134577 54 14 113
777 A 732968 601985 24 7 141 130629 26 24 33 99
778 G 719441 129 131 43 595881 67 27 19 123063 81
779 C 712110 166 86 587605 35 91 34 123989 31 73
780 A 706269 580982 50 11 109 124048 21 76 36 936
781 C 696982 77 139 573624 18 77 48 122821 38 140
782 G 686305 125 159 9 566569 80 60 11 119209 83
783 G 677567 86 45 15 558223 42 30 13 119024 89
784 T 668910 48 548674 81 7 28 119837 35 23 177
785 C 659867 116 57 541895 17 56 25 117580 17 104
786 T 650245 29 534622 162 10 74 115172 52 12 112
787 G 638995 143 73 23 526049 122 35 11 112470 69
788 C 627561 138 121 517685 33 58 35 109415 15 61
789 A 620995 498334 62 9 90 113956 31 512 36 7965
790 C 613738 63 86 497486 23 37 30 115914 23 76
791 T 608125 42 487343 92 4 56 120472 26 7 83
792 C 602441 173 147 475316 27 150 58 126347 30 193
793 A 596331 462878 33 12 76 133192 23 11 34 72
794 T 587023 37 454527 78 3 25 132220 42 19 72
795 A 579013 445414 31 8 83 132322 59 19 34 1043
796 T 572956 33 431740 47 12 28 140983 26 36 51
797 T 567283 22 424235 78 9 54 142435 33 188 229
798 G 560617 68 93 16 420251 69 75 7 139982 56
799 A 552284 416146 27 8 100 135737 53 6 74 133
800 G 544920 39 66 14 412593 33 38 13 132085 39
801 A 539096 400085 15 2 126 131429 41 17 1494 5887
802 G 529990 80 122 5 401197 40 93 16 128393 44
803 G 522035 43 87 17 394903 56 82 34 126757 56
804 G 511940 79 32 11 387841 48 73 14 123791 51
805 T 504529 37 380805 50 3 81 122960 63 130 400
806 C 495151 112 92 368991 22 136 78 120551 1064 4105
807 G 487583 125 84 8 367805 204 97 30 119186 44
808 G 475507 71 32 6 362359 59 239 33 112086 622
809 T 469559 37 352327 39 6 54 116981 28 23 64
810 T 463639 33 344290 53 3 39 119100 34 27 60
811 G 453710 110 53 15 340957 91 56 108 112190 130
812 C 447829 84 53 340970 16 63 35 106538 21 49
813 T 446496 12 328177 88 5 79 117031 276 16 812
814 C 444539 145 33 322546 15 173 65 121478 28 56
815 A 443080 319916 42 5 53 122851 46 25 58 84
816 C 437968 42 37 318083 12 1737 74 115871 18 2094
817 A 436651 308518 5 2 50 127893 93 12 41 37
818 A 433586 302228 8 1 48 130876 39 65 147 174
819 G 427701 42 17 5 299948 89 112 19 127370 99
820 T 423719 12 297811 50 5 45 121144 2049 36 2567
821 C 419463 88 26 295541 9 130 57 123564 20 28
822 C 415967 132 34 292473 17 191 56 122943 28 93
823 T 415385 17 287776 32 15 77 126781 57 346 284
824 G 408079 34 48 9 284501 70 157 310 122701 249
825 C 404723 127 51 282982 18 69 55 121380 16 25
826 C 404389 138 48 279985 25 94 91 123842 32 134
827 T 406872 26 278328 21 4 78 127888 50 222 255
828 G 400534 25 46 10 277477 76 74 306 122359 161
829 C 398489 133 42 276346 20 63 68 121773 22 22
830 C 402265 167 53 272860 12 81 108 128847 33 104
831 T 408101 33 270343 14 6 84 137362 39 97 123
832 G 405717 76 57 17 269633 93 69 86 135601 85
833 C 405892 115 101 268705 18 47 500 136347 30 29
834 C 408172 126 45 263832 34 89 1782 139497 512 2255
835 T 413165 17 262354 125 15 76 150328 73 91 86
836 G 411886 50 21 7 259623 62 79 19 151981 44
837 T 412297 21 261035 36 4 21 150946 44 82 108
838 G 411099 41 21 4 264621 263 103 16 145952 78
839 T 411714 36 264013 44 5 67 147380 42 44 83
840 G 411052 39 11 5 269601 89 229 14 140866 198
841 T 411129 12 276345 69 8 72 134329 49 196 49
842 A 411661 282510 39 3 72 128701 94 15 70 157
843 T 412505 48 285056 65 9 31 121792 138 2251 3115
844 G 413596 79 117 20 295233 70 99 116 117837 25
845 G 415553 92 20 13 301098 96 118 85 113823 208
846 A 417778 281203 60 19 263 96241 63 12763 148 27018
847 C 419829 99 206 313561 32 75 103 105700 21 32
848 C 425303 295 86 319178 22 80 71 105517 30 24
849 T 432850 47 326259 8 18 47 106340 28 56 47
850 G 435990 267 242 47 332162 118 80 46 102993 35
851 C 437686 160 200 334796 35 56 89 102279 30 41
852 C 443293 278 267 338333 28 119 125 104059 29 55
853 G 450877 197 125 32 340416 170 98 34 109770 35
854 T 455306 46 344637 96 16 29 110275 139 14 54
855 A 465488 348119 16 12 152 117046 37 19 47 40
856 G 471132 11 30 10 352173 58 155 18 118650 27
857 C 483736 101 52 357539 9 43 110 125816 31 35
858 C 496532 71 81 363651 16 42 128 132456 43 44
859 A 503712 364736 33 40 67 138604 34 29 120 49
860 G 505135 42 37 5 368388 79 72 14 136474 24
861 T 512368 40 373899 52 11 59 138172 53 29 53
862 G 515249 82 162 10 378680 54 229 22 135966 44
863 G 516987 65 89 10 387517 71 97 17 129086 35
864 G 522373 71 38 7 397385 27 74 5 124728 38
865 T 529903 19 404406 144 10 38 125096 52 29 109
866 A 539607 413542 29 2 85 125800 37 41 32 39
867 C 549591 72 159 424283 19 49 78 124846 43 42
868 G 562094 137 65 17 433880 43 68 71 127767 46
869 A 573162 443243 30 6 98 129626 21 18 58 62
870 C 583262 51 53 453373 12 72 33 129592 40 36
871 T 591229 16 458441 93 7 7 132547 71 7 40
872 T 599541 21 467547 97 6 21 131726 68 6 49
873 T 608226 25 478672 71 4 10 129337 34 16 57
874 G 614852 120 65 15 487331 45 101 25 127105 45
875 A 624866 491648 29 2 137 132876 33 11 70 60
876 A 635307 500390 18 8 105 134612 63 11 42 58
877 A 643991 504280 19 12 113 139311 137 18 47 54
878 G 650179 101 291 13 506147 62 226 17 143280 42
879 G 655243 91 134 15 511099 53 128 17 143653 53
880 G 661158 93 162 12 518323 32 84 22 142377 53
881 A 668618 525153 31 3 129 143024 100 11 68 99
882 G 671982 85 253 10 533713 41 199 32 137584 65
883 G 675884 88 133 21 546300 35 169 21 129067 50
884 G 678686 140 125 12 556646 57 80 18 121526 82
885 A 686601 567003 59 7 149 119189 56 16 34 88
886 T 695266 45 576830 106 4 28 118108 48 16 81
887 A 705419 583980 40 8 103 119867 176 143 73 1029
888 C 713602 89 54 596249 26 44 69 117008 16 47
889 T 726451 55 604470 115 3 28 121586 34 53 107
890 C 734102 208 24 615870 17 91 29 117794 13 56
891 T 743422 45 628713 127 6 59 114349 28 13 82
892 C 752146 202 35 638440 29 61 29 113234 49 67
893 T 760888 47 643473 110 7 20 117044 88 11 88
894 A 772256 649337 20 8 97 122621 50 10 33 80
895 G 778078 92 67 21 655926 26 49 30 121792 75
896 T 785562 75 663777 88 6 17 121389 35 11 164
897 C 796292 185 136 667892 18 47 74 127843 18 79
898 G 808570 217 179 38 673618 48 224 28 134139 79
899 G 815838 91 136 23 676474 30 107 19 138880 78
900 A 825345 684792 44 4 132 140150 64 14 43 102
901 A 834349 694599 35 13 128 139387 28 12 42 105
902 T 845238 55 707127 106 11 22 137784 47 6 80
903 A 854966 715427 41 6 171 139046 113 16 42 104
904 G 863369 157 142 26 728523 49 96 23 134263 90
905 A 874634 739427 59 6 131 134538 51 58 48 316
906 C 884407 106 80 748449 31 44 30 135554 19 94
907 C 897948 268 81 760719 19 60 41 136660 7 93
908 C 907648 478 60 771857 15 89 25 135019 12 93
909 T 915984 45 783328 201 27 14 132183 57 10 119
910 T 921957 42 788972 132 8 16 132644 39 3 101
911 T 929626 52 796325 152 6 14 132919 30 9 119
912 C 938193 185 121 806853 30 36 81 130801 11 75
913 A 947881 818204 57 35 248 128989 168 10 47 123
914 G 954555 119 145 25 822338 37 112 27 131653 99
915 A 961336 828757 75 16 135 132094 52 11 37 159
916 C 970433 114 88 835752 31 48 23 134265 28 84
917 T 982568 59 846186 151 18 23 135952 46 8 125
918 G 991481 192 166 35 857307 33 101 33 133529 85
919 C 1002146 169 88 865206 27 36 32 136462 30 96
920 T 1013129 37 875433 190 22 9 137262 51 9 116
921 T 1022250 89 883536 169 6 20 138252 48 6 124
922 C 1035071 198 85 895432 40 64 62 139062 8 120
923 A 1047083 904281 36 22 144 142376 48 39 24 113
924 A 1054166 911544 40 11 96 142305 29 11 29 101
925 A 1062129 918651 26 19 107 143135 21 9 27 134
926 A 1070146 923830 28 156 367 145472 28 43 64 158
927 C 1078619 152 119 932480 22 51 44 145600 17 134
928 A 1086128 941143 61 14 140 144507 48 9 50 156
929 G 1089643 200 230 37 945148 39 45 40 143782 122
930 C 1097319 230 129 947822 30 56 45 148891 12 104
931 C 1104685 240 136 951736 32 71 39 152283 20 128
932 A 1113394 962108 60 36 147 150818 38 18 26 143
933 A 1120736 969585 31 20 111 150759 47 12 26 145
934 G 1125825 224 109 17 976534 53 55 9 148711 113
935 T 1134044 96 982508 118 14 27 150555 28 26 672
936 G 1136986 202 123 34 987737 44 43 19 148671 113
937 T 1143327 64 993993 185 5 20 148586 36 10 428
938 A 1150080 1003971 91 9 206 145473 30 10 62 228
939 C 1156578 153 314 1008906 42 58 83 146875 18 129
940 A 1165356 1013768 47 18 173 151126 38 13 33 140
941 G 1168270 140 264 40 1017817 28 95 16 149731 139
942 C 1172235 248 91 1023178 29 57 35 148418 35 144
943 C 1180837 231 107 1028276 35 65 42 151940 8 133
944 T 1189515 63 1029136 227 11 32 159809 61 21 155
945 A 1191774 1031537 9 11 183 159797 58 14 22 143
946 A 1192200 1037627 82 16 104 154153 20 11 37 150
947 T 1200148 86 1044160 163 4 26 155454 46 14 195
948 C 1207569 221 134 1046588 27 108 84 160244 17 146
949 A 1212931 1045164 38 17 246 167149 73 14 57 173
950 G 1213059 207 209 35 1048924 55 105 29 163346 149
951 A 1217071 1047780 85 8 171 168544 30 22 60 371
952 C 1220175 115 133 1046049 45 84 55 173539 17 138
953 C 1225763 331 119 1046781 42 125 67 178134 20 144
954 A 1231765 1049477 77 15 144 181724 76 31 65 156
955 A 1232979 1052963 44 6 121 179573 44 9 65 154
956 A 1232304 1051260 63 12 130 180567 40 49 25 158
957 T 1238479 87 1054307 142 14 67 183637 30 31 164
958 G 1236256 205 294 31 1061182 57 143 21 174182 141
959 A 1238209 1064013 109 14 250 173364 119 30 99 211
960 G 1236912 144 196 44 1062122 63 64 62 174065 152
961 A 1238960 1058598 40 4 171 179832 46 53 42 174
962 A 1239941 1055219 58 23 135 184247 26 10 58 165
963 T 1241205 127 1055717 204 15 28 184702 76 12 324
964 C 1243765 214 95 1057198 27 89 40 185925 36 141
965 C 1248595 292 189 1056590 53 198 82 191033 31 127
966 A 1247104 1052268 51 30 323 194117 82 22 53 158
967 G 1244095 272 262 40 1054156 58 88 59 188995 165
968 C 1247149 282 190 1060519 54 133 55 185761 16 139
969 A 1249627 1062048 132 22 200 186574 48 27 42 534
970 C 1248362 148 144 1058977 30 56 57 188791 16 143
971 A 1249549 1056408 150 29 129 192343 62 17 39 372
972 C 1248472 125 142 1056728 43 91 76 191064 21 182
973 A 1252324 1052104 36 16 211 199693 42 13 55 154
974 A 1251872 1051778 85 21 224 199387 129 14 85 149
975 G 1246327 162 294 23 1046969 66 113 19 198498 183
976 A 1244227 1046821 73 5 232 196728 94 23 54 197
977 G 1238143 142 92 30 1048614 43 75 61 188926 160
978 T 1236029 82 1043755 170 15 94 190464 133 35 1281
979 C 1234788 207 125 1039845 40 166 39 194193 20 153
980 A 1238825 1039756 66 20 165 198523 61 18 50 166
981 A 1236258 1036906 79 12 121 198784 42 15 63 236
982 C 1235996 146 116 1033357 30 78 190 201906 22 151
983 T 1240395 87 1032291 154 19 55 207363 73 175 178
984 G 1238289 235 268 39 1031337 64 181 192 205819 154
985 G 1235822 179 107 26 1033547 47 48 16 201727 125
986 T 1235234 96 1038872 127 39 67 194381 63 265 1324
987 G 1233109 214 106 29 1039729 101 56 236 192497 141
988 T 1232135 94 1043173 119 9 240 188011 39 48 402
989 G 1231882 221 305 39 1044389 55 152 24 186558 139
990 G 1228846 137 255 30 1041292 282 153 43 186521 133
991 A 1227239 1031551 80 11 212 195033 63 14 57 218
992 T 1228411 79 1025700 141 7 71 202054 45 45 269
993 G 1221916 198 238 30 1027628 79 136 29 193418 160
994 G 1217384 229 181 31 1033960 91 61 39 182653 139
995 C 1216202 284 203 1037695 69 126 147 177491 25 162
996 A 1218259 1040773 88 22 150 176887 70 40 59 170
997 T 1216271 85 1040508 206 17 40 175141 74 18 182
998 G 1211560 266 229 57 1040944 147 116 34 169577 190
999 C 1211855 198 271 1040307 49 83 154 170596 32 165
1000 C 1215875 244 189 1031716 42 142 71 183191 132 148
1001 A 1219645 1026753 79 12 134 192211 66 28 174 188
1002 T 1218259 55 1022010 181 18 222 195500 80 37 156
1003 T 1218684 66 1018123 151 47 43 199543 516 21 174
1004 C 1217461 245 106 1013136 36 93 98 203603 31 113
1005 T 1222690 120 1009147 274 11 245 212621 53 27 192
1006 G 1215206 283 299 48 1003733 86 133 202 210273 149
1007 C 1212038 242 213 1005240 41 225 64 205809 57 147
1008 C 1215948 304 301 997981 35 150 150 216850 37 140
1009 G 1223144 355 214 59 995348 266 156 203 226389 154
1010 C 1224732 238 99 995936 33 230 90 227918 39 149
1011 A 1231447 998766 52 14 145 232043 59 56 156 156
1012 T 1234109 41 996629 127 18 33 237034 38 39 150
1013 T 1234605 38 993255 146 22 39 240880 55 17 153
1014 T 1236042 79 992066 252 12 61 243267 96 71 138
1015 G 1226657 119 230 47 993588 115 182 30 232157 189
1016 A 1225358 994717 62 5 191 230060 47 33 96 147
1017 A 1222470 994166 62 29 232 227593 108 41 74 165
1018 G 1216994 164 169 18 990951 79 102 41 225347 123
1019 A 1215071 985795 99 7 175 228645 48 67 52 183
1020 T 1213331 55 986811 132 6 78 226025 47 21 156
1021 C 1211709 156 94 985516 31 125 72 225530 50 135
1022 T 1214700 58 985933 175 15 137 228139 74 34 135
1023 A 1216755 986311 14 7 162 229960 72 46 43 140
1024 A 1215388 991121 48 16 122 223719 119 36 65 142
1025 G 1209737 105 246 37 989493 59 120 26 219531 120
1026 A 1208982 994908 91 6 206 213452 55 11 83 170
1027 G 1205765 121 115 26 999316 68 76 26 205891 126
1028 T 1209199 62 994794 115 6 273 208395 109 229 5216
1029 A 1207471 1003778 73 10 164 203185 28 13 66 154
1030 T 1207903 61 999286 126 18 26 208153 39 37 157
1031 T 1211833 94 1002680 150 13 98 208606 37 17 138
1032 A 1218772 1001361 93 3 201 216853 52 12 43 154
1033 A 1221863 995341 21 14 115 226118 39 13 49 153
1034 G 1218293 143 205 20 989798 64 117 27 227790 129
1035 C 1219123 224 81 986405 23 111 43 232072 45 119
1036 T 1221223 23 984060 188 13 48 236640 65 24 162
1037 T 1220952 89 988577 176 10 61 231747 60 51 181
1038 C 1217673 219 118 987611 45 132 112 229273 33 130
1039 A 1217661 985622 78 18 178 231424 48 46 62 185
1040 T 1214769 95 980233 170 3 100 233894 66 22 186
1041 C 1218478 216 117 972062 36 286 89 245476 44 152
1042 A 1225081 966435 44 19 159 258068 82 69 63 142
1043 A 1223061 970156 49 10 140 252397 53 10 114 132
1044 A 1224513 970691 54 48 286 252925 196 54 120 139
1045 G 1220238 143 439 18 975223 64 231 27 243963 130
1046 G 1214693 185 328 33 980511 74 126 31 233269 136
1047 G 1207179 188 217 42 985227 99 76 60 221131 139
1048 A 1206208 986729 67 13 262 218700 39 57 98 243
1049 C 1203768 143 236 985376 48 112 144 217478 80 151
1050 G 1211255 376 312 50 986372 225 151 54 223574 141
1051 A 1212195 990642 75 9 161 220965 90 23 61 169
1052 A 1214745 990607 79 43 194 223425 134 32 104 127
1053 G 1209277 176 205 29 990128 92 130 27 218345 145
1054 G 1205904 195 55 33 990802 87 57 43 214479 153
1055 T 1206348 107 987943 143 16 84 214876 54 174 2951
1056 G 1202224 316 225 37 987881 102 135 20 213391 117
1057 C 1200730 203 194 993264 34 73 49 206751 42 120
1058 T 1211032 116 999663 318 10 84 210475 108 27 231
1059 C 1216398 365 160 1001766 34 159 109 213632 25 148
1060 C 1221442 354 73 995827 31 245 48 224678 27 159
1061 C 1227271 559 111 992110 36 309 58 233913 40 135
1062 A 1236092 994997 59 25 156 240548 63 36 54 154
1063 A 1238038 997928 83 13 146 239445 157 25 72 169
1064 G 1235469 155 360 28 999506 112 145 24 235004 135
1065 A 1235170 1015901 74 5 216 218467 175 67 105 160
1066 G 1229728 176 565 21 1021025 178 289 18 207342 114
1067 G 1225606 131 322 39 1018521 172 252 28 206018 123
1068 G 1219879 226 239 30 1009413 93 230 21 209482 145
1069 A 1220251 1004992 65 2 260 214466 196 9 84 177
1070 A 1220510 1005290 32 23 224 214523 171 9 79 159
1071 G 1217567 131 165 25 1007543 71 95 28 209389 120
1072 C 1218115 228 67 1006523 29 237 47 210820 40 124
1073 T 1224345 23 1011749 209 11 186 211933 84 7 143
1074 T 1224992 31 1013253 191 14 25 211103 222 13 140
1075 T 1225124 92 1015429 246 8 48 209021 80 17 183
1076 C 1227509 242 119 1020670 43 94 83 206107 27 124
1077 C 1229436 284 139 1025020 50 193 77 203467 65 141
1078 A 1232146 1027908 95 17 155 203416 84 43 48 380
1079 C 1232681 142 95 1026920 21 72 49 205213 27 142
1080 T 1237462 45 1028223 177 10 75 208689 88 15 140
1081 A 1238359 1018259 79 7 155 219371 197 55 63 173
1082 G 1237327 185 392 42 1015801 51 217 28 220479 132
1083 A 1239083 1017953 52 3 163 220494 168 16 75 159
1084 G 1236373 116 257 30 1023727 67 204 24 211809 139
1085 G 1236559 113 286 27 1025900 76 88 18 209916 135
1086 A 1235384 1030870 75 10 224 203866 43 13 57 226
1087 G 1234705 146 104 24 1037229 212 71 25 196758 136
1088 T 1232990 75 1041500 200 13 192 189899 142 73 896
1089 T 1233508 76 1043929 173 9 131 188823 44 147 176
1090 C 1234971 247 127 1046468 60 156 50 187655 32 176
1091 A 1241415 1048214 66 17 178 192440 176 95 69 160
1092 A 1240096 1049783 70 14 123 189685 223 10 38 150
1093 A 1236674 1048863 63 27 107 187218 99 113 34 150
1094 T 1240518 73 1051619 180 11 45 188226 193 13 158
1095 T 1244159 55 1056885 163 12 25 186656 116 61 186
1096 G 1243914 203 226 40 1058994 64 205 28 184000 154
1097 C 1246235 195 109 1057900 35 61 43 187711 37 144
1098 T 1251518 32 1057964 210 17 31 193005 74 21 164
1099 T 1255678 102 1055335 188 14 55 199724 51 18 191
1100 C 1258271 279 99 1054074 28 100 62 203439 27 163
1101 C 1263467 325 171 1052350 44 239 72 210080 31 155
1102 A 1264733 1051016 70 13 147 213213 34 46 30 164
1103 A 1262228 1050385 46 20 127 211390 36 23 37 164
1104 T 1264453 63 1055151 168 17 53 208738 53 27 183
1105 G 1268421 222 188 31 1057752 94 107 30 209864 133
1106 A 1267965 1063951 68 5 179 203478 34 18 79 153
1107 A 1269395 1065511 48 19 151 203408 34 9 58 157
1108 A 1268621 1060979 35 7 151 207164 36 15 53 181
1109 A 1270042 1061204 125 15 153 208258 41 18 59 169
1110 T 1271793 53 1063644 168 9 55 207627 46 21 170
1111 A 1272035 1065805 86 8 192 205672 48 16 55 153
1112 T 1276528 81 1070878 134 10 28 205157 43 29 168
1113 G 1276172 200 254 43 1076023 58 241 49 199164 140
1114 G 1273368 123 162 35 1075756 76 80 44 196953 139
1115 A 1274040 1076474 88 11 291 196771 109 12 75 209
1116 G 1274016 232 193 36 1080333 75 81 19 192893 154
1117 A 1272939 1078446 112 10 207 193558 59 66 56 425
1118 C 1273380 142 117 1077653 28 70 112 195067 21 170
1119 T 1278669 44 1080828 185 5 66 197294 53 17 177
1120 A 1277572 1080356 109 5 182 196580 44 71 55 170
1121 T 1280846 94 1087226 213 11 52 193009 32 14 195
1122 G 1279772 255 355 35 1089605 86 237 87 188966 146
1123 G 1276219 141 249 43 1089228 140 99 21 186154 144
1124 A 1277315 1088975 94 8 237 187616 44 19 125 197
1125 A 1276278 1088193 73 15 189 187512 90 6 36 164
1126 T 1277773 87 1087350 183 13 37 189826 38 25 214
1127 C 1279755 214 101 1087887 40 116 50 191174 31 142
1128 A 1282539 1082603 68 3 234 199344 45 23 60 159
1129 A 1276664 1076858 66 23 182 199242 66 8 49 170
1130 G 1272810 226 125 34 1077137 58 92 24 194970 144
1131 T 1274703 118 1076029 207 20 74 197709 47 21 478
1132 A 1272704 1075177 102 7 199 196673 62 16 60 408
1133 C 1275388 124 143 1074173 45 68 52 200617 32 134
1134 A 1280857 1075621 102 27 147 204264 53 35 37 571
1135 C 1280608 157 104 1075434 37 76 59 204592 21 128
1136 T 1286193 57 1073049 223 10 61 212555 80 11 147
1137 T 1287351 67 1069261 208 11 35 217532 51 10 176
1138 G 1284944 182 198 37 1064195 71 94 24 219978 165
1139 A 1285428 1061135 95 9 199 223725 50 12 54 149
1140 A 1285669 1059285 61 15 192 225701 123 13 64 215
1141 C 1285003 132 110 1062174 26 80 106 222221 13 141
1142 T 1290417 48 1066133 216 22 34 223665 128 25 146
1143 G 1287342 225 322 49 1068101 66 151 106 218217 105
1144 A 1286679 1060493 56 8 219 225523 95 16 75 194
1145 G 1283100 159 54 17 1053297 71 123 16 229232 131
1146 A 1285340 1055687 68 4 207 229075 58 13 54 174
1147 A 1284549 1057666 28 13 174 226352 26 20 109 161
1148 G 1279349 186 207 37 1057329 122 107 28 221200 133
1149 C 1278502 221 181 1062228 49 97 167 215373 29 157
1150 A 1280342 1060343 97 35 295 219160 92 74 93 153
1151 G 1275585 132 329 41 1059398 47 203 42 215268 125
1152 G 1272435 187 99 31 1058495 62 60 66 213271 164
1153 T 1272801 104 1052904 249 20 90 217579 102 92 1661
1154 A 1269565 1055003 58 12 175 213906 68 39 52 252
1155 C 1269807 126 99 1055910 24 81 63 213332 26 146
1156 T 1274840 77 1056877 178 23 49 217375 63 17 181
1157 G 1272536 168 460 14 1057922 82 216 30 213523 121
1158 G 1267984 134 226 32 1053709 67 114 21 213536 145
1159 G 1261404 215 235 54 1052676 75 79 34 207894 142
1160 C 1260401 236 169 1046400 48 82 82 213146 41 197
1161 C 1263622 202 164 1046217 38 106 79 216652 32 132
1162 A 1263811 1039704 102 17 175 223487 70 41 37 178
1163 T 1261791 42 1033468 154 14 73 227773 61 23 183
1164 A 1268096 1035388 16 7 242 232121 72 23 81 146
1165 A 1264930 1036707 50 31 194 227547 142 17 87 155
1166 G 1262300 117 283 30 1029356 65 174 27 232126 122
1167 G 1262782 156 185 33 1027503 85 83 27 234560 150
1168 A 1260286 1027016 120 13 203 232408 57 26 73 370
1169 C 1259691 99 95 1024848 32 73 38 234325 26 155
1170 C 1263801 274 118 1024934 33 161 53 238034 27 167
1171 A 1267739 1030047 91 18 326 236929 66 29 77 156
1172 G 1265237 129 160 30 1027698 59 93 18 236907 143
1173 A 1265094 1028477 55 8 167 236107 54 13 72 141
1174 A 1265566 1030881 49 10 182 234130 78 16 60 160
1175 G 1262710 182 100 21 1032859 73 57 45 229252 121
1176 T 1265599 86 1035373 162 12 113 227640 74 117 2022
1177 G 1258614 179 337 56 1038247 51 310 24 219258 152
1178 G 1255083 119 427 40 1039988 69 152 18 214141 129
1179 A 1253521 1039850 87 6 311 212780 129 30 115 213
1180 G 1249271 136 333 32 1038533 78 221 30 209783 125
1181 G 1242943 131 221 29 1039545 92 141 17 202622 145
1182 A 1240589 1034928 73 5 241 204997 49 40 88 168
1183 A 1240389 1034806 34 22 202 205043 59 20 69 134
1184 A 1236828 1033783 50 125 153 202380 47 50 34 206
1185 C 1236058 148 204 1035327 48 103 107 199923 34 164
1186 A 1234291 1032209 95 25 161 199958 42 69 45 1687
1187 C 1233337 98 150 1030944 33 63 72 201806 29 142
1188 C 1237254 318 111 1028550 45 224 85 207757 29 135
1189 A 1239164 1026011 64 15 127 212670 47 33 51 146
1190 A 1236139 1023665 33 14 123 212063 34 13 50 144
1191 T 1232391 99 1028562 176 8 43 203153 63 15 272
1192 C 1234131 289 95 1018379 36 166 70 214946 21 129
1193 A 1237485 1013035 58 26 166 223941 49 32 35 143
1194 A 1237578 1012480 77 8 176 224553 37 21 56 170
1195 C 1239723 149 115 1009014 46 108 62 230054 41 134
1196 A 1248085 1002876 45 28 213 244587 100 28 67 141
1197 G 1244914 184 241 26 1002485 78 127 28 241616 129
1198 A 1243215 1004878 59 15 208 237598 170 14 90 183
1199 G 1231675 143 426 38 1003364 76 209 32 227256 131
1200 G 1225372 140 222 37 1003842 89 93 20 220806 123
1201 G 1220079 121 178 46 1004166 57 85 53 215243 130
1202 C 1224418 227 223 1009218 65 116 88 214237 52 192
1203 A 1234924 1011473 88 13 147 222908 51 26 53 165
1204 T 1232937 91 1009546 160 6 54 222824 82 18 156
1205 C 1235069 228 68 1003958 31 134 80 230398 33 139
1206 T 1242358 99 1003327 326 16 151 238113 127 30 169
1207 G 1231718 244 287 37 1005107 103 142 46 225619 133
1208 C 1232320 235 472 1009604 78 117 482 221091 90 151
1209 G 1230509 408 516 27 1009899 175 370 58 218909 147
1210 G 1227593 161 230 27 1013009 75 114 43 213796 138
1211 G 1222811 345 283 153 1022290 213 93 77 199208 149
1212 C 1224994 248 204 1022101 51 97 196 201907 43 147
1213 C 1234235 229 159 1022417 33 124 187 210908 28 150
1214 A 1240606 1018306 57 29 145 221627 71 57 141 173
1215 A 1243285 1016852 57 9 129 225842 78 27 127 164
1216 A 1245992 1013579 62 19 107 231852 135 22 55 161
1217 T 1250763 77 1014442 143 3 48 235698 74 66 212
1218 C 1253299 168 113 1026151 26 154 103 226372 39 173
1219 A 1252598 1024358 49 13 207 227648 70 13 88 152
1220 G 1249992 137 218 42 1027774 59 138 53 221426 145
1221 C 1249633 286 174 1028274 50 127 83 220452 34 153
1222 A 1246560 1026428 93 19 144 219562 61 37 54 162
1223 T 1248689 71 1028256 174 4 76 219845 61 30 172
1224 A 1252151 1032449 134 17 190 218925 72 28 62 274
1225 C 1255165 90 126 1028720 43 167 77 225776 33 133
1226 A 1261159 1025684 27 10 121 235058 48 19 52 140
1227 A 1262389 1027016 71 13 167 234461 75 30 142 414
1228 C 1264753 98 111 1033042 24 80 94 231086 97 121
1229 C 1266857 313 67 1038826 45 140 45 227171 117 133
1230 T 1273504 66 1037264 243 13 162 235456 89 27 184
1231 A 1278483 1037648 77 3 152 239849 69 24 164 497
1232 C 1281456 138 188 1037640 35 196 102 242980 39 138
1233 G 1291940 261 108 38 1041993 102 211 38 249000 189
1234 T 1296064 58 1042422 160 15 51 253030 57 23 248
1235 T 1299447 45 1040378 155 4 33 258559 78 17 178
1236 C 1299113 201 101 1042492 30 127 50 255958 23 131
1237 T 1305019 74 1044898 235 7 204 259277 124 14 186
1238 C 1307862 303 141 1047955 42 156 150 258936 34 145
1239 A 1308862 1048661 77 29 241 259400 218 23 75 138
1240 G 1299593 262 111 36 1051316 86 87 39 247504 152
1241 T 1300028 91 1059737 169 12 258 239221 72 28 440
1242 A 1301903 1065870 115 7 202 235265 132 21 52 239
1243 C 1303028 167 120 1066797 52 116 80 235526 35 135
1244 A 1306022 1064744 108 23 156 240261 450 33 77 170
1245 G 1302793 119 312 46 1067156 161 143 33 234657 166
1246 A 1303315 1062321 80 7 179 240294 119 19 145 151
1247 G 1300554 117 185 46 1059731 110 169 42 239986 168
1248 A 1299798 1066813 50 5 218 232310 74 24 145 159
1249 A 1298577 1072536 65 22 178 225434 102 10 64 166
1250 A 1295978 1072865 62 28 167 222474 49 133 45 155
1251 T 1296105 77 1074120 191 12 74 221176 88 128 239
1252 C 1298709 192 85 1076896 30 110 211 221039 22 124
1253 T 1302180 92 1079854 272 12 169 221383 117 12 269
1254 C 1303086 285 100 1081768 40 114 94 220369 163 153
1255 C 1304094 342 83 1074777 39 170 57 228374 116 136
1256 C 1307056 613 101 1077934 37 265 145 227807 21 133
1257 T 1308491 65 1080822 242 21 167 226855 143 18 158
1258 T 1306840 47 1085065 157 21 101 221170 48 56 175
1259 T 1303087 63 1088446 134 11 35 214159 55 22 162
1260 T 1303770 75 1087472 241 21 103 215522 80 50 206
1261 G 1294602 251 195 56 1089353 125 164 56 204239 163
1262 A 1292240 1090275 136 15 214 201209 82 47 51 211
1263 C 1294289 126 261 1090726 39 144 127 202654 39 173
1264 A 1297574 1088641 93 39 262 208092 165 30 95 157
1265 G 1292448 177 238 40 1088222 93 87 33 203388 170
1266 A 1292100 1090879 46 8 155 200715 77 12 51 157
1267 A 1289108 1087133 98 15 193 201322 39 37 55 216
1268 C 1286380 134 110 1087939 43 104 81 197781 28 160
1269 A 1287824 1088163 72 11 166 199131 75 19 47 140
1270 A 1282820 1088483 81 15 249 193564 31 51 65 281
1271 C 1280435 129 104 1090807 30 64 39 189108 21 133
1272 C 1280371 307 101 1091066 38 176 46 188467 32 138
1273 A 1277614 1092467 73 14 123 184675 37 27 32 166
1274 T 1273393 87 1088986 141 10 35 183888 38 14 194
1275 T 1268945 22 1090969 153 10 39 177546 42 17 147
1276 A 1262891 1087236 60 9 173 175163 32 7 34 177
1277 T 1258172 139 1084465 164 13 33 173114 34 18 192
1278 G 1253072 262 252 50 1085127 80 118 30 166980 173
1279 G 1249148 190 202 41 1086432 61 61 27 161992 142
1280 C 1243567 308 290 1077506 90 81 76 165019 40 157
1281 A 1238384 1073980 51 18 260 163802 32 18 47 176
1282 G 1228288 196 196 50 1067682 87 52 27 159869 129
1283 C 1220727 245 125 1062254 26 106 47 157737 20 167
1284 A 1216873 1063454 72 16 184 152895 24 12 34 182
1285 T 1210555 46 1054974 157 23 11 155103 30 37 174
1286 T 1205392 87 1050753 182 6 39 154076 48 43 158
1287 C 1201857 173 134 1046795 48 118 34 154312 50 193
1288 A 1198223 1040997 65 22 152 156738 33 12 42 162
1289 A 1190813 1034345 71 16 139 156011 28 10 45 148
1290 T 1185127 63 1027989 141 20 42 156644 41 19 168
1291 G 1176764 210 625 21 1019473 77 174 19 156018 147
1292 G 1170858 169 321 37 1013358 55 109 17 156658 134
1293 G 1162782 200 199 50 1005446 57 109 13 156559 149
1294 A 1155999 998020 60 5 221 157350 89 13 51 190
1295 A 1147494 992259 55 18 173 154675 32 16 99 167
1296 T 1140844 93 986556 189 6 43 153695 37 13 212
1297 A 1134036 980917 99 15 237 152396 99 15 45 213
1298 C 1125580 143 140 975401 43 99 52 149491 26 185
1299 A 1119328 973296 76 43 295 145271 109 19 58 161
1300 G 1111735 170 301 30 965468 52 70 12 145518 114
1301 A 1105245 956913 74 9 215 147605 74 21 64 270
1302 G 1095466 294 618 32 949570 67 111 52 144615 107
1303 G 1086350 148 542 33 946289 87 127 17 138992 115
1304 G 1076602 157 279 35 937862 67 77 10 137981 134
1305 G 1065512 179 300 22 927736 91 58 23 136988 115
1306 A 1058179 917752 92 9 237 139732 41 11 65 240
1307 G 1049118 166 192 40 908214 62 44 8 140241 151
1308 A 1042259 899248 55 3 155 142544 20 7 41 186
1309 A 1032669 888119 75 11 140 144052 29 26 34 183
1310 C 1023133 116 110 878148 32 85 40 144430 20 152
1311 A 1015822 870658 73 20 107 144742 37 8 35 142
1312 T 1007850 52 862805 126 5 15 144653 37 11 146
1313 C 998765 166 60 854990 32 95 33 143265 23 101
1314 T 993641 87 849092 221 37 90 143890 43 17 164
1315 G 983631 211 163 34 841957 81 47 16 141019 103
1316 A 973550 835093 74 7 144 137953 64 6 38 171
1317 C 964866 119 108 826345 28 134 33 137946 18 135
1318 A 957789 815940 50 19 144 141423 74 5 20 114
1319 T 946436 63 805028 128 16 11 141016 25 13 136
1320 G 933468 152 231 24 795831 74 52 55 136941 108
1321 A 923583 788728 62 14 174 134367 21 43 36 138
1322 G 912590 133 257 21 777435 36 72 49 134505 82
1323 G 903835 129 166 32 769337 142 54 12 133854 109
1324 A 894092 758482 75 6 148 133629 41 12 62 1637
1325 C 883802 81 106 751398 27 60 54 131949 15 112
1326 C 876746 219 194 742130 21 97 102 133828 63 92
1327 G 869237 241 162 28 733307 150 116 4 135121 108
1328 A 860732 725576 33 8 148 134784 31 12 44 96
1329 A 852636 719537 36 6 118 132732 31 8 64 104
1330 A 845118 711307 29 16 95 133462 27 18 70 94
1331 T 836661 36 702150 104 8 18 134166 38 16 125
1332 C 827612 110 79 693096 21 129 51 133979 36 111
1333 A 818060 684059 74 4 129 133610 46 9 46 83
1334 T 807232 34 672586 102 5 40 134349 17 10 89
1335 A 799629 662432 12 8 135 136901 15 2 42 82
1336 A 790816 648673 27 15 139 141791 22 10 54 85
1337 G 779578 85 236 12 636625 35 56 9 142458 62
1338 G 769767 76 114 23 628385 58 52 8 140974 77
1339 A 759263 619426 49 10 107 139468 30 10 37 126
1340 T 750186 51 607121 75 4 25 142769 32 16 93
1341 G 738459 110 152 13 596996 69 49 16 140999 55
1342 A 726644 585844 82 5 129 140388 64 7 40 85
1343 T 717307 75 580075 93 3 26 136921 27 18 69
1344 G 708113 101 157 24 571661 75 79 37 135918 61
1345 G 696103 83 104 19 557948 81 102 11 137694 61
1346 A 686316 547769 32 3 136 138179 22 66 47 62
1347 A 677194 538312 28 8 89 138572 13 29 79 64
1348 A 669684 527640 22 8 106 141708 20 35 84 61
1349 G 660185 79 44 18 517595 41 68 34 142234 72
1350 T 650388 45 507827 98 9 91 141501 61 136 620
1351 G 635687 134 101 37 494681 55 48 66 140509 56
1352 C 619184 89 145 482329 30 133 85 136297 24 52
1353 A 610554 472895 12 8 140 137348 11 27 58 55
1354 A 599492 460318 19 6 88 138932 6 7 43 73
1355 G 585240 181 107 15 451663 76 22 7 133113 56
1356 A 576133 446517 42 8 88 129280 17 15 38 128
1357 C 563781 48 47 434789 21 35 11 128769 24 37
1358 C 556030 124 51 419307 27 202 48 136208 19 44
1359 A 548042 404075 34 9 94 143655 63 4 61 47
1360 G 536192 85 93 8 397036 56 36 13 138833 32
1361 A 524705 389500 17 1 48 135062 8 8 30 31
1362 A 512114 373622 21 5 69 138297 11 6 43 40
1363 G 498890 35 66 11 361733 28 29 6 136956 26
1364 A 489056 349062 30 3 42 139814 24 10 36 35
1365 T 481015 15 332355 47 7 19 148487 17 22 46
1366 G 471290 40 34 5 318995 42 43 7 152097 27
1367 T 462678 26 306008 52 9 66 156341 53 57 66
1368 G 456577 29 35 9 298017 101 36 18 158304 28
1369 T 448891 34 292043 52 3 47 156606 52 20 34
1370 C 444618 62 25 286225 16 143 47 158057 19 24
1371 T 445625 17 283487 74 1 226 161726 64 6 24
1372 T 610557 24 380328 97 2 89 229879 90 12 36
1373 T 602610 42 382819 122 5 55 219176 162 155 74
1374 C 602373 133 54 383427 22 199 156 218302 25 55
1375 C 613988 168 48 381898 31 578 80 231081 69 35
1376 A 606300 381588 39 36 288 223482 296 280 234 57
1377 G 597042 104 204 14 381981 234 497 29 213941 38
1378 G 596935 32 14 0 380438 193 247 74 215916 21
1379 G 590776 90 132 31 376172 144 204 62 213877 64
1380 G 581892 58 192 31 371673 81 214 127 209480 36
1381 C 585830 175 135 367151 54 202 949 216806 238 120
1382 G 590894 209 354 44 365521 234 736 193 223569 34
1383 G 584882 114 345 29 364253 91 496 119 219410 25
1384 G 585990 94 209 40 364748 180 627 40 219994 58
1385 G 582112 81 85 18 366539 162 148 49 214973 57
1386 A 587249 362489 26 2 89 208077 90 65 7931 8480
1387 G 589020 47 38 18 373375 83 117 35 215267 40
1388 T 596767 4 341978 48 1 344 204707 177 17462 32046
1389 C 609073 71 18 384950 3 296 89 223531 62 53
1390 T 618831 34 399738 80 9 186 218401 287 15 81
1391 T 623045 31 395857 79 4 279 226650 100 18 27
1392 C 630962 120 91 397240 15 429 646 232121 43 257
1393 G 641869 102 114 27 404266 235 512 238 235754 621
1394 A 647025 408814 12 2 58 237632 57 47 157 246
1395 G 654686 33 91 11 412219 53 136 34 242048 61
1396 C 666207 91 48 425320 25 121 75 240377 57 93
1397 T 683088 13 440889 71 4 37 241558 157 36 323
1398 C 692639 60 43 441097 15 145 99 251145 8 27
1399 T 705131 15 444129 62 2 84 260631 119 13 76
1400 C 714779 141 169 443563 22 194 677 269869 85 59
1401 G 722345 85 168 13 451231 208 473 187 269865 115
1402 G 727418 56 108 21 458104 87 108 93 268817 24
1403 A 733997 465525 25 2 114 266151 40 41 746 1353
1404 C 743581 51 111 481275 24 266 299 261404 59 92
1405 G 752264 114 118 22 492668 228 177 80 258821 36
1406 A 760220 501921 37 1 65 257794 34 31 246 91
1407 A 767829 512242 16 5 83 255214 38 9 175 47
1408 A 774726 526026 12 3 58 248426 93 15 35 58
1409 A 777610 534247 22 9 290 242585 167 39 145 106
1410 G 777002 55 125 10 542469 1956 165 21 227182 5019
1411 G 775669 72 118 16 560269 43 67 20 215045 19
1412 C 779195 135 101 578590 42 105 125 199831 90 176
1413 A 784961 588659 28 5 179 195755 50 40 83 162
1414 G 783175 170 149 30 603143 82 83 20 179430 68
1415 C 784863 190 201 614917 37 117 192 169103 37 69
1416 G 794568 124 188 22 626753 59 132 18 167230 42
1417 A 796052 635649 25 4 74 159807 30 13 71 379
1418 G 795396 66 168 42 644918 70 51 23 150012 46
1419 C 796714 204 160 657255 34 78 45 138791 67 80
1420 C 799323 159 73 670221 11 92 44 128645 10 68
1421 C 801839 359 139 679529 27 154 161 121390 13 67
1422 G 798816 134 170 31 685803 119 51 121 110765 1622
1423 A 796495 695290 49 5 128 100725 47 19 41 191
1424 T 794587 79 700013 102 7 84 93830 16 21 435
1425 C 792480 175 135 700761 24 76 21 91201 12 75
1426 G 788819 182 102 30 702826 71 20 14 85449 125
1427 T 786723 52 708048 138 8 46 77082 26 46 1277
1428 G 783782 141 162 26 718009 10 56 10 65330 38
1429 C 781414 181 95 718969 30 22 13 61987 10 107
1430 C 779758 227 58 722896 11 35 11 56323 12 185
1431 T 779086 50 734836 122 3 39 43631 42 0 363
1432 T 776902 41 738397 131 4 8 38194 11 5 111
1433 C 774305 151 73 739716 22 18 24 34218 2 81
1434 C 772861 220 89 741574 30 46 27 30681 5 189
1435 T 771529 23 746447 132 26 36 24733 21 5 106
1436 T 769302 52 748820 72 5 18 20252 2 12 69
1437 T 766707 35 747224 83 8 3 19176 5 4 169
1438 G 764476 142 137 41 741195 8 769 6 17432 4746
1439 A 762425 744754 103 7 119 17264 5 12 10 151
1440 C 760911 101 120 743619 28 28 7 16800 10 198
1441 A 760158 742847 59 9 100 17046 10 2 6 79
1442 T 758709 41 741755 99 7 2 16509 2 9 285
1443 G 757489 126 227 37 741299 20 15 2 15701 62
1444 A 755853 740474 73 12 183 14908 0 1 13 189
1445 G 754182 110 89 15 739709 4 8 0 14197 50
1446 T 752786 95 733361 101 7 12 13412 3 178 5617
1447 A 751245 738328 12 2 110 12721 1 1 1 69
1448 A 749316 737741 56 7 72 11369 0 2 3 66
1449 T 747830 58 736684 87 6 6 10779 0 1 209
1450 G 747227 123 160 42 736110 5 10 2 10721 54
1451 A 746070 735511 69 4 103 10307 2 0 3 71
1452 A 745012 734561 49 13 106 10160 0 2 1 120
1453 G 743954 132 231 17 733944 47 6 3 9497 77
1454 G 743058 71 145 19 733466 7 5 1 9309 35
1455 A 742052 732514 45 4 118 8862 0 29 7 473
1456 T 741300 59 732385 101 3 36 8593 0 2 121
1457 C 740470 107 45 731878 21 8 3 8264 6 138
1458 T 740030 53 731508 99 8 21 8228 2 33 78
1459 T 739264 8 731246 125 3 37 7767 7 1 70
1460 A 738351 730727 32 3 78 7256 30 0 2 223
1461 T 737643 45 730617 66 4 3 6798 27 0 83
1462 T 737025 48 730338 92 2 7 6442 1 26 69
1463 T 736472 49 729944 103 3 10 6272 2 20 69
1464 C 735700 160 85 728466 29 3 53 5728 20 1156
1465 T 735174 34 729170 126 5 8 5512 20 0 299
1466 T 734431 48 729049 75 2 2 5076 2 0 177
1467 C 733605 243 139 728464 40 5 12 4512 2 188
1468 G 733159 149 236 26 728205 11 2 1 4373 156
1469 G 732585 59 197 23 728198 1 3 1 4061 42
1470 A 731972 727671 54 8 175 3735 2 0 8 319
1471 G 731531 74 130 22 727718 2 1 0 3533 51
1472 A 730574 726932 85 2 170 3261 0 2 2 120
1473 C 729514 89 100 726163 36 6 3 3037 2 78
1474 A 728450 725336 34 2 109 2899 1 4 1 64
1475 A 726758 723864 45 8 103 2673 2 0 1 62
1476 T 724533 53 721612 109 8 3 2501 2 0 245
1477 G 722834 517 163 36 719666 5 1 0 2377 69
1478 C 721656 183 169 718966 38 7 0 2207 1 85
1479 A 720304 717595 85 20 172 2065 0 0 0 367
1480 G 718140 100 207 34 715835 1 2 0 1916 45
1481 A 715169 713140 35 5 116 1794 0 0 1 78
1482 G 712503 145 219 25 710346 0 2 0 1710 56
1483 G 709673 107 158 17 707683 2 1 1 1653 51
1484 A 705236 703280 42 6 149 1565 0 0 3 191
1485 G 702202 127 90 19 700402 2 0 0 1514 48
1486 T 700061 59 680081 120 6 7 1435 2 68 18283
1487 A 698728 696932 59 6 137 1510 1 0 1 82
1488 C 694906 116 187 692987 39 2 1 1478 0 96
1489 G 690162 180 132 24 688278 5 2 1 1483 57
1490 A 687767 685859 92 9 163 1555 0 1 3 85
1491 C 683780 117 81 681774 54 16 3 1587 15 133
1492 A 678739 676632 46 14 93 1759 1 1 11 182
1493 A 674752 672607 35 5 82 1939 3 1 16 64
1494 T 671351 52 668852 89 13 11 2120 17 1 196