# amino-acid counts among definitively called codons
# POSITION TOTAL_COUNTS WT N_A N_C N_D N_E N_F N_G N_H N_I N_K N_L N_M N_N N_P N_Q N_R N_S N_T N_V N_W N_Y N_STOP
1 1319090 M 0 0 0 0 0 0 0 626 127 101 1317821 0 0 0 7 0 200 208 0 0 0
2 1324432 A 1323275 0 0 307 0 57 0 0 0 1 1 0 43 0 0 282 99 367 0 0 0
3 1326049 S 9 29 0 0 95 0 0 1 0 1 0 0 212 0 0 1325495 45 0 0 161 1
4 1327340 Q 0 0 0 55 0 0 131 0 303 99 0 0 17 1326229 337 4 0 0 0 0 165
5 1329596 G 43 429 281 1 0 1328098 0 0 0 0 0 0 0 0 39 418 0 287 0 0 0
6 1330152 T 259 0 0 0 0 0 0 138 1 0 1 111 15 0 0 136 1329491 0 0 0 0
7 1332862 K 0 0 0 157 0 0 0 36 1332296 0 0 130 0 27 134 0 9 0 0 0 73
8 1336554 R 0 0 0 0 0 52 0 2 0 280 0 0 49 200 1335750 0 0 0 0 0 221
9 1340043 S 15 44 1 0 106 0 1 0 0 0 0 0 206 0 0 1339334 93 0 0 243 0
10 1342967 Y 0 214 6 0 42 0 981 0 0 0 0 30 0 1 0 14 0 0 0 1341454 225
11 1347621 E 6 0 103 1346434 0 186 0 0 397 0 0 0 0 50 0 0 0 90 0 0 355
12 1353097 Q 0 0 0 62 0 0 383 0 211 93 0 0 22 1351953 200 1 0 0 0 1 171
13 1359888 M 0 0 0 0 0 0 0 757 140 124 1358477 0 0 0 14 0 171 205 0 0 0
14 1355953 E 13 0 361 1354368 0 459 0 0 192 0 0 0 0 52 0 0 0 126 0 0 382
15 1347006 T 237 0 0 0 1 0 0 122 0 0 0 178 5 1 0 159 1346303 0 0 0 0
16 1332374 D 13 0 1331123 228 0 311 47 0 0 0 0 179 0 0 0 0 0 144 0 329 0
17 1303962 G 46 0 0 149 0 1302730 0 0 2 0 0 0 2 0 258 0 0 369 0 0 406
18 1290324 E 5 0 61 1289473 0 209 1 1 209 0 0 0 1 51 0 0 0 54 0 0 259
19 1256152 R 0 274 0 0 0 53 494 0 0 393 0 0 75 0 1254689 174 0 0 0 0 0
20 1218007 Q 0 0 0 54 0 0 323 0 291 90 0 1 722 1215979 334 1 1 0 0 0 211
21 1172561 N 0 0 190 0 0 0 9 47 96 0 0 1171948 0 0 0 185 21 0 0 65 0
22 1109375 A 1108231 0 184 0 0 49 0 0 0 0 0 1 69 1 1 309 302 228 0 0 0
23 1079958 T 190 0 0 0 1 1 0 82 1 0 0 159 456 2 1 147 1078918 0 0 0 0
24 1033782 E 4 0 68 1032938 0 216 0 0 213 9 0 0 0 49 0 0 0 68 0 0 217
25 976190 I 0 0 0 0 50 0 0 975738 0 16 42 51 0 0 0 5 133 155 0 0 0
26 937315 R 0 0 0 0 0 251 0 202 206 0 1 0 0 0 936478 53 30 0 0 0 94
27 895905 A 895173 0 0 212 0 54 1 0 0 0 0 0 23 0 0 160 146 136 0 0 0
28 868926 S 15 41 0 1 76 1 0 0 0 0 0 0 154 0 0 868370 75 0 0 193 0
29 840146 V 134 0 65 1 128 7 0 267 0 30 0 0 0 0 0 0 0 839514 0 0 0
30 804722 G 27 0 0 155 0 803742 1 1 3 1 0 0 0 0 344 0 1 178 0 0 269
31 776267 K 0 0 0 133 0 0 0 41 775918 2 0 41 0 11 83 0 5 0 0 0 33
32 729161 M 0 0 0 0 0 0 0 399 56 43 728473 0 0 0 14 0 89 87 0 0 0
33 693948 I 0 0 0 0 45 0 0 693528 0 4 10 49 0 0 1 12 181 118 0 0 0
34 689668 G 25 217 133 0 0 689047 0 0 0 0 0 0 0 0 26 136 1 83 0 0 0
35 453057 G 27 1 0 51 0 452655 0 0 1 1 0 0 0 0 102 0 0 92 0 0 127
36 475696 I 0 0 0 0 18 0 0 475482 0 4 7 25 0 0 0 6 55 99 0 0 0
37 489394 G 18 0 0 73 0 488959 0 0 1 0 0 0 0 0 95 0 0 95 0 0 153
38 507724 R 0 0 0 0 0 26 0 0 0 96 0 0 21 123 507316 0 0 0 0 0 142
39 526656 F 0 9 0 0 526202 0 0 26 0 289 0 0 1 0 0 72 0 12 0 45 0
40 550842 Y 0 103 6 0 48 1 204 0 0 0 0 48 0 0 0 7 0 0 0 550332 93
41 575284 I 0 0 0 0 45 0 0 574961 0 20 17 51 0 0 1 10 103 76 0 0 0
42 603437 Q 0 0 0 27 0 0 23 0 210 34 0 0 10 602960 104 0 0 0 0 0 69
43 629891 M 0 0 0 0 0 0 0 252 27 43 629403 0 0 0 7 0 67 92 0 0 0
44 663008 C 0 662252 0 0 144 18 0 1 0 2 0 0 0 0 120 83 0 0 49 209 130
45 688786 T 139 0 0 0 0 0 0 121 0 0 0 52 13 0 0 99 688362 0 0 0 0
46 715067 E 7 0 57 714474 0 100 0 0 202 0 0 0 0 20 0 0 0 20 0 0 187
47 741250 L 0 0 0 0 89 0 44 141 0 740777 0 0 174 0 8 0 0 17 0 0 0
48 764603 K 0 0 0 139 0 0 0 28 764233 0 0 77 0 10 86 0 12 0 0 0 18
49 778495 L 0 0 0 0 69 0 26 78 0 778168 0 0 136 1 3 0 0 14 0 0 0
50 799211 S 0 53 0 0 0 184 0 104 1 0 0 94 0 0 129 798628 18 0 0 0 0
51 822003 D 11 0 821400 77 0 153 33 0 0 0 0 118 0 0 0 0 0 58 0 153 0
52 844392 Y 0 148 7 0 68 0 229 0 0 0 0 10 0 0 1 10 0 0 0 843829 90
53 876083 E 9 0 337 874951 0 245 0 0 183 0 1 0 0 24 1 0 0 73 0 0 259
54 895517 G 28 0 0 323 0 894468 0 0 0 1 0 1 0 0 233 0 0 170 0 0 293
55 908576 R 0 0 0 0 0 36 0 0 0 321 0 0 26 247 907717 0 0 0 228 0 1
56 920436 L 0 0 0 0 222 0 0 0 1 919877 82 0 2 0 0 163 2 15 8 0 64
57 937015 I 0 0 0 0 83 0 0 936460 3 11 35 79 0 0 0 9 174 161 0 0 0
58 951826 Q 0 0 0 40 0 0 58 0 272 59 0 0 102 951035 134 0 0 0 1 0 125
59 952133 N 0 0 96 0 0 1 12 63 145 0 0 951573 0 0 0 128 77 0 0 38 0
60 960494 S 0 20 0 0 0 163 0 235 0 0 0 129 0 0 286 959646 15 0 0 0 0
61 966217 L 0 0 0 0 79 0 0 70 3 965670 0 0 26 0 0 262 0 17 0 0 90
62 982084 T 152 0 0 0 0 0 0 104 110 0 0 1 13 0 29 72 981603 0 0 0 0
63 1000032 I 0 0 0 1 0 0 0 999373 76 77 180 1 0 0 8 0 171 145 0 0 0
64 1015920 E 1 0 282 1014946 0 183 0 0 97 0 0 0 0 33 0 0 0 56 0 1 321
65 1019619 R 0 0 0 0 0 181 0 196 128 0 0 0 0 0 1018938 60 32 1 0 0 83
66 1024520 M 0 0 0 0 0 0 0 531 105 95 1023483 0 0 0 10 0 151 145 0 0 0
67 1018480 V 163 0 0 126 0 22 0 0 0 137 221 0 0 0 0 0 0 1017811 0 0 0
68 1024533 L 1 3 0 0 136 0 50 227 0 1023861 0 0 195 0 18 0 0 42 0 0 0
69 1022189 S 11 35 0 0 87 1 0 0 0 0 0 0 187 0 0 1021588 80 0 0 200 0
70 1016071 A 1015107 0 213 0 0 36 0 0 0 0 0 0 43 0 0 214 355 103 0 0 0
71 1011064 F 0 27 0 0 1010525 0 0 58 0 268 0 0 7 0 0 128 0 24 0 27 0
72 1004184 D 6 0 1003277 180 2 222 40 1 0 0 0 159 0 0 0 0 0 106 0 191 0
73 1007242 E 4 0 99 1006244 0 253 0 0 296 0 0 0 0 37 0 0 0 65 0 0 244
74 1027577 R 0 0 0 0 0 255 0 0 146 0 380 0 0 0 1026394 336 25 0 41 0 0
75 1029036 R 0 0 0 0 0 225 0 182 160 1 0 0 0 0 1028259 74 43 0 0 0 92
76 1030961 N 0 0 148 0 0 0 12 57 75 1 0 1030460 0 0 0 148 15 0 0 45 0
77 1027842 K 0 0 0 168 0 0 0 63 1027344 0 0 81 0 8 125 0 15 0 0 0 38
78 1039207 Y 0 182 8 0 59 0 205 0 0 0 0 89 0 0 0 7 0 0 0 1038495 162
79 1047557 L 0 0 0 0 80 0 73 337 0 1046847 0 0 169 0 18 0 0 33 0 0 0
80 1035175 E 5 0 89 1034359 0 192 0 0 200 0 0 0 0 48 4 2 0 74 0 0 202
81 1033777 E 4 0 97 1033034 0 170 0 4 163 0 0 0 0 38 0 0 0 91 0 0 176
82 1034213 H 0 0 36 0 4 0 1033587 0 0 69 0 148 12 98 126 2 0 0 0 131 0
83 1034528 P 26 0 0 0 0 0 276 0 0 102 0 0 1033793 0 39 73 219 0 0 0 0
84 1051109 S 0 30 0 0 0 215 0 120 0 0 0 200 0 0 140 1050374 29 1 0 0 0
85 1052131 A 1050932 0 0 217 0 42 0 0 0 0 0 0 32 0 0 275 297 336 0 0 0
86 1051472 G 49 0 0 162 0 1050104 0 0 0 0 0 0 0 0 227 0 0 339 590 0 1
87 1055905 K 0 0 0 192 0 0 0 61 1055199 0 10 145 0 9 214 0 17 0 0 0 58
88 1064849 D 10 0 1063903 108 9 169 27 0 0 0 0 339 0 0 0 1 0 91 0 192 0
89 1069179 P 19 1 0 0 4 0 347 0 0 107 0 0 1068373 0 46 93 189 0 0 0 0
90 1072900 K 0 0 0 178 0 0 0 0 1072352 0 33 153 0 5 147 1 17 0 0 0 14
91 1068859 K 0 0 0 171 0 0 0 28 1068388 0 0 37 0 4 157 0 15 0 0 0 59
92 1059467 T 144 0 0 0 0 0 0 59 0 0 0 117 65 0 0 91 1058991 0 0 0 0
93 1061272 G 30 0 0 152 0 1060314 0 1 1 0 0 0 0 0 264 0 0 200 0 0 310
94 1058028 G 31 0 0 117 0 1057295 0 0 0 0 0 0 0 0 163 0 0 224 0 0 198
95 1050610 P 35 0 0 0 0 0 275 0 0 82 2 0 1049952 1 35 126 101 1 0 0 0
96 1045368 I 0 0 0 0 0 0 1 1044725 107 75 125 0 0 0 8 0 158 169 0 0 0
97 1039183 Y 0 146 15 0 97 0 209 0 0 0 0 94 0 0 0 10 0 0 0 1038423 189
98 1036904 R 0 0 0 0 0 241 0 0 131 1 363 0 0 0 1035779 269 39 0 81 0 0
99 1027484 R 0 0 0 0 0 235 0 295 168 0 0 0 0 0 1026591 90 22 1 0 0 82
100 1016268 V 408 0 0 133 0 17 0 230 0 112 0 0 0 0 0 0 0 1015368 0 0 0
101 1019911 N 0 0 115 0 0 0 7 54 193 0 0 1019293 0 0 0 142 78 0 0 29 0
102 1014256 G 37 0 0 156 0 1013264 0 0 1 0 0 0 0 0 315 0 0 172 1 0 310
103 1018906 K 0 0 0 163 0 0 0 0 1018186 0 27 137 0 14 311 0 22 0 0 0 46
104 1009728 W 0 286 0 0 0 14 0 0 1 303 0 0 0 0 206 26 0 0 1008637 0 255
105 1001768 M 0 0 0 1 0 0 0 504 94 136 1000624 0 0 0 34 0 141 234 0 0 0
106 992430 R 0 0 0 0 0 252 0 329 99 0 0 0 0 0 991504 118 21 1 0 0 106
107 986371 E 1 0 84 985611 0 164 0 0 195 0 0 0 0 37 0 1 0 72 0 0 206
108 985523 L 0 0 0 0 87 0 77 93 0 985036 0 0 194 0 10 0 0 26 0 0 0
109 972952 I 0 0 0 0 56 0 0 972436 0 13 36 95 0 0 0 17 182 117 0 0 0
110 957124 L 0 1 0 0 77 0 30 344 0 956483 0 0 138 0 18 0 0 33 0 0 0
111 947795 Y 0 159 8 0 74 0 142 2 0 0 0 21 0 0 0 7 0 0 0 947250 132
112 929451 D 12 0 928435 201 0 201 54 0 0 0 0 238 0 0 0 1 0 129 0 180 0
113 912838 K 0 0 0 120 0 0 0 44 912417 0 0 54 0 18 118 2 11 0 0 0 54
114 913557 E 5 0 53 912954 0 144 0 0 135 0 0 0 0 29 0 0 0 49 0 0 188
115 909019 E 5 0 60 908459 0 172 0 0 103 0 0 0 0 19 0 0 0 57 0 0 144
116 898064 I 0 0 0 0 0 0 0 897479 51 57 169 0 0 0 9 0 162 137 0 0 0
117 900242 R 0 0 0 0 0 150 0 0 110 0 242 0 0 0 899431 200 37 0 72 0 0
118 899452 R 0 0 0 0 0 51 0 0 0 249 0 0 34 220 898747 0 0 0 0 0 151
119 893963 I 0 0 0 0 28 0 0 893554 0 16 22 67 0 0 0 8 128 140 0 0 0
120 896135 W 0 203 0 0 0 20 0 0 0 253 0 0 0 0 268 32 0 0 894926 0 433
121 894452 R 0 233 0 0 0 57 255 0 0 234 0 0 46 1 893387 239 0 0 0 0 0
122 891678 Q 0 0 0 28 0 0 48 0 224 54 0 0 20 891080 128 0 0 0 0 0 96
123 889510 A 888665 0 245 0 0 25 0 0 0 0 0 0 26 0 0 222 173 154 0 0 0
124 896268 N 0 0 116 0 0 0 4 63 79 0 0 895883 0 0 0 94 15 0 0 14 0
125 899689 N 0 0 139 0 0 2 2 45 81 0 0 899259 0 0 0 126 6 1 0 28 0
126 889225 G 23 263 129 0 0 888541 0 0 0 0 0 0 0 0 27 169 0 73 0 0 0
127 888971 D 6 0 888162 188 0 170 30 0 0 0 0 183 0 0 0 1 0 67 0 164 0
128 887912 D 4 0 887150 108 0 131 33 0 0 0 0 227 0 0 0 0 1 76 0 182 0
129 902399 A 901440 0 0 187 0 61 0 0 1 0 0 0 27 0 0 154 229 300 0 0 0
130 907689 T 168 0 0 0 0 0 0 0 143 0 213 0 16 0 39 36 907074 0 0 0 0
131 906007 A 905242 0 224 0 0 29 0 0 0 0 0 0 28 0 0 171 200 113 0 0 0
132 894909 G 24 249 130 0 1 894203 0 0 0 0 0 1 1 0 30 175 0 95 0 0 0
133 895690 L 0 0 0 0 0 0 0 0 0 895103 184 0 299 54 19 0 0 31 0 0 0
134 891604 T 179 0 0 0 0 0 0 120 0 1 0 116 8 0 0 124 891056 0 0 0 0
135 901040 H 0 0 33 0 0 1 900228 1 0 81 0 288 23 142 135 0 0 1 0 107 0
136 911092 M 1 0 0 0 0 0 0 384 79 71 910231 0 0 0 11 0 146 169 0 0 0
137 921174 M 0 0 0 0 0 0 0 388 95 88 920252 0 0 0 5 0 162 184 0 0 0
138 917432 I 0 0 0 0 59 0 0 916936 0 3 37 66 1 0 0 11 125 194 0 0 0
139 924111 W 0 219 0 0 1 21 1 0 0 245 1 0 0 0 360 41 0 0 922866 0 356
140 926301 H 0 1 63 0 0 0 925514 0 0 44 0 273 16 46 177 2 0 0 0 165 0
141 931389 S 6 39 0 0 114 0 0 0 0 0 0 0 185 0 0 930767 59 0 0 219 0
142 928800 N 0 0 126 0 0 0 15 48 66 0 0 928379 0 0 0 96 13 0 0 57 0
143 928919 L 0 0 0 0 243 0 0 0 0 928410 53 0 0 0 0 152 0 8 14 0 39
144 929470 N 0 0 201 0 0 0 15 29 88 1 0 928872 0 0 0 173 14 0 0 77 0
145 922088 D 16 0 921313 98 0 196 26 0 1 0 0 112 0 0 0 0 0 107 0 219 0
146 919573 A 918689 0 0 197 0 50 0 0 0 1 0 0 39 0 0 163 243 191 0 0 0
147 919706 T 133 0 0 0 0 0 0 61 0 0 0 127 6 0 0 92 919287 0 0 0 0
148 916373 Y 0 128 5 0 27 0 152 0 0 0 0 9 0 0 0 12 0 0 0 915938 102
149 920195 Q 0 0 0 32 0 0 337 0 189 85 0 0 30 919132 270 0 0 0 0 0 120
150 906437 R 0 0 0 1 0 220 0 0 140 0 232 0 0 0 905569 180 32 0 63 0 0
151 897854 T 230 0 0 0 0 1 0 107 100 0 0 0 12 0 36 108 897260 0 0 0 0
152 904262 R 1 0 1 0 0 151 0 115 161 0 0 0 0 0 903717 33 21 0 0 0 62
153 915016 A 914263 1 231 0 0 36 0 1 0 0 0 0 35 0 0 197 175 77 0 0 0
154 916009 L 3 0 0 0 68 0 55 157 0 915562 0 0 139 0 4 0 0 21 0 0 0
155 914028 V 147 0 100 0 94 66 0 125 0 28 0 0 0 0 0 0 0 913468 0 0 0
156 912432 R 0 244 0 0 0 43 368 0 0 171 0 1 35 0 911343 227 0 0 0 0 0
157 916674 T 182 1 0 0 0 0 0 168 2 0 0 98 24 0 4 139 916056 0 0 0 0
158 910156 G 47 0 0 118 0 909134 0 0 0 0 0 0 1 4 319 0 2 195 0 0 336
159 914229 M 4 0 0 0 0 0 0 506 53 79 913227 0 0 0 9 0 140 211 0 0 0
160 929995 D 13 1 929248 129 0 188 25 0 0 0 0 151 0 0 1 0 0 51 0 188 0
161 932884 P 45 0 0 0 1 0 303 0 0 107 0 0 932025 4 35 127 236 0 0 1 0
162 940586 R 0 0 0 0 0 229 0 0 167 0 325 0 0 3 939587 203 25 1 45 1 0
163 951216 M 0 0 0 3 0 0 0 346 39 76 950407 0 0 0 15 0 123 207 0 0 0
164 948845 C 0 947838 0 0 194 21 0 0 0 0 0 0 0 0 137 143 0 0 39 283 190
165 947250 S 29 42 0 0 83 0 0 0 0 0 0 1 154 0 0 946683 66 0 0 192 0
166 951816 L 0 0 0 0 0 0 1 1 0 951202 285 0 198 89 7 1 0 32 0 0 0
167 962437 M 0 0 0 0 0 0 0 560 71 86 961357 0 0 0 18 0 175 170 0 0 0
168 967901 Q 0 0 0 46 0 0 69 0 164 59 0 0 7 967214 203 0 0 0 0 0 139
169 964849 G 39 308 165 0 0 964088 0 0 0 0 0 0 0 0 24 112 0 113 0 0 0
170 974425 S 12 0 0 0 0 0 0 0 1 131 0 0 150 1 1 973821 60 0 0 0 248
171 977438 T 146 0 0 0 0 0 0 74 0 0 0 128 10 0 0 108 976972 0 0 0 0
172 980055 L 0 0 0 0 77 0 103 303 0 979295 0 0 248 0 7 1 1 20 0 0 0
173 980778 P 45 0 0 0 0 0 591 0 0 103 0 0 979527 1 32 116 362 0 0 1 0
174 987949 R 0 0 0 0 0 172 0 0 110 0 305 0 0 0 987018 258 35 0 51 0 0
175 987492 R 0 0 0 0 0 201 0 0 108 0 238 0 0 0 986797 75 11 0 62 0 0
176 991430 S 18 26 0 0 87 0 0 0 0 0 0 0 160 0 0 990887 71 0 0 181 0
177 1007990 G 22 0 0 156 0 1007283 0 0 4 0 0 0 0 0 261 0 0 109 0 0 155
178 1021145 A 1020343 0 212 0 0 27 0 1 0 0 0 0 22 0 0 213 198 128 0 0 1
179 1036758 A 1035536 0 0 259 0 35 0 0 0 0 0 0 145 0 0 195 467 121 0 0 0
180 1031587 G 28 284 160 0 0 1030858 0 0 0 0 0 0 1 0 34 124 0 98 0 0 0
181 1029516 A 1028630 0 191 0 0 34 0 0 0 0 0 0 25 0 0 251 229 156 0 0 0
182 1038457 A 1037281 0 0 230 0 56 0 0 0 0 0 0 52 0 0 215 338 285 0 0 0
183 1038940 V 185 0 98 1 101 9 0 173 0 28 0 0 0 0 0 0 0 1038345 0 0 0
184 1057450 K 0 0 0 178 0 0 0 79 1056815 0 0 116 0 13 156 1 15 0 0 0 77
185 1062995 G 27 0 0 102 0 1062092 0 1 0 0 0 0 0 0 173 0 0 302 1 0 297
186 1068860 V 164 0 88 0 98 10 0 187 0 24 0 0 1 0 0 0 0 1068288 0 0 0
187 1073924 G 48 0 0 193 0 1072903 0 0 1 0 0 0 1 0 244 0 0 225 0 0 309
188 1076271 T 210 0 0 0 0 0 0 116 125 0 0 0 12 0 38 84 1075686 0 0 0 0
189 1088117 M 0 0 0 0 0 0 0 630 77 80 1087007 0 0 0 13 0 146 163 0 0 1
190 1087170 V 164 0 0 104 0 19 0 0 0 128 195 0 0 0 0 0 0 1086560 0 0 0
191 1089790 M 0 0 0 0 0 0 0 628 99 133 1088550 0 0 0 11 0 139 230 0 0 0
192 1091400 E 6 0 76 1090536 0 269 0 0 147 0 0 0 0 38 0 0 0 83 0 0 245
193 1091756 L 1 0 0 0 392 0 0 0 0 1091051 70 0 1 0 0 134 0 14 19 0 74
194 1094550 V 175 0 123 0 84 18 0 229 0 42 0 0 0 0 0 0 0 1093878 0 1 0
195 1087594 R 0 0 0 0 0 215 0 220 169 0 0 0 0 0 1086764 65 31 0 0 0 130
196 1085078 M 1 0 0 0 0 0 0 447 89 83 1084096 0 0 0 10 0 154 198 0 0 0
197 1084177 I 0 0 0 0 94 0 0 1083519 0 6 49 137 0 0 0 6 172 194 0 0 0
198 1078900 K 0 0 0 156 0 0 0 18 1078391 0 0 114 1 12 173 0 9 0 0 0 26
199 1073218 R 0 203 0 0 0 34 310 0 0 123 0 0 32 0 1072378 137 0 0 0 0 1
200 1079499 G 32 0 0 206 0 1078048 0 0 0 0 0 0 0 0 276 0 0 334 603 0 0
201 1068618 I 0 0 0 0 100 0 0 1067972 0 4 43 63 1 0 0 5 171 259 0 0 0
202 1061846 N 0 0 221 0 0 0 14 47 108 0 0 1061248 0 0 0 139 16 0 0 52 1
203 1061803 D 7 0 1060982 98 0 157 37 0 0 0 0 185 0 0 0 0 1 110 0 226 0
204 1058917 R 0 0 0 0 0 25 0 0 0 270 0 0 46 276 1058057 0 0 0 243 0 0
205 1047876 N 0 0 196 0 0 0 8 45 120 0 0 1047275 0 0 0 177 14 0 0 41 0
206 1030466 F 0 6 0 0 1029850 0 0 31 0 380 0 0 2 0 0 134 0 14 0 49 0
207 1010248 W 0 400 0 0 0 13 0 0 0 315 0 0 0 0 301 27 0 0 1008817 1 374
208 999079 R 0 0 0 0 0 255 0 1 181 0 539 0 0 0 997411 587 28 0 77 0 0
209 985168 G 16 304 137 0 0 984381 0 0 0 0 0 0 0 0 40 162 0 127 0 1 0
210 988307 E 13 0 234 987189 0 267 0 0 175 0 0 0 0 38 0 0 0 127 0 0 264
211 984850 N 0 0 176 0 0 0 7 64 107 0 0 984261 0 0 0 165 25 0 0 45 0
212 986938 G 41 0 0 174 0 985945 0 0 1 0 0 0 0 0 280 0 0 202 0 0 295
213 977338 R 0 0 0 0 0 34 1 0 0 195 0 0 32 266 976519 0 0 0 0 0 291
214 960799 K 0 0 0 163 0 0 0 22 960308 0 0 69 0 25 132 0 28 2 0 0 50
215 952168 T 174 0 0 0 0 1 0 78 82 0 0 0 268 0 28 77 951460 0 0 0 0
216 944100 R 0 0 0 1 0 157 0 122 158 0 0 0 0 0 943500 77 27 0 0 0 58
217 938115 I 0 0 0 0 61 0 0 937671 0 28 12 69 0 0 0 6 131 137 0 0 0
218 936601 A 935851 0 175 1 0 60 0 0 0 0 0 0 30 0 0 229 162 93 0 0 0
219 946540 Y 4 135 11 1 39 0 142 0 0 0 0 15 0 0 1 9 0 0 0 946081 102
220 952552 E 10 0 46 951802 0 193 0 0 167 0 0 0 0 51 1 0 0 71 0 0 211
221 959821 R 0 0 0 1 0 214 0 160 149 0 0 2 0 0 959177 51 31 0 0 0 36
222 950265 M 0 0 0 2 0 0 0 402 79 68 949356 0 0 0 16 0 100 242 0 0 0
223 945084 C 0 944007 0 0 183 42 0 0 0 0 0 0 0 0 186 279 0 0 52 171 164
224 948693 N 0 0 133 1 0 0 14 86 122 0 0 948129 0 0 1 139 15 0 0 53 0
225 952505 I 0 0 0 0 72 0 0 952067 0 16 2 37 1 0 0 12 169 129 0 0 0
226 957947 L 0 0 0 0 82 0 94 187 0 957346 0 0 189 0 11 2 0 36 0 0 0
227 955900 K 0 0 0 153 0 0 0 60 955412 0 0 72 0 18 120 0 10 0 0 0 55
228 948429 G 37 0 1 159 0 947274 0 0 0 1 0 0 0 0 140 0 0 232 585 0 0
229 953295 K 0 0 1 241 0 0 0 39 952684 0 0 79 0 9 171 0 9 0 0 0 62
230 957078 F 0 9 0 0 956492 0 1 93 0 257 0 0 3 0 0 161 0 25 0 36 1
231 958960 Q 0 0 0 40 0 0 55 0 195 25 0 0 7 958228 275 2 0 0 0 0 133
232 961754 T 131 0 0 0 0 0 0 75 0 0 0 160 35 0 0 72 961281 0 0 0 0
233 960428 A 959700 0 167 0 0 21 0 0 0 0 0 0 36 0 0 216 166 122 0 0 0
234 957144 A 956168 0 0 242 0 39 0 0 0 0 0 0 39 0 0 189 317 150 0 0 0
235 957650 Q 0 0 0 30 0 0 64 0 109 38 0 0 13 957118 122 0 0 0 0 0 156
236 956687 K 0 0 0 106 0 1 0 41 956234 0 0 29 0 21 231 0 6 0 0 0 18
237 956186 A 955439 0 0 194 0 40 0 0 0 0 0 0 33 0 0 168 157 155 0 0 0
238 952024 M 0 0 0 0 2 0 0 469 85 67 951155 2 0 0 15 0 106 123 0 0 0
239 944168 M 0 0 0 0 0 0 0 497 97 88 943164 0 0 0 6 0 116 199 1 0 0
240 932388 D 9 0 931602 118 0 177 30 0 0 0 0 159 0 0 0 0 0 70 0 223 0
241 927272 Q 0 1 0 30 0 0 57 0 167 82 0 0 8 926615 213 0 0 0 0 0 99
242 916778 V 159 0 0 86 0 22 0 0 0 122 209 0 1 0 0 0 0 916178 0 0 1
243 916058 R 0 0 0 0 0 241 0 280 152 0 0 0 0 0 915170 113 24 0 0 0 78
244 895574 E 11 0 172 894794 0 192 0 0 122 0 0 0 0 20 0 0 0 49 0 0 214
245 878147 S 0 35 0 0 0 172 0 262 0 0 0 167 0 0 281 877191 39 0 0 0 0
246 862448 R 0 0 0 1 0 36 0 0 0 237 0 0 36 284 861661 0 0 0 193 0 0
247 846044 N 0 0 161 0 0 1 3 43 131 0 0 845493 0 0 1 146 34 1 0 30 0
248 823127 P 15 0 0 0 0 1 0 0 0 114 0 0 822345 373 20 79 180 0 0 0 0
249 800162 G 30 0 0 121 0 799208 0 0 1 1 0 0 0 0 111 0 0 250 440 0 0
250 783758 N 1 0 165 0 0 0 8 44 63 0 0 783281 1 0 0 125 18 0 0 52 0
251 773453 A 772667 0 168 0 0 30 0 0 0 0 0 0 27 0 0 165 234 162 0 0 0
252 758477 E 4 0 78 757921 0 131 0 0 120 0 0 0 0 23 0 0 0 35 0 0 165
253 740023 F 0 2 0 0 739462 0 0 43 0 356 0 0 1 0 0 103 0 14 0 42 0
254 714846 E 7 0 50 714246 0 128 0 0 157 0 0 0 0 30 2 0 0 53 0 0 173
255 686132 D 3 0 685714 63 0 87 17 0 0 0 0 76 0 0 0 0 0 60 0 112 0
256 657509 L 0 0 0 0 52 0 63 89 0 657128 0 0 156 0 9 0 0 12 0 0 0
257 633273 T 98 0 0 0 0 0 0 54 0 0 0 76 11 0 0 113 632921 0 0 0 0
258 613438 F 0 5 0 0 613148 0 0 28 0 114 0 0 1 0 0 110 1 7 0 24 0
259 597558 L 0 0 0 0 0 1 0 144 0 597222 1 0 119 48 5 0 0 18 0 0 0
260 577928 A 577349 0 0 166 0 35 0 0 0 1 0 0 42 0 0 123 127 85 0 0 0
261 554584 R 0 0 0 0 0 18 0 0 0 153 1 0 9 125 554141 0 0 0 137 0 0
262 530907 S 7 16 0 0 55 0 0 0 0 0 0 0 80 0 0 530592 45 0 0 112 0
263 495022 A 494515 0 0 132 0 33 0 0 1 0 0 0 23 0 0 70 133 115 0 0 0
264 472113 L 0 0 0 0 84 0 40 61 0 471815 0 0 89 0 4 1 0 19 0 0 0
265 441253 I 0 0 0 0 0 0 0 440947 35 41 80 0 0 0 2 0 75 72 0 0 1
266 416295 L 0 0 0 0 108 0 0 0 0 416038 31 0 0 0 0 74 1 12 9 0 22
267 396018 R 0 0 0 0 0 96 0 64 37 0 0 0 1 0 395763 17 13 0 0 0 27
268 382975 G 12 0 1 42 0 382645 0 0 0 0 0 0 0 0 78 0 0 84 113 0 0
269 358921 S 1 0 1 0 0 1 0 0 0 88 0 0 47 0 0 358616 37 0 20 0 110
270 338502 V 38 0 33 2 29 5 0 66 0 5 0 0 0 0 1 0 0 338323 0 0 0
271 322351 A 322037 0 80 0 0 16 0 0 0 0 0 0 14 0 0 48 104 52 0 0 0
272 313745 H 0 0 15 0 0 0 313406 0 0 40 0 144 5 50 52 0 0 0 0 33 0
273 294881 K 0 0 0 47 0 0 0 0 294750 0 8 21 0 2 47 0 1 0 0 0 5
274 281528 S 5 9 0 0 25 0 0 0 0 0 0 0 47 0 0 281345 12 0 0 85 0
275 274786 C 0 274507 0 0 43 13 0 0 0 0 0 0 0 0 27 24 0 0 16 32 124
276 267244 L 0 0 0 0 0 0 0 0 0 267036 134 0 21 26 3 1 0 23 0 0 0
277 261580 P 20 0 0 0 0 0 159 0 0 48 0 0 261176 0 12 36 129 0 0 0 0
278 256755 A 256391 0 112 0 0 18 0 0 0 0 0 0 16 0 0 52 73 93 0 0 0
279 249884 C 0 249638 0 0 19 13 0 0 0 1 0 0 0 0 118 24 0 0 4 48 19
280 257554 V 44 0 0 35 0 5 0 0 0 24 40 0 0 0 0 0 0 257406 0 0 0
281 271700 Y 0 71 7 0 39 0 67 0 0 0 0 9 0 1 0 3 0 0 0 271447 56
282 265699 G 12 0 0 89 0 265382 0 1 0 0 0 0 0 0 90 0 0 11 0 0 114
283 308388 P 30 1 0 0 0 1 288 0 0 81 1 0 307664 1 20 204 97 0 0 0 0
284 328710 A 327783 0 156 0 1 33 0 0 0 0 0 0 45 0 1 235 260 196 0 0 0
285 337384 V 95 0 0 46 1 15 0 195 0 154 0 0 0 0 0 0 0 336878 0 0 0
286 348662 A 348452 0 101 0 1 8 0 0 0 0 0 0 10 0 0 29 11 50 0 0 0
287 360354 S 0 33 0 0 0 67 0 33 0 0 0 40 0 0 88 360088 5 0 0 0 0
288 374907 G 10 0 0 62 0 374497 0 0 0 0 0 0 0 0 90 0 0 86 161 0 1
289 401049 Y 0 85 10 0 25 0 139 1 1 1 0 17 0 0 0 2 0 0 0 400684 84
290 429307 D 6 0 428899 60 0 94 17 0 0 0 0 136 0 0 0 0 0 30 0 65 0
291 454653 F 0 6 0 0 454395 0 0 16 0 117 0 0 3 0 0 88 0 7 0 21 0
292 484821 E 2 0 26 484428 0 136 0 0 120 0 0 0 0 15 0 0 0 29 0 0 65
293 500638 R 0 0 0 0 0 111 0 0 99 0 291 0 0 0 499959 146 13 0 19 0 0
294 513670 E 3 0 250 512992 0 128 0 0 92 0 0 0 0 12 0 0 0 31 0 0 162
295 541997 G 11 0 0 138 0 541485 0 0 1 0 0 0 0 0 108 0 0 121 0 0 133
296 573310 Y 0 100 4 0 40 0 106 0 0 0 0 45 0 0 0 7 0 0 0 572895 113
297 602613 S 3 17 0 0 24 0 0 0 0 0 0 0 114 0 0 602195 55 0 0 205 0
298 637197 L 0 0 0 0 0 0 0 201 1 636804 0 0 109 46 7 0 0 29 0 0 0
299 653750 V 87 0 73 0 67 6 0 91 0 21 0 0 0 0 0 0 0 653405 0 0 0
300 670220 G 23 0 0 90 0 669543 0 0 1 0 0 0 0 0 252 0 0 132 0 0 179
301 691137 I 0 0 0 0 0 0 0 690630 54 47 168 0 0 0 10 0 102 126 0 0 0
302 726394 D 6 0 725739 135 0 131 26 0 0 0 0 157 0 0 0 0 0 59 0 141 0
303 758031 P 19 0 0 0 0 0 462 0 0 59 0 0 757126 5 14 80 265 0 0 1 0
304 785982 F 0 6 0 0 785389 0 0 42 0 334 0 0 4 0 0 147 0 8 0 52 0
305 813445 R 0 0 0 0 0 246 0 143 114 0 1 0 0 0 812772 88 25 0 0 0 56
306 832216 L 0 0 0 0 0 0 0 0 0 831851 112 0 148 57 16 0 0 31 1 0 0
307 860565 L 0 0 0 0 88 0 37 169 0 860033 0 0 189 0 22 0 0 27 0 0 0
308 889865 Q 0 0 0 39 0 0 50 0 194 35 0 0 21 889297 144 0 0 0 0 0 85
309 909030 N 0 0 107 0 0 0 19 28 170 0 0 908166 0 0 0 362 152 0 0 26 0
310 933448 S 0 59 0 0 0 139 0 226 0 0 1 197 0 0 271 932518 35 1 0 1 0
311 945169 Q 0 0 0 32 0 0 48 0 237 58 0 0 35 944480 145 0 0 0 0 0 134
312 964025 V 113 0 0 91 0 14 0 0 0 124 222 0 0 0 0 0 0 963461 0 0 0
313 984835 Y 0 198 5 0 89 0 178 0 0 0 0 64 0 0 2 9 0 0 0 984100 190
314 1003979 S 0 47 0 0 0 170 0 259 0 0 0 137 0 0 290 1003036 40 0 0 0 0
315 1014570 L 0 0 0 0 0 0 0 223 1 1014016 0 0 225 61 11 0 0 33 0 0 0
316 1024427 I 0 0 0 0 82 0 0 1023954 0 14 27 83 0 0 0 4 160 103 0 0 0
317 1034464 R 1 0 0 0 0 240 0 207 202 0 0 0 0 0 1033651 90 34 1 0 0 38
318 1031850 P 44 0 0 0 0 0 0 0 0 116 0 0 1031079 327 42 131 111 0 0 0 0
319 1037646 N 0 0 118 0 0 0 5 60 98 0 0 1037182 0 0 0 127 12 1 0 43 0
320 1043300 E 14 0 231 1042183 0 247 0 0 199 0 0 0 0 31 0 0 0 106 0 0 289
321 1036009 N 0 0 164 0 0 1 4 58 137 0 0 1035454 0 0 0 129 22 0 0 40 0
322 1037347 P 25 0 0 0 0 0 0 0 0 184 0 0 1036497 286 52 93 209 0 0 0 1
323 1039792 A 1038711 0 0 276 0 54 0 0 0 0 0 0 40 0 0 261 264 185 0 1 0
324 1041143 H 0 0 30 0 0 0 1040355 0 0 149 0 147 29 164 127 0 0 0 0 142 0
325 1031411 K 0 0 1 208 0 0 0 0 1030515 0 84 308 0 15 223 0 21 0 0 0 36
326 1026166 S 0 72 0 0 0 230 0 89 0 1 0 139 0 0 98 1025509 28 0 0 0 0
327 1019764 Q 0 0 0 40 0 0 86 0 200 66 0 0 20 1019067 161 0 0 0 0 0 124
328 1011744 L 0 0 0 0 0 0 0 0 0 1011314 144 0 151 86 19 0 0 30 0 0 0
329 1021392 V 125 0 1 93 0 39 0 0 0 133 178 0 0 0 0 0 0 1020823 0 0 0
330 1028481 W 0 279 0 0 0 9 0 0 0 300 0 0 0 0 209 39 0 0 1027293 1 351
331 1015328 M 0 0 0 0 1 0 0 454 77 87 1014354 0 1 0 7 0 140 207 0 0 0
332 1017397 A 1016425 0 0 277 0 68 0 0 0 1 0 0 30 1 0 176 220 199 0 0 0
333 1020696 C 0 1019612 0 0 222 17 0 0 0 0 0 0 0 0 204 140 0 0 47 262 192
334 1007773 H 0 0 42 0 0 0 1007025 2 0 76 0 234 12 72 131 0 0 0 0 179 0
335 996433 S 45 36 0 0 100 0 0 0 0 0 0 0 147 0 0 995801 65 0 0 239 0
336 988036 A 986931 0 235 0 0 41 0 0 0 1 0 0 47 0 0 297 278 206 0 0 0
337 977343 A 976365 0 0 235 0 33 0 0 0 0 0 0 57 0 0 210 349 94 0 0 0
338 975400 F 0 22 0 0 974938 0 0 39 0 203 0 0 4 0 0 139 0 18 0 37 0
339 976243 E 5 0 90 975512 0 185 0 0 117 0 0 0 0 45 0 0 0 60 0 0 229
340 965718 D 7 0 965042 59 0 171 18 0 0 0 0 158 0 0 0 0 0 97 0 166 0
341 962804 L 0 0 0 0 0 0 0 150 1 962378 0 0 173 57 14 0 0 31 0 0 0
342 969633 R 0 0 0 0 0 118 0 242 102 0 0 0 0 0 968993 95 37 0 0 0 46
343 974600 V 114 0 0 61 0 6 0 119 0 139 0 0 0 0 0 0 0 974161 0 0 0
344 977211 L 0 0 0 0 92 0 0 60 0 976794 0 0 3 0 0 139 0 17 0 0 106
345 966853 S 0 21 0 0 0 113 0 200 0 0 0 142 0 0 254 966103 20 0 0 0 0
346 964447 F 0 9 0 0 963700 1 0 22 0 445 0 0 0 0 0 171 0 12 0 87 0
347 959983 I 0 0 0 0 74 0 0 959427 0 16 36 90 1 0 0 3 162 174 0 0 0
348 954857 K 0 0 0 155 0 0 0 48 954344 1 0 100 0 18 137 0 10 0 0 0 44
349 963632 G 32 1 0 183 0 962499 0 0 0 0 0 0 0 0 158 0 0 324 435 0 0
350 966328 T 257 0 0 0 0 0 0 1 140 0 233 0 13 0 48 66 965570 0 0 0 0
351 966265 K 0 0 0 159 0 0 0 0 965490 0 78 227 0 9 187 0 41 0 0 0 74
352 959969 V 142 0 0 104 0 14 0 0 0 83 190 0 0 0 0 0 0 959436 0 0 0
353 975800 L 0 0 0 0 191 0 74 203 0 974940 0 0 310 37 10 1 0 34 0 0 0
354 980580 P 30 0 0 0 0 0 0 0 0 110 0 0 979434 548 35 72 351 0 0 0 0
355 983736 R 0 0 0 0 0 142 1 346 151 5 0 0 0 0 982910 77 28 0 0 0 76
356 999284 G 38 1 0 128 0 998061 0 0 1 0 2 0 0 0 188 0 0 314 550 0 1
357 984400 K 0 0 0 256 0 1 0 0 983620 1 31 185 0 2 218 1 22 0 0 0 63
358 988406 L 0 0 0 0 66 0 23 218 0 987862 0 0 199 0 10 0 0 28 0 0 0
359 997829 S 8 43 0 0 116 0 0 0 1 0 0 2 243 0 0 997099 85 0 0 232 0
360 1010982 T 149 0 0 0 0 0 0 94 0 0 0 141 17 0 0 115 1010466 0 0 0 0
361 1003486 R 0 0 0 0 0 152 0 388 182 0 0 0 0 0 1002591 54 41 0 0 0 78
362 1011044 G 26 0 0 111 0 1010229 0 0 0 0 0 1 1 0 141 0 0 282 0 0 253
363 1018139 V 196 0 74 0 103 13 0 144 0 24 0 0 0 0 0 0 0 1017585 0 0 0
364 1025659 Q 0 0 0 58 0 0 82 0 240 66 0 0 17 1024900 172 0 0 0 0 0 124
365 1032401 I 0 0 0 0 63 0 0 1031938 0 26 12 69 0 0 0 10 176 107 0 0 0
366 1041082 A 1040286 0 191 0 0 35 0 0 0 0 0 1 40 0 0 222 199 108 0 0 0
367 1036273 S 14 28 0 0 97 0 0 0 0 0 0 0 182 0 0 1035581 101 0 0 269 1
368 1035815 N 0 0 146 0 0 0 13 44 78 0 0 1035320 0 0 0 126 19 0 0 69 0
369 1044467 E 5 0 67 1043722 0 172 0 0 218 0 0 0 0 30 0 0 0 68 0 0 185
370 1041785 N 0 0 150 0 0 0 5 124 56 0 0 1041251 0 1 0 149 14 0 0 35 0
371 1048969 M 0 0 0 0 0 0 0 479 80 92 1047984 0 0 0 10 0 134 190 0 0 0
372 1060077 E 11 0 223 1059151 1 289 0 0 121 0 0 0 0 35 0 0 0 86 0 0 160
373 1061283 T 204 0 0 1 0 0 0 115 0 0 0 139 10 0 0 138 1060676 0 0 0 0
374 1067415 M 0 0 0 0 0 0 0 633 93 110 1066181 0 0 0 11 0 210 177 0 0 0
375 1069457 E 7 0 87 1068609 0 236 0 0 141 0 0 0 0 43 0 0 0 91 0 0 243
376 1067791 S 11 0 0 0 0 0 0 0 0 99 0 0 179 0 1 1067167 85 0 0 0 249
377 1058806 S 0 65 0 0 0 178 0 123 0 0 0 224 0 0 159 1058025 32 0 0 0 0
378 1051584 T 195 0 0 0 0 0 0 141 121 0 0 0 7 0 45 102 1050972 1 0 0 0
379 1052013 L 0 1 0 0 101 0 57 150 0 1051439 0 0 218 0 9 0 1 37 0 0 0
380 1042980 E 9 0 73 1042198 0 195 0 0 178 0 0 0 0 37 0 0 0 94 0 0 196
381 1044272 L 0 0 0 0 0 0 0 0 0 1043840 127 0 210 46 22 0 0 26 0 0 1
382 1041716 R 0 0 0 0 0 215 0 53 158 0 0 0 0 0 1041149 70 17 0 0 0 54
383 1039192 S 0 27 1 0 0 170 0 203 0 0 0 180 0 0 274 1038302 35 0 0 0 0
384 1036853 R 0 0 0 0 0 286 0 0 132 0 324 0 0 0 1035854 121 39 1 96 0 0
385 1033812 Y 0 174 19 0 55 0 239 0 0 0 0 104 0 1 0 12 0 0 0 1033060 148
386 1032359 W 0 250 0 0 0 23 0 0 0 451 0 0 0 1 249 12 0 0 1031076 0 297
387 1027625 A 1026695 0 231 0 0 46 0 0 0 0 0 0 52 0 0 228 208 165 0 0 0
388 1016750 I 0 0 0 0 0 0 0 1016021 40 116 237 0 0 0 14 0 153 169 0 0 0
389 1013974 R 0 0 0 0 0 191 0 0 115 0 280 0 0 0 1013093 216 29 0 50 0 0
390 1005161 T 201 0 0 0 0 0 0 92 0 0 1 98 12 0 0 150 1004607 0 0 0 0
391 1014172 R 0 0 0 0 0 323 0 158 129 0 1 0 0 0 1013379 62 30 0 0 0 90
392 1011516 S 0 49 0 0 0 178 0 98 0 0 0 178 0 0 104 1010889 19 1 0 0 0
393 1017034 G 40 0 0 114 0 1015905 0 0 2 1 0 0 0 1 225 0 0 417 0 0 329
394 1018134 G 28 0 0 128 0 1017273 0 1 0 0 0 0 0 0 162 0 0 212 0 0 330
395 1011448 N 0 0 200 0 0 0 22 50 192 0 0 1010683 0 0 0 149 122 0 0 30 0
396 1008156 T 157 0 0 0 0 1 0 148 0 1 0 95 25 0 0 125 1007604 0 0 0 0
397 1009385 N 0 0 126 0 0 0 15 33 104 0 0 1008910 0 0 0 122 13 0 0 62 0
398 996914 Q 0 0 0 36 0 0 81 1 286 56 0 0 25 996173 162 0 0 0 0 0 94
399 987040 Q 0 0 0 43 0 0 262 0 146 43 0 0 26 986200 208 0 1 1 0 0 110
400 984261 R 0 0 0 0 0 205 0 0 138 0 414 1 0 0 983160 246 38 0 59 0 0
401 990279 A 989435 0 0 222 0 61 0 0 0 0 0 0 45 0 0 174 120 221 0 1 0
402 986420 S 6 29 0 0 66 0 0 0 0 1 0 0 155 0 0 985854 88 0 0 221 0
403 988342 A 987026 0 0 227 0 74 0 0 0 1 0 0 35 1 0 279 237 461 0 0 1
404 997158 G 149 219 335 2 0 995990 0 0 0 0 0 0 0 0 27 158 0 277 1 0 0
405 1009178 Q 0 0 0 32 0 0 65 0 222 57 0 0 29 1008472 143 0 0 0 0 0 158
406 992272 I 0 0 0 0 59 0 0 991842 0 19 26 77 0 0 0 4 140 105 0 0 0
407 1003053 S 0 49 0 0 0 203 0 215 0 0 0 136 0 0 341 1002069 40 0 0 0 0
408 1008313 I 0 0 0 0 0 0 0 1007631 69 111 185 0 0 0 4 0 173 140 0 0 0
409 1007450 Q 0 0 0 41 0 0 81 0 85 26 0 0 10 1006966 116 0 0 0 0 0 125
410 1011799 P 24 0 0 0 0 0 303 0 0 66 0 0 1011156 0 45 108 97 0 0 0 0
411 1016889 T 150 0 0 0 0 0 0 0 133 0 180 1 3 0 34 77 1016311 0 0 0 0
412 1022703 F 0 4 0 0 1022045 0 0 57 0 386 0 0 0 0 0 151 0 15 0 45 0
413 1027914 S 6 0 0 0 0 0 0 0 0 141 0 0 228 0 2 1027127 72 0 0 0 338
414 1040937 V 168 0 0 87 0 12 0 259 1 144 0 0 0 0 0 0 0 1040265 0 1 0
415 1042511 Q 0 0 0 50 1 0 351 0 161 106 0 0 22 1041548 155 0 0 0 0 0 117
416 1038246 R 0 0 0 0 0 176 0 181 116 0 0 1 0 0 1037596 53 44 0 0 0 79
417 1052485 N 0 0 174 0 0 0 21 61 86 1 0 1051886 0 0 0 164 28 0 0 64 0
418 1059695 L 0 0 0 0 83 0 91 188 0 1059024 0 0 269 0 11 0 0 29 0 0 0
419 1058847 P 39 0 0 0 1 0 603 0 0 99 0 0 1057651 0 36 81 337 0 0 0 0
420 1067520 F 0 11 0 0 1067008 0 0 47 0 239 0 0 3 0 0 131 0 20 0 60 1
421 1073033 D 15 0 1072023 161 3 212 54 0 0 0 0 247 0 0 0 0 0 129 0 189 0
422 1072537 R 0 0 1 0 0 255 0 235 172 0 0 1 0 0 1071694 50 39 0 0 0 90
423 1067414 T 190 0 0 0 0 0 0 110 132 0 0 0 13 1 42 96 1066829 0 0 0 1
424 1074731 T 245 0 0 0 0 0 0 103 0 0 0 124 15 0 1 109 1074133 1 0 0 0
425 1072259 I 0 0 0 0 70 0 0 1071817 0 13 10 84 0 0 0 10 138 117 0 0 0
426 1067749 M 0 0 0 0 0 0 0 556 135 69 1066652 0 0 0 13 0 157 167 0 0 0
427 1065469 A 1064361 0 0 305 0 87 0 0 0 0 0 0 41 0 0 200 188 287 0 0 0
428 1048444 A 1047622 0 0 239 0 25 0 0 1 0 0 0 50 0 0 193 191 123 0 0 0
429 1034874 F 0 6 1 0 1034164 0 0 45 0 373 0 0 0 0 0 178 0 21 0 86 0
430 1019033 N 0 0 149 0 0 0 21 69 80 0 0 1018501 0 0 0 135 16 0 0 61 1
431 998797 G 34 0 0 164 0 997444 0 0 0 0 0 0 0 0 227 2 0 315 611 0 0
432 978621 N 0 0 215 0 0 0 4 54 99 0 0 978005 1 0 0 169 16 0 0 58 0
433 964082 T 230 0 0 0 0 2 0 140 141 0 0 0 15 0 40 95 963419 0 0 0 0
434 942754 E 9 0 644 941326 0 211 0 0 168 0 0 0 0 30 0 0 0 74 0 0 292
435 921956 G 35 0 0 157 0 920787 0 0 0 0 0 0 0 0 179 0 0 272 526 0 0
436 895534 R 0 0 0 0 0 233 0 188 164 1 1 0 0 0 894761 57 39 0 0 0 90
437 866487 T 137 0 0 0 0 0 0 108 115 0 0 0 11 0 30 72 866014 0 0 0 0
438 842190 S 5 31 0 0 60 0 0 0 0 0 0 0 121 0 0 841757 51 0 0 165 0
439 823376 D 6 0 822613 145 0 142 31 0 0 0 0 205 0 0 0 1 0 74 0 159 0
440 793936 M 1 0 0 0 0 1 0 404 63 68 793119 0 0 0 15 0 126 139 0 0 0
441 767364 R 0 0 0 0 0 165 0 0 129 1 253 0 0 0 766541 196 19 0 60 0 0
442 737154 T 141 0 0 0 0 0 0 103 0 0 0 80 6 0 0 99 736724 1 0 0 0
443 716167 E 8 0 41 715511 0 147 0 0 239 0 0 0 0 28 0 0 0 33 0 0 160
444 690275 I 0 0 0 0 28 0 0 689975 0 16 21 36 0 0 0 8 102 89 0 0 0
445 660860 I 0 0 0 0 0 0 0 660389 34 76 134 0 0 0 4 0 100 123 0 0 0
446 626892 R 0 0 0 0 0 134 0 0 83 1 228 1 0 0 626273 134 12 1 25 0 0
447 594476 M 0 0 0 0 0 0 0 272 51 57 593912 0 0 0 4 0 74 106 0 0 0
448 570101 M 0 0 0 0 0 0 0 275 73 87 569445 0 0 0 3 0 91 127 0 0 0
449 536497 E 3 0 36 536092 0 134 0 0 80 0 0 0 0 18 0 0 0 32 0 0 102
450 506208 S 0 20 1 0 0 101 0 43 0 0 0 76 0 1 59 505889 18 0 0 0 0
451 472294 A 471775 0 0 84 0 29 0 0 0 0 0 0 35 0 0 99 129 143 0 0 0
452 445523 R 0 1 0 0 0 82 0 106 178 0 0 0 0 0 445074 49 15 0 0 0 18
453 403101 P 20 0 0 0 0 0 1 0 1 51 0 0 402797 118 25 44 44 0 0 0 0
454 372495 E 1 0 25 372235 0 47 0 1 77 0 0 0 0 8 0 0 0 16 0 0 85
455 329915 D 3 0 329716 22 1 39 11 0 0 0 0 34 0 0 0 0 0 27 0 62 0
456 293299 V 47 0 0 25 0 7 0 0 0 36 36 0 0 0 0 1 0 293147 0 0 0
457 275707 S 3 16 0 0 24 0 0 0 0 1 0 0 47 0 0 275524 32 0 0 60 0
458 367247 F 0 5 0 0 366822 0 0 23 0 242 0 0 0 0 0 112 0 2 0 41 0
459 369655 Q 0 0 0 30 0 0 206 0 159 37 0 0 33 368867 279 0 0 0 0 0 44
460 364200 G 30 0 0 87 0 363915 0 0 0 0 1 0 0 0 27 0 0 128 12 0 0
461 356867 R 0 0 0 0 0 52 0 0 0 348 0 0 38 202 356093 0 0 0 134 0 0
462 347181 G 18 0 0 79 0 346669 0 0 1 0 0 0 0 0 128 0 0 80 0 0 206
463 332557 V 44 0 3 0 37 0 0 45 0 18 0 0 0 0 0 0 0 332410 0 0 0
464 392129 F 0 3 0 0 391762 0 0 33 0 212 0 0 0 0 0 79 0 9 0 31 0
465 396195 E 2 0 100 395790 0 55 0 0 97 0 0 0 0 27 0 0 0 12 0 0 112
466 416029 L 0 0 0 0 47 0 13 89 0 415791 0 0 68 0 4 0 0 17 0 0 0
467 434208 S 1 0 0 0 0 0 0 0 0 158 0 0 62 0 0 433813 15 1 21 0 137
468 449409 D 2 0 449028 65 0 108 21 0 1 0 0 52 0 0 1 0 0 24 0 107 0
469 488283 E 1 0 21 487907 0 64 0 0 114 0 0 0 0 22 0 0 0 36 0 0 118
470 516388 K 0 0 0 58 0 0 0 0 515875 0 22 128 0 3 280 1 9 0 0 0 12
471 553444 A 552981 0 0 125 0 39 0 0 0 0 0 0 16 0 1 116 69 97 0 0 0
472 601027 A 600264 0 0 189 0 34 0 0 0 0 0 0 30 0 0 148 170 192 0 0 0
473 631541 S 0 23 0 0 0 73 0 164 0 0 0 66 0 0 234 630939 42 0 0 0 0
474 663650 P 10 0 0 1 0 0 0 0 1 133 0 0 662896 352 27 73 157 0 0 0 0
475 690599 I 0 0 0 0 48 0 0 690220 0 4 24 79 0 0 0 7 99 118 0 0 0
476 698852 V 136 0 0 52 1 8 0 0 0 130 180 0 0 0 0 0 1 698344 0 0 0
477 715338 P 30 0 0 0 0 0 224 0 0 56 0 0 714745 0 10 95 178 0 0 0 0
478 734350 S 3 21 0 0 72 1 0 0 0 0 0 0 130 0 0 733931 41 0 0 151 0
479 743270 F 0 5 0 0 742921 0 0 23 0 172 0 0 1 0 0 70 0 26 0 52 0
480 739098 D 7 0 738424 127 0 118 41 0 1 0 0 141 0 0 0 0 0 103 0 136 0
481 741324 M 0 0 0 0 0 0 0 388 41 67 740622 0 0 0 7 1 98 100 0 0 0
482 733325 S 0 73 0 0 0 163 0 89 0 0 0 110 0 0 114 732761 15 0 0 0 0
483 736701 N 0 0 110 0 0 0 2 56 64 0 0 736378 0 0 0 72 7 0 0 12 0
484 734605 E 4 0 62 734045 0 100 0 0 123 0 0 0 0 41 1 0 0 69 0 0 160
485 732566 G 19 0 0 70 0 731954 1 0 0 1 0 0 0 0 147 0 0 144 1 0 229
486 731408 S 3 21 0 0 44 0 0 0 0 0 0 0 101 0 0 731073 59 0 0 107 0
487 730439 Y 0 78 3 0 31 0 125 1 0 0 0 7 0 0 0 3 0 0 0 730142 49
488 728599 F 0 3 0 0 728114 0 0 48 0 281 0 0 0 0 0 102 0 2 0 49 0
489 728406 F 0 2 0 0 727834 0 0 34 0 408 0 0 0 0 0 75 0 5 0 48 0
490 727695 G 23 0 0 59 0 727005 0 0 0 0 0 0 0 0 175 0 0 197 0 0 236
491 726215 D 2 1 725610 125 1 168 22 0 0 0 0 74 0 0 0 0 0 84 0 128 0
492 721655 N 1 0 107 0 0 0 2 45 60 0 0 721296 0 0 0 103 7 0 0 34 0
493 717719 A 716617 0 0 183 0 37 0 0 0 1 0 0 36 0 1 161 515 168 0 0 0
494 710613 E 5 0 244 709878 0 115 0 0 98 0 0 0 0 33 0 0 0 35 0 0 205
495 700398 E 5 0 109 699813 0 149 0 0 106 0 0 0 0 17 0 0 0 42 0 0 157
496 675342 Y 0 136 6 0 57 0 118 0 0 0 0 58 0 1 0 6 0 0 0 674807 153
497 681882 D 9 0 681119 170 0 163 23 0 1 0 0 174 0 0 0 0 0 92 0 131 0
498 668761 N 0 0 92 0 0 0 14 35 64 0 0 668424 0 0 0 82 5 0 0 45 0
