#SITE	SITE_LOG_LIKELIHOODS
1	-4.184678628600874
2	-5.449004359376049
3	-8.960031737288208
4	-4.845828183688999
5	-5.412120586364575
6	-5.40424861289535
7	-4.700481860191529
8	-8.906282046284893
9	-5.42554626508331
10	-13.82644301201029
11	-4.713428624881836
12	-9.555685624023546
13	-4.184678628600874
14	-12.60609828713471
15	-5.274788628909361
16	-4.936936338423912
17	-16.33224814426213
18	-20.44504512145321
19	-5.606953961873236
20	-13.7470338568593
21	-4.915167531394918
22	-11.11915774918303
23	-5.274788628909361
24	-12.47358502670912
25	-8.937706238512215
26	-8.276356523805898
27	-14.20383422180314
28	-12.53944855507027
29	-10.6354712426532
30	-9.13257763129403
31	-18.24759200348119
32	-4.184678628600874
33	-12.29208474268927
34	-19.64957515245219
35	-4.964854526738183
36	-5.13944946561385
37	-13.46206850505224
38	-11.2180872952779
39	-5.310835246558833
40	-5.164206847698347
41	-5.276476585721261
42	-4.845828183688999
43	-4.184678628600874
44	-9.948068096033753
45	-15.06312967334584
46	-8.772733211605896
47	-14.67168145343993
48	-9.628961448258062
49	-10.25626022548809
50	-11.92626548879698
51	-4.936936338423912
52	-17.67234715210973
53	-9.101069704629206
54	-9.13257763129403
55	-43.07081254813721
56	-19.9623057000114
57	-5.276476585721261
58	-12.90650468449039
59	-5.071004301628466
60	-9.782960610579744
61	-16.03393648682583
62	-4.959257325565476
63	-4.171730359860123
64	-5.273647828968142
65	-17.99034887911222
66	-4.184678628600874
67	-11.02926901571495
68	-5.597410536202487
69	-5.42554626508331
70	-5.298304372901387
71	-5.189391764486791
72	-12.31658024517547
73	-15.22750624784644
74	-8.911452435360559
75	-12.6581701216912
76	-14.60941959251575
77	-15.07365191293239
78	-12.66742737328904
79	-5.956894446220222
80	-4.713428624881836
81	-4.713428624881836
82	-9.251735199075267
83	-9.791534704724853
84	-13.04698707282255
85	-20.4942077619468
86	-5.455444526715953
87	-11.60604460283875
88	-7.681766637433403
89	-10.20052216470669
90	-5.280997586440215
91	-4.700481860191529
92	-12.51606375189456
93	-8.829783212736336
94	-13.22412521240662
95	-10.25632302333698
96	-4.171730359860123
97	-5.164206847698347
98	-34.93307539903136
99	-4.827182463315145
100	-22.07425735908024
101	-42.08695906641746
102	-29.66572058702399
103	-27.55771300030197
104	-4.585722499170589
105	-12.29379921287372
106	-8.393331891558182
107	-4.713428624881836
108	-5.597410536202487
109	-12.2145714736175
110	-5.485939785306226
111	-10.33216901140692
112	-9.044156035217107
113	-4.700481860191529
114	-4.713428624881836
115	-4.713428624881836
116	-4.171730359860123
117	-9.579114017675121
118	-19.25144273626537
119	-13.78948697271831
120	-4.585722499170589
121	-10.39620406178526
122	-4.845828183688999
123	-13.84670777558698
124	-12.13510748830778
125	-4.915167531394918
126	-12.6261381582188
127	-21.63452461819911
128	-4.936936338423912
129	-20.25163742440889
130	-11.46977357720752
131	-16.00347736120743
132	-16.53195416668981
133	-14.29080377615135
134	-5.274788628909361
135	-5.298724617895892
136	-17.85481723243716
137	-4.184678628600874
138	-10.79557616442354
139	-4.585722499170589
140	-9.726541996008025
141	-9.773129722059091
142	-4.915167531394918
143	-5.655912323769511
144	-4.915167531394918
145	-9.912680507397678
146	-34.65160347736286
147	-17.88535928551955
148	-16.49753168721688
149	-5.302998865376857
150	-13.20378819250111
151	-4.959257325565476
152	-4.827182463315145
153	-5.298304372901387
154	-5.485939785306226
155	-16.97246813234746
156	-14.20761614671671
157	-9.366745631163463
158	-19.44334863109515
159	-4.184678628600874
160	-12.49196791890107
161	-5.664526222740802
162	-9.885067514607442
163	-4.184678628600874
164	-5.314484000694712
165	-5.42554626508331
166	-16.3938532974797
167	-4.184678628600874
168	-12.01694204190485
169	-10.39806771615087
170	-17.46209998277749
171	-14.84248818186729
172	-19.4134724473025
173	-5.556128153111846
174	-11.61235465654973
175	-9.175039128367224
176	-10.83382535269615
177	-4.964854526738183
178	-19.49967448517141
179	-4.980268041844166
180	-19.57036169872979
181	-5.298304372901387
182	-4.980268041844166
183	-5.397590645629545
184	-4.700481860191529
185	-4.964854526738183
186	-16.04650675710523
187	-15.06411207435553
188	-11.50586239946479
189	-4.184678628600874
190	-8.920165404072343
191	-17.79685779461441
192	-19.32932147009118
193	-20.53870705739101
194	-19.02101102124997
195	-8.369219498126366
196	-4.184678628600874
197	-28.63305949842517
198	-4.700481860191529
199	-11.60503973287764
200	-9.500792235623928
201	-5.276476585721261
202	-8.18261571150758
203	-11.88529602908169
204	-20.10008838056287
205	-14.81202225253107
206	-15.4526934370129
207	-4.585722499170589
208	-8.886655940696551
209	-5.282052077975219
210	-10.58947077734837
211	-4.915167531394918
212	-17.76449638722201
213	-35.98166738299665
214	-13.19500138735063
215	-10.36276622411724
216	-15.35747618509103
217	-36.64640619900523
218	-8.469460998938432
219	-12.34066314305637
220	-12.62127236655764
221	-4.827182463315145
222	-4.184678628600874
223	-5.314484000694712
224	-5.071004301628466
225	-8.603430753835045
226	-11.0110022114861
227	-4.700481860191529
228	-12.94701894859409
229	-9.521314613163787
230	-5.189391764486791
231	-4.845828183688999
232	-10.77062861218026
233	-11.51036806394014
234	-4.980268041844166
235	-7.972346452718224
236	-23.78960349193935
237	-10.36881439331934
238	-4.184678628600874
239	-12.47692781276713
240	-4.936936338423912
241	-4.845828183688999
242	-5.43991980645348
243	-4.827182463315145
244	-7.912965369129028
245	-14.43925510915551
246	-17.87434197564033
247	-16.65445592573477
248	-5.218075911556403
249	-9.603294205762829
250	-14.95694404049595
251	-5.298304372901387
252	-7.678580866150986
253	-26.36002081717818
254	-4.713428624881836
255	-4.936936338423912
256	-12.42025016190289
257	-30.90623268830461
258	-5.189391764486791
259	-38.50216764331314
260	-4.980268041844166
261	-15.76869661520883
262	-10.74568374415209
263	-9.32371593943644
264	-19.93815345379459
265	-13.35105890962375
266	-20.74017995811522
267	-4.827182463315145
268	-14.89542525906445
269	-9.328663069547456
270	-5.266939276125776
271	-5.298304372901387
272	-5.298724617895892
273	-8.573013183505427
274	-9.500485595280594
275	-16.6175181888436
276	-15.89611735040065
277	-14.13537796809304
278	-5.424376166902933
279	-5.193928421902553
280	-16.40317044873649
281	-10.02815103961526
282	-4.964854526738183
283	-11.40786430459862
284	-20.34716603243986
285	-12.5538228087105
286	-14.19342419967996
287	-9.021703177007108
288	-18.89057808538833
289	-15.27474706828927
290	-20.45945833674458
291	-13.39846790992697
292	-8.720131556388838
293	-17.44356383259974
294	-5.273647828968142
295	-4.964854526738183
296	-8.702048048034603
297	-9.717813418635918
298	-33.81837544113523
299	-19.72670897243707
300	-16.8394754613808
301	-10.86175461561791
302	-5.087524221707574
303	-5.556128153111846
304	-5.310835246558833
305	-10.92241418214907
306	-20.02855896625986
307	-11.00875419346871
308	-4.845828183688999
309	-18.65444514983778
310	-13.47033759690316
311	-12.85122141235159
312	-18.85335658362522
313	-5.164206847698347
314	-12.26216658873356
315	-11.40210782847897
316	-15.08984239061271
317	-4.827182463315145
318	-23.54575013561485
319	-16.07950383931651
320	-5.273647828968142
321	-14.96673835703359
322	-12.06776662956172
323	-4.980268041844166
324	-5.298724617895892
325	-5.280997586440215
326	-12.58521630164444
327	-13.64065344693088
328	-10.64872262918587
329	-12.19351386843927
330	-4.585722499170589
331	-4.184678628600874
332	-11.82139551930658
333	-5.314484000694712
334	-24.9704026293457
335	-16.70964483530529
336	-9.397579464337237
337	-4.980268041844166
338	-10.22455478668358
339	-4.713428624881836
340	-12.41114615873253
341	-19.15416189760958
342	-4.827182463315145
343	-21.45030921865263
344	-21.08414247157657
345	-9.683727467135009
346	-5.310835246558833
347	-5.276476585721261
348	-11.13427161994619
349	-5.455444526715953
350	-21.06661669292038
351	-22.47122843794696
352	-11.52058382236785
353	-51.33644800439595
354	-20.53562356379278
355	-23.9097664066591
356	-11.05788658013336
357	-19.81748532760395
358	-16.80514754242478
359	-10.9265165952057
360	-5.274788628909361
361	-4.827182463315145
362	-16.72812149817039
363	-18.9993310834497
364	-7.972346452718224
365	-5.13944946561385
366	-5.298304372901387
367	-11.54048632115066
368	-9.306151644272619
369	-8.208920222731377
370	-8.56830508085671
371	-11.58945236490425
372	-13.52396891108968
373	-35.04059447522437
374	-19.08043211378016
375	-30.07925942136162
376	-15.02060213649236
377	-13.12240375345981
378	-17.06825220604661
379	-5.485939785306226
380	-8.63581133551833
381	-11.17252044515089
382	-8.940019881637779
383	-5.136882844625084
384	-28.27336171912603
385	-9.552913296167128
386	-4.585722499170589
387	-12.1569663542321
388	-4.171730359860123
389	-16.78760303334108
390	-5.40424861289535
391	-9.232015097892452
392	-4.996199037056913
393	-4.964854526738183
394	-8.698189140948189
395	-5.071004301628466
396	-14.91558310265298
397	-4.915167531394918
398	-4.845828183688999
399	-9.473445702017775
400	-21.55324493467825
401	-23.06041701767407
402	-15.29532148901164
403	-12.66523686791774
404	-17.75972796833232
405	-9.09836236834651
406	-16.44434225225661
407	-9.052055908880561
408	-30.50899880508831
409	-4.845828183688999
410	-5.556128153111846
411	-29.1950580286438
412	-9.082292815316706
413	-18.55743485480282
414	-13.34438100070425
415	-9.202953757642058
416	-4.827182463315145
417	-11.123259962394
418	-10.81086422552922
419	-11.24051310816038
420	-5.189391764486791
421	-18.24026259733229
422	-19.11609215046252
423	-26.95661085543642
424	-11.64461092826508
425	-30.63457018028578
426	-4.184678628600874
427	-4.980268041844166
428	-4.980268041844166
429	-11.46685409634724
430	-21.17556442822861
431	-10.64909176371797
432	-11.74681384919904
433	-34.8436432189299
434	-10.05677700707931
435	-12.00592391849933
436	-4.827182463315145
437	-14.01769653826205
438	-17.31283936183857
439	-5.087524221707574
440	-4.184678628600874
441	-13.05009831119271
442	-17.10217059755325
443	-4.713428624881836
444	-10.15588356170708
445	-4.171730359860123
446	-25.19639866741116
447	-4.184678628600874
448	-4.184678628600874
449	-8.442443950759536
450	-23.59543255250333
451	-4.980268041844166
452	-18.18767338479392
453	-18.94707564516293
454	-4.713428624881836
455	-13.4461491443014
456	-16.35789996472447
457	-23.79297687358061
458	-5.310835246558833
459	-24.32470315992482
460	-5.455444526715953
461	-16.72481987432925
462	-10.91961076193003
463	-17.2274814671635
464	-9.366702098007606
465	-13.02499621560138
466	-5.597410536202487
467	-17.63855585069142
468	-5.087524221707574
469	-9.103118355410912
470	-22.31001124913869
471	-4.980268041844166
472	-33.07189963861902
473	-11.51542475369434
474	-5.610041252958725
475	-5.276476585721261
476	-5.43991980645348
477	-14.11537399555258
478	-10.0619743293039
479	-5.189391764486791
480	-16.90093743046855
481	-4.184678628600874
482	-11.14571127964838
483	-8.090733265660257
484	-4.713428624881836
485	-4.964854526738183
486	-5.42554626508331
487	-5.032659312011254
488	-5.310835246558833
489	-5.310835246558833
490	-10.61813797812275
491	-5.087524221707574
492	-4.915167531394918
493	-4.980268041844166
494	-9.101069704629206
495	-5.273647828968142
496	-10.57359770169366
497	-5.087524221707574
498	-25.66693458005036
