# nucleotide counts
# upper case indicates nucleotide called by both reads
# lower case indicates nucleotide called by one read with other ambiguous
# N indicates disagreement between reads, or both ambiguous
# POSITION WT COUNTS A T C G a t c g N
1 A 1255856 1250703 92 9 171 4748 6 3 0 124
2 T 1258254 137 1252280 169 11 3 5487 2 1 164
3 G 1260525 194 211 50 1253957 1 7 4 5949 152
4 G 1261989 88 178 62 1255382 2 1 2 6148 126
5 C 1263660 339 324 1255613 86 13 21 7075 1 188
6 G 1264695 260 113 78 1256497 1 4 0 7602 140
7 T 1265987 45 1256954 174 20 0 8503 1 0 290
8 C 1267206 168 124 1257433 37 4 2 9246 0 192
9 T 1268459 102 1257819 399 27 1 9935 2 0 174
10 C 1269988 221 175 1258129 77 5 4 10891 0 486
11 A 1271572 1258675 101 41 334 11938 5 2 1 475
12 A 1272854 1259545 92 40 292 12743 13 2 6 121
13 G 1273277 407 224 48 1259738 3 16 7 12695 139
14 G 1274587 305 181 54 1260426 3 7 2 13457 152
15 C 1276535 219 174 1261375 65 2 18 14568 3 111
16 A 1277815 1260630 94 19 238 15338 7 10 4 1475
17 C 1279819 112 121 1263012 50 10 5 16413 0 96
18 C 1281907 246 116 1263756 43 6 6 17645 8 81
19 A 1284500 1264330 54 27 157 19781 16 4 4 127
20 A 1286721 1265807 44 19 135 20583 2 10 2 119
21 A 1288609 1266208 55 70 152 21477 10 3 3 631
22 C 1291127 150 229 1267915 59 4 26 22654 0 90
23 G 1292949 200 187 56 1269011 2 10 16 23314 153
24 A 1295529 1270368 59 12 185 24634 2 2 5 262
25 T 1298103 97 1271997 227 18 4 25540 9 1 210
26 C 1299955 248 89 1273815 54 8 9 25640 1 91
27 T 1302720 88 1273059 2008 23 1 27084 37 3 417
28 T 1305494 28 1274832 864 20 1 29595 31 0 123
29 A 1308125 1276620 44 17 198 30905 13 2 10 316
30 C 1312219 195 269 1278628 81 12 66 32693 3 272
31 G 1314349 385 222 62 1279850 11 35 6 33610 168
32 A 1317840 1282504 79 12 189 34898 7 3 5 143
33 A 1320636 1284700 87 22 238 35419 11 1 9 149
34 C 1324760 204 178 1286806 71 12 10 36888 1 590
35 A 1329476 1289711 105 41 210 39224 30 2 7 146
36 G 1331843 202 213 42 1291452 8 32 9 39542 343
37 A 1334074 1294447 108 13 205 39116 10 3 6 166
38 T 1337981 139 1296462 184 22 3 40732 11 0 428
39 G 1339971 280 213 50 1299671 4 78 14 39455 206
40 G 1342852 164 233 58 1302583 3 43 7 39632 129
41 A 1347059 1296851 115 17 436 49240 45 3 21 331
42 G 1350118 172 264 32 1294653 10 17 7 54539 424
43 A 1354058 1294249 123 21 239 59043 16 6 18 343
44 C 1358979 171 139 1292547 55 16 8 65780 5 258
45 T 1366240 106 1286645 355 23 9 78816 27 3 256
46 G 1369952 199 207 68 1281373 28 76 17 87501 483
47 A 1374003 1276577 121 15 304 96707 26 7 27 219
48 T 1378831 156 1271967 168 90 30 106223 19 9 169
49 G 1381032 177 229 116 1257160 22 118 39 123041 130
50 G 1384299 127 184 58 1248353 25 87 8 135298 159
51 A 1388099 1240494 118 26 531 146549 116 17 73 175
52 G 1391215 215 188 74 1240658 74 53 30 149421 502
53 A 1397438 1232051 55 36 233 164856 39 11 45 112
54 A 1401311 1225808 62 39 244 174880 13 31 62 172
55 C 1407148 196 234 1216346 62 69 90 190032 27 92
56 G 1405836 443 252 79 1202553 127 126 56 201972 228
57 C 1407401 218 130 1192076 53 74 50 214679 40 81
58 C 1411523 219 167 1177439 57 108 77 233315 26 115
59 A 1415963 1168075 82 730 318 246200 125 167 85 181
60 G 1410514 105 187 50 1160602 53 165 34 249197 121
61 A 1407909 1144592 69 17 178 262770 49 27 95 112
62 A 1402635 1123393 48 27 196 278728 52 29 75 87
63 T 1402115 85 1108778 201 28 36 292625 66 74 222
64 G 1388578 307 227 62 1083286 114 175 54 304191 162
65 C 1384741 199 195 1064273 64 255 135 319475 68 77
66 C 1384902 174 184 1041976 50 189 247 341949 60 73
67 A 1389930 1023675 115 487 182 364325 121 182 250 593
68 C 1383792 147 103 1014641 48 148 89 368502 50 64
69 T 1385965 103 1016730 255 35 324 368197 130 54 137
70 G 1380412 232 159 51 1006887 259 125 136 372467 96
71 A 1371264 991869 70 22 202 378578 133 172 124 94
72 A 1364400 979587 52 29 184 384058 176 64 153 97
73 A 1351952 959707 57 30 138 391585 174 44 123 94
74 T 1345555 71 941756 147 9 159 403091 121 86 115
75 C 1339376 155 103 924736 44 298 158 413689 129 64
76 A 1330212 912689 87 31 205 416566 260 42 197 135
77 G 1309377 185 144 33 900935 194 222 84 407443 137
78 A 1296878 891522 52 19 207 404568 169 46 198 97
79 G 1277018 177 135 30 879581 184 189 172 396384 166
80 C 1263706 192 157 875213 52 321 245 387257 179 90
81 A 1249492 865068 85 13 150 383684 106 146 140 100
82 T 1237733 83 853982 148 15 134 382863 268 95 145
83 C 1230939 163 83 846856 45 445 260 382706 174 207
84 C 1241528 198 219 842119 40 793 400 397452 224 83
85 G 1234943 267 109 30 838315 713 331 194 394887 97
86 T 1219705 72 828475 144 14 365 390068 149 227 191
87 C 1209965 169 183 815186 25 320 256 393456 288 82
88 G 1189420 376 183 36 811543 459 216 259 376249 99
89 G 1172713 153 99 28 797702 268 234 82 374050 97
90 A 1163514 788173 55 6 220 374378 168 45 332 137
91 A 1156953 781517 47 18 161 374631 162 66 172 179
92 A 1151456 769405 46 8 120 381320 159 113 189 96
93 A 1141282 760508 59 12 110 380006 203 112 182 90
94 A 1134285 749598 49 9 102 383889 304 88 169 77
95 T 1132960 86 740014 105 19 388 391728 148 326 146
96 G 1120637 208 129 32 734400 440 379 151 384800 98
97 A 1110808 727405 52 7 103 382314 261 94 383 189
98 T 1104299 62 713194 115 25 280 390229 133 177 84
99 T 1099261 65 707876 99 13 187 390421 113 362 125
100 G 1091562 161 203 19 709141 394 484 89 380990 81
101 G 1080123 128 64 28 702410 252 255 237 376676 73
102 T 1073879 66 708072 111 15 315 363851 173 362 914
103 G 1076110 173 105 29 716435 305 225 89 358613 136
104 G 1065417 83 103 29 708314 295 289 93 356115 96
105 A 650271 506585 37 8 98 143330 47 19 64 83
106 A 647538 513481 26 14 95 133751 39 9 44 79
107 T 651090 28 520452 63 7 33 130369 40 12 86
108 T 659135 50 523984 58 10 25 134882 33 11 82
109 G 660559 92 112 21 529893 46 153 31 130124 87
110 G 661737 68 79 26 538431 17 40 13 122983 80
111 A 666237 543280 40 7 171 122505 26 11 54 143
112 C 675065 73 150 549173 29 22 94 125416 14 94
113 G 682001 119 74 25 553850 49 82 23 127705 74
114 A 691451 562801 44 9 82 128343 31 18 35 88
115 T 700197 37 565042 130 15 23 134802 48 12 88
116 T 709767 57 570938 70 13 25 138532 35 13 84
117 C 713622 96 55 580402 28 48 40 132857 18 78
118 T 723815 52 589025 223 8 35 134302 69 9 92
119 A 732691 597641 52 12 112 134633 57 15 34 135
120 C 743526 56 84 607885 28 40 62 135293 16 62
121 A 754769 613872 56 21 77 140570 17 33 34 89
122 T 763561 50 621933 121 5 46 141215 41 31 119
123 C 773900 93 45 633641 25 62 35 139880 14 105
124 C 784923 161 70 640812 35 82 52 143580 30 101
125 A 796451 648560 45 15 112 147496 32 38 68 85
126 A 805179 656894 24 17 85 147968 55 22 25 89
127 A 812492 668263 44 15 67 143914 30 33 34 92
128 T 821138 42 679478 80 9 38 141361 28 8 94
129 G 826097 140 53 32 690443 48 81 41 135170 89
130 T 834429 78 699821 109 14 37 133942 72 15 341
131 G 841041 170 100 43 709498 97 68 23 130942 100
132 C 851699 126 248 713367 50 37 95 137666 22 88
133 A 863343 724949 85 13 132 137583 27 60 33 461
134 C 872142 71 97 732707 29 33 76 139012 5 112
135 C 882179 179 148 741713 30 62 139 139777 25 106
136 G 890152 193 123 40 750383 88 114 36 139033 142
137 A 897650 757134 29 8 97 140172 20 34 44 112
138 A 907232 765699 59 13 158 140976 46 26 44 211
139 C 914634 310 98 775512 23 89 40 138472 12 78
140 T 925211 49 785426 170 7 30 139336 57 10 126
141 C 933853 158 106 792566 31 61 60 140720 32 119
142 A 945056 798327 29 9 163 146301 39 32 30 126
143 A 950858 803418 17 13 108 147095 31 18 36 122
144 A 958507 805618 53 44 84 152440 32 31 31 174
145 C 966176 75 69 812534 28 34 36 153265 16 119
146 T 974913 29 815846 135 8 22 158623 47 20 183
147 C 982726 176 87 823870 26 58 36 158338 28 107
148 A 988027 832496 71 33 207 154962 44 21 43 150
149 G 993098 114 130 30 839946 37 55 34 152647 105
150 T 1001037 106 846778 127 39 50 153068 55 39 775
151 G 1007647 121 143 34 855049 51 85 22 152049 93
152 A 1011985 861593 74 11 157 149893 29 31 44 153
153 T 1019441 68 865583 226 20 41 153280 72 12 139
154 T 1027239 18 870668 253 19 49 156020 58 14 140
155 A 1036309 880455 78 14 156 155352 43 18 37 156
156 T 1044755 105 888658 123 30 43 155572 54 17 153
157 G 1049993 200 176 37 900227 63 97 22 149056 115
158 A 1056870 908619 67 21 250 147454 224 14 55 166
159 G 1057911 172 248 30 912974 53 189 29 144092 124
160 G 1061779 173 197 32 919755 55 122 31 141274 140
161 G 1065098 346 133 41 926283 80 84 17 137974 140
162 A 1070610 932026 89 14 328 137703 75 39 76 260
163 C 1076341 122 197 933986 40 84 125 141551 78 158
164 G 1084281 207 188 31 932388 139 164 54 150969 141
165 G 1083047 172 87 37 936778 62 52 23 145715 121
166 T 1087930 70 941143 154 14 58 146117 42 58 274
167 T 1095331 57 943142 164 20 29 151671 43 62 143
168 G 1097074 222 117 34 946056 93 133 68 150206 145
169 A 1102041 950447 96 18 181 150974 36 31 86 172
170 T 1107824 88 955597 191 17 59 151562 72 50 188
171 C 1114395 175 100 964071 42 112 105 149620 27 143
172 C 1123819 211 135 964918 57 159 126 158029 28 156
173 A 1131944 968999 31 87 176 162258 78 119 48 148
174 A 1134552 966763 37 12 266 167121 97 33 75 148
175 A 1139182 965507 44 23 105 173216 54 56 65 112
176 A 1141835 965640 64 75 102 175591 73 72 47 171
177 C 1147064 106 96 967551 29 107 97 178889 48 141
178 A 1150358 970610 26 15 128 179250 73 32 74 150
179 G 1148531 157 175 26 974351 64 96 91 173417 154
180 C 1150202 208 74 971481 37 87 84 178064 48 119
181 T 1155168 75 971977 269 19 61 182503 81 37 146
182 T 1160203 101 979280 300 12 110 180123 118 21 138
183 A 1164775 982302 87 16 189 181886 43 25 65 162
184 A 1168567 986235 90 15 119 181797 66 44 48 153
185 C 1175027 80 105 989482 29 173 44 184920 33 161
186 A 1182582 994134 61 15 162 187936 41 20 55 158
187 A 1182232 997778 72 12 131 183930 38 25 98 148
188 T 1186349 66 1003029 170 9 69 182728 97 19 162
189 A 1193045 1008133 114 23 241 184082 217 25 69 141
190 G 1191234 99 213 40 1012490 98 120 31 178000 143
191 A 1194458 1014671 57 11 177 179219 97 20 43 163
192 G 1195626 89 209 30 1021311 33 58 38 173714 144
193 A 1199460 1018743 84 12 190 180065 100 26 42 198
194 G 1198657 133 153 31 1016758 63 64 33 181250 172
195 A 1202698 1021220 56 13 173 180940 63 15 65 153
196 A 1205121 1026394 72 18 158 178222 31 21 58 147
197 T 1209350 105 1025242 118 12 77 183301 55 23 417
198 G 1208361 157 197 46 1024639 83 151 39 182535 514
199 G 1209007 232 89 31 1018534 117 64 26 189590 324
200 T 1211488 140 1015381 176 25 87 193704 64 68 1843
201 G 1216762 257 168 43 1016236 119 103 38 199567 231
202 C 1220309 185 117 1016064 52 82 42 203601 31 135
203 T 1230286 65 1014973 166 25 68 214707 70 27 185
204 C 1237351 187 93 1020786 39 106 73 215893 26 148
205 T 1244530 77 1014753 213 14 130 229076 79 11 177
206 C 1247528 204 86 1011994 25 105 52 234869 61 132
207 T 1253554 111 1007643 260 26 168 245069 97 14 166
208 G 1252638 347 165 36 1004493 251 124 41 247042 139
209 C 1252865 171 108 997683 29 110 175 254374 66 149
210 T 1259646 31 995851 329 24 65 263014 139 27 166
211 T 1264488 48 994282 162 14 106 269467 96 152 161
212 T 1261584 42 991728 128 18 88 269318 71 49 142
213 T 1265055 52 984242 190 18 80 280127 107 99 140
214 G 1257410 158 144 41 982308 242 134 59 274183 141
215 A 1251828 980010 87 10 190 271060 68 90 139 174
216 C 1253013 133 345 980374 50 148 316 271316 189 142
217 G 1254043 309 179 38 982375 224 164 136 270495 123
218 A 1253347 988677 78 12 208 263906 158 24 120 164
219 A 1258446 990856 63 15 156 266898 120 46 136 156
220 A 1255232 996160 44 24 249 258230 174 39 155 157
221 G 1249860 175 294 36 1002043 80 234 53 246834 111
222 G 1248673 165 212 25 1010049 179 81 43 237788 131
223 A 1245816 1009872 110 15 239 235175 83 23 127 172
224 G 1239168 136 131 42 1009169 106 81 46 229317 140
225 A 1235407 1008592 54 12 181 226260 41 24 78 165
226 A 1233686 1007734 36 18 162 225427 40 34 88 147
227 A 1230488 1003521 56 25 167 226465 43 18 54 139
228 T 1229763 80 1005369 418 6 102 223429 83 56 220
229 A 1230256 1002570 41 10 159 227136 84 47 64 145
230 A 1225999 1003333 66 13 128 222162 51 21 53 172
231 A 1225855 1007883 77 25 113 217452 59 49 56 141
232 T 1228926 80 1007852 212 6 77 220413 86 21 179
233 A 1227116 1011878 57 14 166 212478 101 54 71 2297
234 C 1230297 109 80 1020682 36 70 77 209073 42 128
235 C 1232242 258 93 1023046 31 143 67 208425 38 141
236 T 1237105 70 1014341 173 28 78 222158 90 16 151
237 T 1241670 101 1011616 213 17 115 229334 79 40 155
238 G 1236175 219 148 52 1008925 136 127 48 226366 154
239 A 1237776 1004784 83 20 173 232358 68 41 118 131
240 A 1238808 1002427 74 20 189 235627 150 26 125 170
241 G 1232902 139 144 46 1001542 108 133 38 230618 134
242 A 1237221 1002903 72 23 188 233649 81 39 84 182
243 A 1236392 1002005 96 25 157 233710 43 61 75 220
244 C 1236284 120 150 1001024 41 107 95 234581 51 115
245 A 1245472 999654 63 18 114 245323 55 49 47 149
246 T 1247289 71 998290 217 14 70 248297 88 32 210
247 C 1250135 191 91 998113 21 130 86 251333 46 124
248 C 1254568 201 123 998354 41 219 45 255417 29 139
249 C 1261278 320 110 1002444 42 255 84 257849 59 115
250 A 1267423 1007106 28 58 185 259667 63 63 90 163
251 G 1262792 165 80 28 1012407 94 65 86 249744 123
252 T 1259798 96 1019380 193 21 113 239077 61 383 474
253 G 1251486 290 190 37 1016391 343 140 38 233912 145
254 C 1248286 254 314 1019353 54 112 486 227395 127 191
255 G 1242379 297 404 44 1022485 125 190 68 218622 144
256 G 1238337 139 442 41 1016124 54 381 34 220993 129
257 G 1231814 172 232 48 1016417 70 135 53 214548 139
258 G 1227465 216 182 51 1015692 114 80 107 210908 115
259 A 1225731 1018494 52 16 240 206481 127 19 119 183
260 A 1225425 1026641 70 12 183 197847 340 72 70 190
261 A 1222599 1026904 60 49 392 194455 151 17 430 141
262 G 1216227 313 138 32 1027095 139 334 57 187954 165
263 A 1214895 1030226 64 14 185 183804 351 19 57 175
264 T 1213357 91 1033626 208 14 44 178783 347 23 221
265 C 1212210 158 105 1031091 57 81 319 180236 38 125
266 C 1213736 248 104 1027598 53 173 273 185110 45 132
267 T 1215966 77 1025038 1024 47 161 189026 419 27 147
268 A 1216614 1024604 15 24 205 191458 48 35 59 166
269 A 1214911 1028040 78 27 158 186280 73 25 76 154
270 G 1211251 122 115 47 1028630 110 40 15 182009 163
271 A 1211997 1027038 46 21 177 184359 23 17 156 160
272 A 1211713 1022230 35 18 160 188990 89 17 38 136
273 A 1210746 1021365 30 17 143 188928 30 21 60 152
274 A 1207568 1019367 65 63 135 187594 42 45 53 204
275 C 1207414 106 50 1020051 30 92 55 186856 36 138
276 T 1211591 67 1020394 268 18 47 190511 95 31 160
277 G 1206646 186 187 54 1021433 71 149 31 184408 127
278 G 1204620 162 146 34 1021609 122 79 22 182315 131
279 A 1204406 1021531 96 17 307 182000 84 28 174 169
280 G 1202595 149 151 28 1022213 71 124 14 179701 144
281 G 1200128 117 145 53 1021438 81 134 58 177953 149
282 A 1196943 1018735 95 18 215 177002 103 41 118 616
283 C 1197078 84 119 1016385 43 42 83 180082 98 142
284 C 1198490 242 76 1014240 36 150 94 183478 27 147
285 T 1202052 84 1011100 330 20 101 190120 76 64 157
286 A 1203155 1011223 107 14 145 191372 53 23 66 152
287 T 1200033 106 1010149 165 18 58 189276 45 31 185
288 A 1200496 1012240 96 19 114 187760 37 36 38 156
289 T 1197746 90 1008009 216 7 61 189105 60 26 172
290 A 1197553 1007556 100 12 129 189365 59 32 53 247
291 C 1196185 132 148 1009922 36 90 87 185589 36 145
292 A 1196878 1005927 88 32 237 190248 111 28 65 142
293 G 1193649 113 222 32 1003462 67 149 39 189435 130
294 G 1191274 147 186 34 1001310 71 67 26 189307 126
295 A 1190028 997321 97 11 237 191959 132 15 82 174
296 G 1186308 153 215 39 995227 65 66 29 190374 140
297 A 1181823 993023 79 11 187 188224 56 13 65 165
298 G 1179555 220 67 37 993374 64 53 16 185587 137
299 T 1178203 120 988766 301 25 336 182124 146 192 6193
300 A 1179381 992478 25 10 192 186432 29 11 56 148
301 A 1180841 991612 31 10 143 188793 29 48 41 134
302 A 1179910 990078 63 67 138 189248 28 68 40 180
303 C 1181894 127 180 989719 34 120 122 191388 50 154
304 G 1182323 284 186 37 987374 95 126 42 194029 150
305 G 1179773 161 178 44 987209 67 75 35 191874 130
306 A 1181284 986597 56 6 227 194105 32 29 74 158
307 A 1181492 985570 57 18 160 195404 51 19 70 143
308 A 1184075 985464 55 22 301 197958 40 17 88 130
309 G 1181634 144 91 30 983415 59 64 13 197674 144
310 T 1181923 72 981951 117 18 121 198300 42 112 1190
311 G 1178546 154 189 43 977168 100 158 21 200575 138
312 G 1172022 103 167 26 972780 73 70 29 198629 145
313 A 1166952 971824 107 10 214 194486 70 12 61 168
314 T 1171374 103 977230 140 19 60 193473 44 69 236
315 G 1166339 172 188 36 979639 79 101 34 185957 133
316 A 1162879 976082 82 25 208 186088 153 14 64 163
317 G 1158755 108 185 41 970212 41 79 27 187942 120
318 A 1157685 967960 81 10 208 189062 110 22 80 152
319 G 1153822 238 117 44 969584 109 87 26 183498 119
320 A 1151943 964707 47 4 160 186738 47 17 47 176
321 A 1147513 963908 66 24 147 183021 49 14 52 232
322 C 1145265 89 80 965843 32 68 29 178980 25 119
323 T 1145096 100 959897 176 10 62 184604 52 20 175
324 C 1146344 238 124 958362 26 100 49 187296 30 119
325 A 1147879 957584 69 24 131 189757 29 44 36 205
326 T 1146481 89 953354 167 13 68 192551 47 18 174
327 C 1146999 174 52 946796 38 73 57 199671 16 122
328 C 1152499 217 65 943419 28 210 39 208344 25 152
329 T 1154897 36 942505 147 10 178 211808 74 16 123
330 T 1152991 80 936830 154 13 62 215557 126 6 163
331 T 1148895 20 934087 161 9 65 214383 57 9 104
332 A 1141457 928601 87 7 165 212268 131 14 44 140
333 T 1139489 115 928244 133 12 50 210715 50 35 135
334 G 1131926 240 127 45 923098 108 125 90 207991 102
335 A 1128034 920043 126 15 175 207283 52 71 80 189
336 C 1129275 111 144 914479 47 133 56 214033 84 188
337 A 1133231 909346 42 19 143 223342 105 42 49 143
338 A 1131482 905741 45 10 109 225328 66 19 46 118
339 A 1133485 901853 48 22 311 230858 101 11 132 149
340 G 1132286 158 139 39 904184 168 82 34 227379 103
341 A 1132883 905528 51 8 152 226840 33 18 103 150
342 A 1132766 905698 42 43 156 226521 62 56 75 113
343 G 1131314 125 96 32 912644 123 80 35 218038 141
344 A 1128566 904792 56 13 151 223239 55 11 106 143
345 A 1123799 897751 43 15 138 225599 34 19 70 130
346 A 1119547 895191 36 27 146 223885 36 13 84 129
347 T 1121997 60 887939 153 7 111 233428 73 39 187
348 A 1124376 887915 18 16 173 235987 53 12 98 104
349 A 1125273 889180 67 36 149 235514 86 27 84 130
350 G 1120252 154 223 26 892890 104 105 32 226621 97
351 G 1112565 97 145 33 892596 75 56 33 219419 111
352 C 1108251 209 157 893459 58 126 114 213898 89 141
353 G 1111611 226 164 40 892266 142 89 31 218524 129
354 A 1109134 893055 77 11 139 215556 92 8 52 144
355 A 1109040 888296 20 26 121 220319 29 14 82 133
356 T 1106110 64 887275 113 8 91 218306 56 18 179
357 C 1104271 166 69 889670 25 100 53 214035 60 93
358 T 1112068 91 891374 156 19 160 220030 54 45 139
359 G 1104031 252 149 28 891791 95 85 29 211498 104
360 G 1097336 165 126 19 890963 106 59 47 205747 104
361 C 1097112 241 222 891697 55 126 120 204444 44 163
362 G 1092573 241 189 42 892845 94 100 35 198888 139
363 C 1093654 146 90 897123 17 85 52 195988 32 121
364 C 1099671 160 136 896634 41 69 58 202426 31 116
365 A 1103973 889371 72 26 179 214080 48 30 37 130
366 A 1101287 883676 81 34 138 217075 54 20 54 155
367 G 1098565 170 182 32 889653 78 103 43 208191 113
368 C 1096405 223 190 896021 44 121 71 199579 32 124
369 T 1099050 26 902151 291 18 42 196300 82 20 120
370 A 1097877 899558 23 10 125 197903 41 33 49 135
371 A 1097556 898085 87 26 93 199046 41 18 45 115
372 T 1099664 95 901453 235 25 56 197559 77 31 133
373 A 1103500 905128 38 15 166 197917 37 23 53 123
374 A 1102498 903258 62 28 111 198795 48 21 57 118
375 T 1101654 87 898931 106 22 59 202235 33 33 148
376 G 1101801 182 194 45 896887 75 139 36 204134 109
377 G 1097345 146 62 39 897165 76 44 24 199682 107
378 T 1097474 116 900385 146 35 87 195575 55 51 1024
379 G 1097591 173 148 44 902794 85 55 63 194102 127
380 A 1094596 903500 68 25 174 190481 29 43 69 207
381 C 1094005 167 359 903912 54 81 254 188986 37 155
382 G 1096606 253 180 35 904442 133 120 51 191277 115
383 A 1094498 909483 84 15 144 184537 29 29 55 122
384 T 1097217 96 907960 163 35 76 188686 52 26 123
385 G 1091925 269 138 46 906613 92 84 22 184530 131
386 C 1092013 180 280 907778 62 84 113 183344 45 127
387 A 1099735 913512 54 20 202 185683 44 20 64 136
388 A 1093579 914908 67 45 172 178106 30 29 69 153
389 C 1094468 148 197 917005 43 115 152 176675 32 101
390 G 1100561 386 190 43 917784 131 76 34 181817 100
391 G 1094577 199 177 50 917472 65 80 21 176408 105
392 C 1097906 222 124 914756 37 95 48 182438 34 152
393 T 1102136 47 915015 158 18 80 186592 46 28 152
394 G 1094731 152 208 23 911552 71 95 33 182490 107
395 G 1090125 124 91 38 910267 63 38 22 179379 103
396 T 1089441 101 907761 194 16 53 178148 58 297 2813
397 C 1088359 201 140 909094 40 73 47 178623 20 121
398 T 1093678 64 908127 323 22 83 184779 77 11 192
399 G 1089710 250 134 52 910134 78 84 36 178780 162
400 A 1090677 913759 115 17 208 176042 73 30 64 369
401 C 1092718 122 116 914405 47 59 54 177722 28 165
402 T 1100854 103 917872 230 17 53 182239 60 23 257
403 C 1102384 237 140 916097 41 88 76 185563 25 117
404 A 1106333 918844 109 31 137 186695 48 41 49 379
405 C 1109309 127 152 923909 48 91 92 184685 40 165
406 A 1113180 924654 68 45 141 187979 31 44 47 171
407 T 1117232 87 924078 195 20 160 188176 68 43 4405
408 G 1113490 162 163 47 936861 67 126 30 175881 153
409 A 1111601 939775 68 6 185 171253 38 15 47 214
410 T 1113705 106 937577 138 16 64 175397 48 22 337
411 G 1115363 202 130 39 940130 88 102 25 174481 166
412 A 1116090 942122 76 11 183 173320 48 15 65 250
413 T 1116853 87 947014 126 7 42 169251 41 27 258
414 C 1118559 147 77 943836 36 80 58 174144 42 139
415 T 1123787 94 944392 238 23 93 178638 78 33 198
416 G 1118430 214 141 42 946194 91 110 43 171437 158
417 G 1113669 161 138 38 948790 62 79 27 164243 131
418 C 1113666 217 199 947916 65 88 76 164879 24 202
419 A 1117052 949024 104 20 156 167351 43 19 81 254
420 T 1116954 55 949557 153 20 34 166908 50 24 153
421 T 1117150 49 951152 153 13 62 165473 53 17 178
422 C 1118949 193 134 953300 45 116 46 164916 30 169
423 C 1122357 199 127 950417 49 152 57 171167 42 147
424 A 1123468 947795 46 15 156 175169 29 47 65 146
425 A 1120801 948254 39 11 101 172105 28 31 70 162
426 T 1122533 57 952333 130 16 58 169692 68 18 161
427 T 1126151 43 953143 140 12 44 172505 78 22 164
428 T 1126298 76 951022 146 15 84 174718 42 36 159
429 G 1123637 354 159 39 950845 110 135 48 171725 222
430 A 1122439 951929 69 9 191 169912 50 26 64 189
431 A 1121942 949649 41 24 184 171788 29 30 67 130
432 T 1122610 104 944950 127 19 63 177077 59 16 195
433 G 1116845 125 162 31 945260 58 147 29 170866 167
434 A 1115364 946611 85 18 171 168178 37 19 70 175
435 T 1115210 97 944869 141 16 54 169778 63 19 173
436 G 1116227 277 134 43 942009 131 75 28 173378 152
437 C 1117513 151 172 940453 76 140 66 176221 87 147
438 A 1121555 940584 46 30 163 180383 30 88 58 173
439 A 1120567 939954 57 14 152 180043 106 20 46 175
440 C 1120706 137 68 938560 30 84 116 181532 39 140
441 T 1124751 78 936182 155 14 87 187981 59 45 150
442 T 1124988 24 932517 167 10 71 191905 149 13 132
443 A 1122999 931961 41 18 96 190490 37 97 60 199
444 T 1123069 90 929579 150 11 42 192862 53 105 177
445 C 1126928 162 102 929447 42 107 94 196692 141 141
446 A 1133560 928835 95 28 243 203867 211 21 78 182
447 G 1132206 157 159 30 931983 69 137 33 199468 170
448 A 1130958 921816 46 17 197 208392 79 154 69 188
449 G 1125759 169 197 25 917164 55 193 27 207788 141
450 G 1119370 196 105 33 914970 203 73 33 203634 123
451 A 1116897 911140 122 24 221 204741 55 31 103 460
452 C 1114892 74 137 912217 37 92 64 201997 68 206
453 A 1117158 912602 75 18 149 203951 137 29 59 138
454 A 1114978 913572 74 21 150 200822 104 21 64 150
455 G 1111789 151 97 33 910864 167 84 41 198236 2116
456 A 1111675 916335 35 20 188 194774 28 17 81 197
457 G 1108290 141 160 32 922009 77 75 22 185621 153
458 C 1107345 204 67 917193 42 89 31 189538 30 151
459 T 1111442 37 917423 143 13 37 193495 82 15 197
460 C 1112243 164 67 919888 33 121 42 191579 80 269
461 T 1116459 85 924970 172 10 112 190877 85 17 131
462 T 1116894 100 918629 245 22 107 197007 619 57 108
463 G 1113655 130 78 39 914712 123 96 31 198240 206
464 T 1111930 104 909117 162 218 57 200905 58 1098 211
465 T 1111048 226 904187 167 15 1064 204997 228 22 142
466 C 1110755 231 248 904779 46 195 145 204922 49 140
467 G 1110893 348 163 75 906428 301 223 62 203168 125
468 C 1111984 221 178 916555 41 874 103 193866 28 118
469 A 1115242 915500 79 24 168 197551 205 138 79 1498
470 C 1113858 93 156 912793 88 756 154 199321 387 110
471 C 1117081 251 254 910392 41 876 388 204724 54 101
472 G 1124093 298 194 37 908024 236 331 138 214689 146
473 G 1120037 152 130 43 911280 416 112 44 207748 112
474 A 1118141 910090 67 21 168 207020 80 426 108 161
475 A 1115325 909364 79 29 209 205000 45 30 403 166
476 T 1116518 59 908653 147 23 366 206633 96 349 192
477 G 1112724 201 206 50 908525 410 270 237 202680 145
478 G 1108979 160 146 26 913937 120 83 422 193979 106
479 A 1109613 916537 53 11 206 192376 36 59 134 201
480 T 1110978 101 919650 222 47 98 190255 183 195 227
481 C 1115415 211 113 921668 38 116 99 192912 132 126
482 C 1117390 244 86 925832 50 290 74 190621 80 113
483 C 1123473 334 149 926878 48 332 107 195408 79 138
484 A 1127284 928776 41 37 243 197751 74 46 159 157
485 G 1125678 147 200 40 930745 121 191 23 194093 118
486 G 1123347 134 163 34 933645 95 69 34 189062 111
487 A 1123717 936996 77 10 209 185999 64 29 126 207
488 T 1125704 65 937175 128 20 63 187974 44 83 152
489 G 1124198 194 105 45 937924 111 76 40 185558 145
490 T 1126269 119 936762 177 17 48 188580 41 70 455
491 G 1125395 273 155 53 936316 138 91 22 188225 122
492 C 1127960 181 111 933462 42 84 54 193845 44 137
493 T 1136070 57 931515 172 26 70 203950 59 45 176
494 C 1142915 212 89 931132 37 172 60 210940 44 229
495 T 1148408 65 935358 156 14 165 212435 62 17 136
496 C 1149013 243 83 933516 30 137 45 214801 33 125
497 T 1154568 79 935314 264 15 153 218464 82 34 163
498 G 1150519 154 234 29 940664 85 167 44 209011 131
499 A 1152029 944518 78 11 143 206976 33 37 82 151
500 T 1156269 79 947000 157 18 60 208694 68 15 178
501 G 1155856 281 169 57 942411 116 99 24 212563 136
502 C 1152614 170 139 943171 60 117 69 208721 53 114
503 A 1158108 945793 62 27 203 211709 78 30 85 121
504 A 1159368 950129 42 23 166 208636 117 27 77 151
505 G 1157640 123 198 21 950839 73 124 32 206113 117
506 G 1155010 157 93 30 949587 76 58 50 204821 138
507 T 1152875 34 950419 197 34 44 201415 89 180 463
508 T 1154417 74 956448 168 20 48 197376 103 29 151
509 C 1155378 191 138 959431 54 75 123 195195 45 126
510 A 1159080 957689 65 23 197 200808 27 38 85 148
511 A 1158610 957641 79 20 133 200057 74 59 89 458
512 C 1158178 117 52 961971 21 114 29 195740 29 105
513 T 1161629 55 957812 184 12 62 203104 88 35 277
514 C 1162621 233 71 957808 28 70 61 204209 26 115
515 T 1169053 70 957392 254 15 119 210827 84 28 264
516 C 1171364 234 243 958219 37 80 109 212273 42 127
517 C 1176091 248 123 956742 41 165 53 218563 39 117
518 C 1180065 379 107 960627 43 262 67 218437 26 117
519 T 1190079 68 962546 241 15 172 226793 83 25 136
520 A 1194291 958668 55 23 163 235046 92 52 68 124
521 G 1188428 120 181 38 957543 102 124 34 230170 116
522 G 1188182 113 146 24 962546 63 101 37 225039 113
523 A 1189791 962001 76 18 214 227075 53 25 103 226
524 G 1189886 94 216 20 961907 81 91 27 227339 111
525 G 1189690 163 57 31 967653 67 39 29 221523 128
526 T 1190618 90 962445 161 19 213 224409 115 471 2695
527 C 1192359 168 108 966585 36 133 69 225110 33 117
528 T 1197613 79 973442 427 29 185 223135 154 19 143
529 G 1198819 235 132 42 979523 245 161 31 218309 141
530 G 1195572 148 89 35 983723 63 63 24 211287 140
531 A 1199458 990634 38 11 244 208131 34 10 91 265
532 G 1196516 201 225 32 993488 59 74 24 202292 121
533 C 1198235 215 143 997740 35 91 60 199756 53 142
534 C 1205831 217 234 1006900 20 70 104 198091 46 149
535 G 1209957 463 178 138 1011728 200 98 77 196932 143
536 C 1213329 212 87 1006132 38 73 201 206430 25 131
537 A 1223096 1007730 114 60 455 214198 171 84 117 167
538 G 1219233 117 207 33 1010457 59 209 30 208000 121
539 G 1217084 187 67 32 1008772 72 146 25 207664 119
540 T 1221017 114 1005256 204 28 64 212782 77 229 2263
541 G 1218965 231 178 37 1004395 102 340 26 213517 139
542 C 1220850 168 138 1005489 37 80 390 214376 31 141
543 T 1227978 62 1013688 372 36 43 212989 594 39 155
544 G 1232734 419 174 60 1012106 147 127 47 219518 136
545 C 1236985 188 280 1010721 70 110 111 225313 54 138
546 A 1242317 1014527 70 37 232 227091 68 43 70 179
547 G 1236557 153 80 22 1012745 80 65 26 223253 133
548 T 1241631 106 1016896 178 9 117 223997 76 22 230
549 C 1247670 160 141 1024838 58 88 71 222076 38 200
550 A 1251120 1029131 88 18 145 221370 53 106 55 154
551 A 1251344 1036845 78 16 152 213901 132 22 57 141
552 A 1255571 1046420 55 62 411 208152 72 96 124 179
553 G 1257112 148 228 36 1041483 64 281 91 214664 117
554 G 1257226 116 208 30 1042202 74 290 37 214139 130
555 A 1259150 1045028 98 15 232 213237 40 17 247 236
556 G 1255469 191 76 38 1045907 87 80 18 208953 119
557 T 1256302 91 1049677 127 17 179 205748 50 82 331
558 T 1259401 72 1057445 166 21 134 201206 61 95 201
559 G 1256112 194 218 51 1057360 116 254 38 197731 150
560 G 1253464 197 175 56 1061030 116 81 29 191645 135
561 A 1256473 1063571 83 9 266 192239 40 25 75 165
562 A 1258788 1061348 98 29 246 196688 49 62 80 188
563 C 1262680 100 126 1065766 52 114 89 196262 17 154
564 A 1265209 1069631 112 20 138 195009 78 29 41 151
565 A 1265789 1072756 77 21 161 192438 114 26 46 150
566 T 1269181 70 1076333 117 20 65 192250 35 101 190
567 G 1266820 277 261 29 1079564 143 102 63 186260 121
568 G 1263964 208 86 30 1079518 112 75 35 183763 137
569 T 1265198 119 1073672 182 34 65 187346 87 95 3598
570 G 1263082 198 164 43 1079706 70 92 58 182639 112
571 A 1261705 1078743 149 14 203 182229 32 57 66 212
572 T 1262123 117 1079174 144 18 45 182330 78 27 190
573 G 1264637 216 199 37 1080903 101 130 30 182890 131
574 G 1264729 147 179 30 1077628 69 49 42 186446 139
575 A 1265664 1074360 86 14 253 190635 42 10 64 200
576 A 1261875 1078900 78 17 185 182432 33 13 51 166
577 T 1260921 58 1084281 178 23 25 176140 33 5 178
578 T 1263168 74 1087011 130 20 41 175676 37 14 165
579 G 1262939 243 246 43 1088808 67 92 42 173250 148
580 G 1259118 261 82 40 1089123 40 63 45 169310 154
581 T 1258485 133 1086257 198 24 63 171394 50 31 335
582 C 1264193 196 193 1081242 52 148 63 182106 26 167
583 A 1268588 1080087 127 28 263 187651 129 54 71 178
584 G 1264059 168 164 40 1081349 94 88 36 181977 143
585 A 1263960 1079383 64 16 178 184061 39 10 48 161
586 A 1264208 1078930 58 21 185 184730 41 61 44 138
587 T 1264449 87 1078046 128 8 32 185925 42 13 168
588 G 1259405 164 153 33 1077121 57 119 53 181566 139
589 A 1257220 1078287 89 13 179 178345 18 43 47 199
590 T 1256389 130 1075102 187 8 60 180662 50 11 179
591 C 1259763 184 126 1072238 52 141 74 186774 22 152
592 A 1267236 1073813 26 15 159 192947 26 40 43 167
593 A 1268190 1072105 26 17 121 195655 28 11 43 184
594 A 1264856 1068569 53 89 160 195694 36 49 35 171
595 C 1263463 169 192 1062890 48 95 85 199794 55 135
596 G 1264032 349 143 32 1066839 78 96 42 196308 145
597 T 1263843 94 1067189 127 51 34 195667 52 45 584
598 G 1263749 267 373 25 1071468 97 197 39 191175 108
599 G 1260772 182 219 40 1068305 45 158 62 191632 129
600 G 1256518 213 166 23 1064140 75 86 51 191628 136
601 A 1253796 1063812 116 15 232 189271 58 8 95 189
602 T 1250224 74 1061861 190 14 25 187753 61 65 181
603 C 1251546 209 115 1058132 56 141 111 192561 34 187
604 A 1248242 1057618 63 16 189 189919 61 161 43 172
605 A 1245102 1054210 50 21 167 190273 134 42 49 156
606 T 1246647 100 1052807 144 16 42 193185 40 149 164
607 G 1248230 190 166 35 1056023 66 226 86 191293 145
608 A 1243257 1056486 113 15 164 186093 67 103 48 168
609 T 1241848 114 1054245 148 13 37 186904 183 45 159
610 C 1242849 265 213 1052821 41 139 188 188939 88 155
611 G 1246690 303 188 56 1051224 212 196 63 194286 162
612 G 1241803 240 190 43 1050203 89 150 57 190698 133
613 A 1243301 1045516 46 13 182 197250 33 16 82 163
614 A 1242599 1036217 37 23 201 205727 35 39 52 268
615 C 1243731 173 106 1027101 26 94 39 216032 46 114
616 T 1242762 39 1024501 170 31 60 217734 65 31 131
617 T 1238187 39 1020422 132 24 48 217277 59 22 164
618 C 1234106 190 67 1019500 34 74 84 213983 21 153
619 T 1238577 111 1010217 219 23 72 227687 60 29 159
620 G 1232595 177 195 53 1005716 93 149 24 226062 126
621 G 1226780 159 242 41 1001278 65 120 23 224706 146
622 A 1226352 997027 79 18 275 228334 135 21 111 352
623 G 1221636 191 332 28 991508 71 169 53 229172 112
624 G 1219728 166 414 24 986419 103 186 20 232263 133
625 G 1213359 178 214 34 989584 55 112 71 222963 148
626 G 1210338 155 83 51 989714 127 50 29 219995 134
627 T 1211263 103 974645 200 37 248 225174 276 630 9950
628 G 1208516 167 195 35 983738 99 90 111 223962 119
629 A 1209670 981816 119 9 230 226921 139 24 217 195
630 G 1202505 188 166 34 982780 106 124 33 218936 138
631 A 1199418 980368 69 9 272 218382 34 31 83 170
632 A 1196286 976903 90 28 150 218846 62 19 55 133
633 T 1196801 99 976385 129 19 71 219837 44 55 162
634 G 1193046 243 217 38 979364 100 237 33 212693 121
635 G 1190891 176 159 34 976356 102 95 28 213798 143
636 A 1187775 974158 74 14 286 212834 44 45 110 210
637 C 1188177 146 276 972377 45 142 159 214810 63 159
638 G 1186852 280 150 41 965199 146 93 125 220654 164
639 A 1187048 962750 57 13 300 223552 86 22 119 149
640 A 1188507 958700 45 27 160 229241 55 21 104 154
641 A 1186805 951626 43 27 154 234628 81 43 71 132
642 A 1182322 950918 47 29 118 230925 56 49 50 130
643 A 1179929 948154 81 308 182 230714 51 107 125 207
644 C 1178440 69 82 950334 37 160 46 227495 80 137
645 A 1180699 944340 45 16 169 235811 32 73 71 142
646 A 1178310 940507 54 15 173 237255 81 18 91 116
647 G 1176844 203 112 34 938776 136 93 31 237322 137
648 A 1174269 937061 53 9 153 236667 63 33 74 156
649 A 1169132 932877 48 30 148 235740 50 21 84 134
650 T 1168663 79 932162 130 21 94 235918 77 24 158
651 T 1168281 61 931653 127 13 49 236131 58 38 151
652 G 1164470 131 160 34 932305 71 151 47 231438 133
653 C 1162709 149 78 931297 44 79 104 230772 70 116
654 T 1166126 42 934510 182 17 91 231032 110 17 125
655 T 1169970 14 940457 167 18 96 228954 83 32 149
656 A 1167147 940934 71 21 132 225637 68 91 70 123
657 T 1170248 103 941462 137 29 95 228135 70 42 175
658 G 1169539 173 123 45 945736 167 162 34 222964 135
659 A 1172704 947253 55 10 200 224874 89 18 68 137
660 A 1172768 951732 36 12 168 220430 55 26 149 160
661 A 1175197 952238 37 33 191 222281 78 16 165 158
662 G 1174869 131 114 26 953943 97 73 25 220252 208
663 A 1173724 950171 54 5 312 222714 37 21 270 140
664 A 1169658 945149 59 21 226 223816 50 16 200 121
665 T 1166158 80 940208 97 11 140 225402 45 32 143
666 G 1162235 287 84 26 940390 170 90 24 221022 142
667 T 1161230 205 940563 155 21 122 219547 54 55 508
668 G 1155523 210 155 37 938834 58 117 43 215908 161
669 C 1153370 116 197 938102 56 109 130 214433 58 169
670 A 1158715 937825 59 28 144 220323 61 44 87 144
671 A 1158617 936312 95 18 135 221694 69 43 49 202
672 C 1159121 101 90 938888 34 113 65 219586 125 119
673 A 1163208 937307 64 20 110 225414 63 62 45 123
674 T 1160649 55 941655 156 24 41 218411 154 16 137
675 T 1164262 59 945168 159 13 67 218492 129 19 156
676 C 1163265 162 80 946780 29 177 77 215792 34 134
677 T 1162863 101 942843 210 17 74 219286 86 83 163
678 C 1160919 156 116 941154 33 165 112 218875 130 178
679 A 1167466 942350 65 17 143 224594 61 47 47 142
680 A 1166165 941677 64 19 133 223904 92 32 90 154
681 A 1164576 939908 56 21 262 223978 95 22 114 120
682 G 1158891 140 427 25 936269 79 216 36 221589 110
683 G 1155698 143 296 46 933659 78 139 36 221161 140
684 G 1151556 164 190 51 937293 95 76 42 213501 144
685 A 1146829 940756 71 9 220 205424 30 30 103 186
686 A 1140712 936447 41 11 137 203777 40 36 63 160
687 A 1140532 941051 59 14 122 198987 83 19 59 138
688 T 1139969 76 942723 153 20 60 196687 64 34 152
689 T 1139095 42 944428 147 19 40 194203 62 24 130
690 T 1137523 72 944550 177 18 37 192408 83 21 157
691 C 1136333 141 104 945784 49 113 82 189895 27 138
692 A 1136619 948552 47 25 256 187449 39 34 67 150
693 A 1136146 951608 46 14 123 184117 31 19 52 136
694 A 1133586 952247 39 54 112 180835 46 48 29 176
695 C 1133528 155 479 951421 35 84 134 181078 26 116
696 T 1137472 56 951506 167 29 43 185392 55 30 194
697 G 1133644 159 165 41 947488 69 98 42 185423 159
698 C 1131473 154 145 944945 25 64 70 185906 40 124
699 T 1132490 80 945395 219 25 41 186421 83 38 188
700 G 1131735 336 153 46 944170 131 85 50 186651 113
701 C 1130815 163 147 944636 45 68 73 185506 46 131
702 A 1133435 945449 112 22 177 187195 54 59 79 288
703 C 1132079 99 163 946674 37 124 57 184658 41 226
704 A 1132877 944851 42 25 115 187564 44 68 29 139
705 A 1134261 944315 48 19 127 189486 43 44 41 138
706 A 1132401 944916 22 22 91 187105 32 37 57 119
707 A 1128805 946101 39 13 227 182146 42 28 77 132
708 A 1125417 946137 17 25 466 178419 28 37 156 132
709 G 1121446 154 104 50 945366 123 60 74 175371 144
710 C 1116068 133 111 946563 47 140 64 168763 76 171
711 A 1113284 946178 79 14 157 166591 30 45 46 144
712 A 1107527 942356 50 49 133 164495 38 42 238 126
713 T 1103282 88 939139 132 16 70 163569 31 76 161
714 G 1100606 175 174 35 939712 151 253 15 159957 134
715 A 1094940 934557 89 15 157 159642 232 24 58 166
716 T 1093009 68 934551 144 25 45 157813 31 181 151
717 G 1089067 228 198 33 929444 232 122 27 158640 143
718 G 1083581 161 185 26 927583 260 74 13 155122 157
719 A 1078968 920979 100 17 204 157386 41 25 62 154
720 T 1073402 99 918687 184 13 86 153919 40 17 357
721 C 1069231 136 102 914522 44 158 93 153966 22 188
722 A 1067288 916270 74 10 216 150389 107 18 79 125
723 A 1060680 909634 52 19 155 150496 95 35 49 145
724 G 1054747 198 77 24 905363 80 40 12 148834 119
725 T 1053079 87 903533 146 30 127 148192 60 28 876
726 G 1047475 248 149 44 902871 47 56 15 143885 160
727 A 1041308 900303 79 26 219 140349 95 22 47 168
728 G 1033836 186 167 40 899062 64 60 11 134123 123
729 A 1030366 896349 94 27 343 133191 97 14 80 171
730 G 1022661 110 112 38 889176 51 43 18 132934 179
731 A 1016639 883955 40 21 243 132095 43 18 61 163
732 G 1006833 166 98 22 874551 42 38 21 131689 206
733 A 1003686 868314 24 60 209 134698 39 63 48 231
734 G 993344 144 191 45 861939 52 35 71 130560 307
735 C 988228 173 315 857381 54 158 95 129841 76 135
736 C 982889 166 190 849728 44 64 164 132144 156 233
737 G 982023 332 206 39 847344 247 157 84 133457 157
738 G 974816 185 133 15 843557 77 38 61 130612 138
739 A 969893 840713 33 18 154 128695 23 34 78 145
740 A 963214 834060 67 31 154 126924 42 827 65 1044
741 C 956259 99 119 827283 29 42 39 128500 25 123
742 C 950176 111 71 819594 23 75 39 130127 19 117
743 C 946668 278 117 810929 38 104 51 135001 18 132
744 A 942267 801250 58 53 199 140374 70 74 65 124
745 G 933338 88 298 26 791693 34 142 23 140924 110
746 G 926703 134 165 24 784640 51 69 64 141447 109
747 G 919846 202 119 34 779793 74 53 53 139411 107
748 A 915041 774835 50 9 156 139738 36 9 48 160
749 A 909298 767221 41 22 152 141605 29 12 78 138
750 T 904064 75 762691 146 20 53 140855 43 32 149
751 G 894737 270 153 47 757791 100 60 31 136173 112
752 C 887232 181 129 756237 43 58 49 130371 46 118
753 T 884669 42 751663 227 23 24 132505 34 20 131
754 G 879992 98 111 47 747567 73 50 20 131925 101
755 A 872129 740984 36 8 111 130796 24 14 40 116
756 G 864232 102 57 16 737688 29 50 8 126146 136
757 T 856360 42 735380 157 10 39 120279 44 14 395
758 T 848125 35 728509 87 6 26 119305 25 18 114
759 C 838505 150 158 719803 35 87 86 118057 27 102
760 G 828535 175 129 26 708811 208 46 17 118996 127
761 A 821660 702834 57 5 99 118483 37 11 36 98
762 A 813643 692583 32 12 128 120681 37 11 35 124
763 G 805034 85 93 22 681040 29 58 18 123588 101
764 A 795227 672238 48 4 90 122655 22 17 24 129
765 T 788994 43 666102 97 9 16 122552 49 5 121
766 C 781705 97 66 657925 13 34 27 123446 11 86
767 T 778067 60 647532 169 17 78 130034 41 9 127
768 C 769797 138 72 639174 37 96 41 130120 22 97
769 A 764746 630620 51 16 94 132156 37 181 26 1565
770 C 758154 81 68 621933 63 36 315 133359 37 2262
771 T 752875 58 616185 174 14 58 136259 43 7 77
772 T 749440 27 605821 72 10 57 143327 29 11 86
773 T 741811 25 596926 87 14 12 144585 34 40 88
774 T 734661 39 594183 111 8 48 140130 41 15 86
775 C 725844 81 68 587768 22 51 66 137688 14 86
776 T 718387 53 584209 113 9 61 133800 50 16 76
777 A 708470 578295 17 12 137 129804 28 34 36 107
778 G 695622 108 97 28 572843 54 42 24 122352 74
779 C 688411 170 96 564451 43 95 31 123421 30 74
780 A 682746 557894 62 18 98 123584 25 76 32 957
781 C 674004 95 91 551032 15 83 55 122460 34 139
782 G 663298 126 94 10 544524 51 43 11 118357 82
783 G 654860 108 32 18 536908 45 20 13 117640 76
784 T 646341 48 527376 68 8 30 118545 38 20 208
785 C 637252 138 72 520945 15 68 26 115897 19 72
786 T 627596 36 513845 178 16 46 113312 49 11 103
787 G 616616 165 77 24 505138 104 26 17 111004 61
788 C 605159 94 117 496954 34 56 36 107792 24 52
789 A 598928 477673 68 15 77 112929 35 562 45 7524
790 C 591834 59 90 476204 25 28 35 115289 25 79
791 T 586016 34 466171 84 10 60 119518 27 18 94
792 C 580395 134 141 454347 29 140 64 125386 28 126
793 A 574612 441507 27 16 82 132822 26 18 41 73
794 T 565386 30 433283 97 10 21 131822 36 23 64
795 A 557281 424201 38 12 77 131710 68 9 33 1133
796 T 551424 37 410843 47 14 30 140348 23 29 53
797 T 546070 26 403269 63 17 58 142279 19 169 170
798 G 540075 96 62 27 399773 85 60 15 139901 56
799 A 531376 396009 43 10 91 134936 64 9 73 141
800 G 524263 67 52 17 392574 29 29 14 131432 49
801 A 518478 379153 25 11 126 130799 37 9 1357 6961
802 G 509237 84 95 12 381440 51 74 7 127433 41
803 G 501571 58 82 18 375446 59 53 37 125778 40
804 G 491265 98 57 23 369224 59 66 18 121666 54
805 T 483996 30 362325 51 9 88 120848 53 168 424
806 C 474598 82 83 352035 14 95 87 118225 993 2984
807 G 466845 124 92 14 349794 174 94 36 116473 44
808 G 454614 56 13 21 344805 60 243 39 108978 399
809 T 448600 37 334954 51 12 44 113373 34 35 60
810 T 442601 28 326547 56 5 25 115816 33 33 58
811 G 432276 220 58 16 323155 111 59 117 108417 123
812 C 426212 142 44 323552 28 91 36 102260 19 40
813 T 424964 21 311467 85 8 70 112517 288 16 492
814 C 423456 114 45 305523 22 148 86 117438 27 53
815 A 421907 303094 39 9 57 118444 64 38 70 92
816 C 416956 51 42 301008 18 1565 75 112010 27 2160
817 A 415684 291658 15 6 48 123752 122 14 38 31
818 A 412833 285372 16 9 42 127032 36 89 110 127
819 G 407825 38 25 12 283299 116 94 21 124140 80
820 T 403693 20 281474 50 11 47 117988 1964 42 2097
821 C 399772 62 30 278884 15 133 50 120540 30 28
822 C 396669 76 40 275949 10 177 67 120259 28 63
823 T 396239 20 271594 29 14 80 123807 59 350 286
824 G 389182 45 45 14 268503 90 147 332 119816 190
825 C 385886 108 57 267143 22 70 49 118377 22 38
826 C 385799 84 59 263919 26 55 106 121415 21 114
827 T 388732 25 262255 26 6 66 125827 50 235 242
828 G 382915 35 35 21 261621 50 47 267 120723 116
829 C 381141 99 45 261016 30 62 58 119774 14 43
830 C 385208 78 50 257755 22 56 116 126970 37 124
831 T 391238 21 255570 8 3 70 135318 43 108 97
832 G 389007 98 48 15 254918 104 64 87 133601 72
833 C 389367 96 89 254182 17 38 470 134400 52 23
834 C 392271 78 45 249584 41 63 1673 138178 506 2103
835 T 397373 19 247960 135 18 78 148914 91 87 71
836 G 396419 44 21 11 244943 64 100 34 151159 43
837 T 396972 31 246742 32 10 27 149838 48 106 138
838 G 396055 50 24 13 250755 209 89 20 144826 69
839 T 396966 41 250073 39 16 87 146557 39 42 72
840 G 396434 39 18 22 255525 96 220 17 140338 159
841 T 396275 20 262177 91 17 84 133622 45 172 47
842 A 397019 268562 37 8 78 127985 103 20 82 144
843 T 398410 53 271150 81 16 33 121199 129 2560 3189
844 G 400027 101 95 36 281461 61 103 97 118039 34
845 G 402561 109 33 20 287523 88 127 95 114397 169
846 A 405817 267123 82 33 223 96850 66 13401 132 27907
847 C 408826 137 192 300399 54 74 120 107800 24 26
848 C 415539 182 86 306375 53 81 63 108623 57 19
849 T 424146 78 313487 24 38 55 110328 29 68 39
850 G 428058 276 215 55 319615 95 77 69 107623 33
851 C 430727 161 178 322470 52 70 107 107617 27 45
852 C 437984 196 208 325958 58 97 171 111208 34 54
853 G 446947 182 120 43 328039 176 69 33 118257 28
854 T 452678 52 332347 89 33 27 119904 160 24 42
855 A 464086 335945 22 87 149 127724 40 29 51 39
856 G 470448 30 31 5 340069 53 156 21 130054 29
857 C 484194 77 37 345424 14 39 117 138419 32 35
858 C 498430 52 90 351824 22 28 145 146203 26 40
859 A 506263 353415 36 33 62 152516 34 25 112 30
860 G 508067 59 18 5 357514 94 53 15 150264 45
861 T 516002 34 363953 39 14 64 151775 35 23 65
862 G 519318 69 106 11 369598 56 192 21 149232 33
863 G 520363 71 69 18 379578 66 98 19 140401 43
864 G 526021 100 59 13 390283 61 60 18 135380 47
865 T 534113 43 397744 125 18 35 135973 50 17 108
866 A 543882 407680 43 12 101 135898 38 25 31 54
867 C 554455 54 155 419914 26 49 95 134102 29 31
868 G 568111 122 60 18 430366 46 58 64 137323 54
869 A 579304 440681 38 3 83 138322 38 18 66 55
870 C 590399 57 57 451896 9 62 33 138202 42 41
871 T 598761 23 457614 80 14 14 140871 69 10 66
872 T 607010 21 468059 90 12 19 138692 55 5 57
873 T 616225 33 480541 112 18 16 135400 44 19 42
874 G 623143 117 59 22 489677 45 75 19 133085 44
875 A 633605 494656 32 13 127 138611 21 8 69 68
876 A 644625 503679 25 15 93 140640 60 15 25 73
877 A 653866 508020 27 19 139 145369 158 14 56 64
878 G 660321 87 202 17 509332 65 161 22 150388 47
879 G 665623 114 138 24 514701 52 109 15 150426 44
880 G 671703 101 100 25 522536 50 72 23 148739 57
881 A 679377 529656 49 9 170 149165 111 12 95 110
882 G 682539 100 171 14 539046 70 152 42 142885 59
883 G 685850 74 106 11 552756 35 159 28 132619 62
884 G 688230 155 89 14 563279 50 66 28 124483 66
885 A 695383 574359 64 4 155 120547 66 27 59 102
886 T 703929 62 583992 119 6 31 119570 41 20 88
887 A 714285 590861 54 8 113 121814 197 139 68 1031
888 C 722610 64 44 603546 17 30 78 118745 19 67
889 T 735713 68 612181 108 11 23 123132 34 61 95
890 C 743560 136 43 623759 23 88 26 119401 26 58
891 T 752797 49 637180 114 11 71 115233 29 10 100
892 C 761256 162 53 647126 29 55 26 113668 65 72
893 T 769787 53 652327 119 13 16 117079 91 11 78
894 A 781147 658430 28 13 119 122388 37 15 35 82
895 G 786746 120 54 17 664958 32 42 13 121452 58
896 T 793504 75 672730 86 15 30 120370 27 12 159
897 C 804499 131 114 677060 24 41 97 126935 22 75
898 G 816769 199 125 29 682455 41 157 27 133642 94
899 G 823626 106 100 39 684731 25 86 23 138442 74
900 A 832139 692586 51 7 182 139118 42 12 51 90
901 A 840486 702552 50 16 131 137578 14 15 31 99
902 T 851075 49 714968 112 9 28 135776 26 4 103
903 A 860274 723506 49 13 162 136271 105 16 51 101
904 G 868558 128 86 28 736489 38 61 22 131611 95
905 A 879924 747138 53 12 136 132022 61 58 53 391
906 C 889320 80 97 756272 36 49 23 132662 19 82
907 C 902956 223 85 768176 18 49 31 134270 9 95
908 C 912901 348 58 779068 17 73 22 133231 5 79
909 T 921199 51 790498 218 33 15 130181 82 7 114
910 T 926457 67 796220 138 15 18 129842 40 10 107
911 T 933851 59 802991 160 6 10 130474 34 5 112
912 C 942277 149 153 813380 31 34 75 128354 12 89
913 A 951807 824494 69 31 238 126666 143 11 46 109
914 G 958074 135 142 44 827939 34 100 17 129557 106
915 A 963891 833290 80 19 130 130086 43 14 49 180
916 C 973069 99 65 839932 34 35 16 132789 16 83
917 T 984881 65 850136 139 13 27 134323 48 8 122
918 G 993648 187 160 46 860710 31 85 18 132309 102
919 C 1004215 120 107 868640 38 32 30 135104 29 115
920 T 1014996 41 878867 168 25 10 135683 60 11 131
921 T 1023959 107 886666 205 17 23 136752 44 11 134
922 C 1036461 175 112 898600 42 48 77 137266 14 127
923 A 1048622 907960 52 19 171 140165 48 44 28 135
924 A 1055323 914810 47 27 117 140123 35 14 26 124
925 A 1063412 921788 42 31 130 141247 25 14 28 107
926 A 1071219 926345 48 223 165 144195 24 46 20 153
927 C 1079841 129 141 934585 24 49 53 144735 21 104
928 A 1087484 942904 74 26 148 144132 42 10 36 112
929 G 1090810 193 225 38 946712 52 58 37 143366 129
930 C 1098416 183 129 948581 43 51 41 149252 21 115
931 C 1105924 165 156 952461 52 51 54 152834 11 140
932 A 1114082 962857 81 34 149 150738 39 11 35 138
933 A 1121190 970566 59 15 143 150154 60 11 35 147
934 G 1125991 266 75 27 977535 50 48 22 147868 100
935 T 1133775 85 982737 120 22 25 150060 30 24 672
936 G 1136652 225 118 43 987529 44 47 28 148475 143
937 T 1142890 70 993531 203 14 34 148537 38 12 451
938 A 1149332 1003447 95 27 210 145280 36 3 40 194
939 C 1156191 144 299 1008063 47 69 55 147356 16 142
940 A 1164937 1012410 45 22 188 152016 41 19 38 158
941 G 1167655 151 196 40 1016423 28 78 17 150576 146
942 C 1171643 207 151 1022096 35 46 34 148913 21 140
943 C 1180427 192 102 1027298 39 58 29 152580 26 103
944 T 1188984 80 1027381 251 17 24 161007 52 11 161
945 A 1190677 1029391 21 24 143 160870 36 11 27 154
946 A 1190513 1035376 84 28 124 154703 12 10 34 142
947 T 1198247 86 1041012 142 16 17 156721 41 10 202
948 C 1206417 178 142 1043444 38 76 60 162324 20 135
949 A 1211651 1041757 57 29 235 169251 82 24 53 163
950 G 1211296 192 139 33 1045122 46 78 23 165523 140
951 A 1214886 1043508 89 15 223 170573 32 22 56 368
952 C 1217936 114 149 1040947 47 76 54 176395 20 134
953 C 1223176 313 142 1040879 33 91 77 181481 24 136
954 A 1229171 1043474 104 27 155 185129 51 28 69 134
955 A 1230045 1046316 57 20 200 183179 47 15 75 136
956 A 1229171 1044149 68 32 165 184477 41 42 38 159
957 T 1235025 121 1046524 199 22 68 187850 52 35 154
958 G 1232467 187 228 30 1053591 47 126 25 178109 124
959 A 1233638 1055485 103 18 237 177417 80 18 87 193
960 G 1231519 150 138 46 1052787 58 48 61 178064 167
961 A 1233247 1047970 51 10 154 184748 45 53 43 173
962 A 1233733 1043739 70 32 156 189470 24 17 56 169
963 T 1234542 112 1043598 240 18 46 190151 66 15 296
964 C 1236610 175 93 1044499 23 62 45 191548 24 141
965 C 1241725 189 148 1043463 53 150 98 197433 31 160
966 A 1239623 1038022 38 34 291 200899 64 25 80 170
967 G 1235745 219 170 45 1039757 60 66 58 195209 161
968 C 1238561 228 183 1045480 71 97 70 192263 27 142
969 A 1240398 1046255 129 23 195 193205 33 35 58 465
970 C 1238552 133 135 1041971 41 40 62 196038 18 114
971 A 1238702 1037758 146 31 141 200157 51 18 42 358
972 C 1237240 109 145 1037318 49 70 74 199300 23 152
973 A 1240635 1031680 41 10 171 208499 34 12 61 127
974 A 1239288 1030369 91 30 217 208207 135 16 56 167
975 G 1233230 131 180 26 1024569 46 80 39 207980 179
976 A 1229833 1023316 68 10 175 205921 78 28 72 165
977 G 1222749 176 66 36 1024388 49 57 27 197792 158
978 T 1219686 121 1018190 203 23 118 199607 141 47 1236
979 C 1218113 140 122 1012739 43 139 50 204699 41 140
980 A 1220816 1011677 61 8 163 208611 51 20 56 169
981 A 1217369 1007275 68 17 134 209525 45 15 62 228
982 C 1216793 147 104 1002816 38 76 165 213287 16 144
983 T 1220051 98 1000794 143 19 71 218538 65 139 184
984 G 1217350 243 180 42 998688 76 137 169 217695 120
985 G 1213832 169 83 34 1000247 60 39 28 213017 155
986 T 1212296 83 1005789 172 30 78 204533 70 238 1303
987 G 1209497 224 110 40 1006177 124 59 194 202447 122
988 T 1207558 104 1009104 108 15 222 197526 37 51 391
989 G 1206416 212 198 42 1010107 67 106 38 195517 129
990 G 1202467 141 175 35 1006570 266 138 37 194977 128
991 A 1200115 995126 119 16 230 204224 72 26 81 221
992 T 1200597 112 988222 126 33 56 211662 53 53 280
993 G 1192536 263 151 49 989820 96 107 28 201868 154
994 G 1186256 231 144 51 996754 102 61 41 188724 148
995 C 1184150 243 213 999797 66 139 149 183349 46 148
996 A 1185056 1003056 88 26 174 181308 58 40 109 197
997 T 1181909 98 1002970 197 15 39 178300 77 23 190
998 G 1176097 261 202 60 1002447 161 115 33 172638 180
999 C 1175011 157 226 1001972 58 86 149 172175 45 143
1000 C 1178455 173 156 993582 45 108 60 184061 115 155
1001 A 1182384 988333 89 23 115 193417 73 19 167 148
1002 T 1179867 70 983796 183 22 192 195330 82 34 158
1003 T 1179677 82 980340 134 12 57 198439 445 14 154
1004 C 1178527 242 145 974914 47 92 105 202838 30 114
1005 T 1183137 87 971045 256 21 214 211226 66 34 188
1006 G 1174423 295 260 54 965569 118 81 223 207657 166
1007 C 1170393 232 163 967238 59 224 65 202195 76 141
1008 C 1173719 225 295 959857 75 117 136 212787 61 166
1009 G 1181016 341 138 50 957191 265 118 209 222548 156
1010 C 1182142 206 112 958117 44 202 104 223185 41 131
1011 A 1188612 960475 69 28 123 227492 61 68 143 153
1012 T 1191034 46 958539 109 25 38 232034 50 55 138
1013 T 1190807 25 954810 154 11 31 235546 67 13 150
1014 T 1192705 73 954259 240 11 59 237749 87 72 155
1015 G 1183235 111 173 52 955760 105 156 29 226694 155
1016 A 1181523 957131 81 16 178 223811 54 23 97 132
1017 A 1178366 956819 65 24 205 220901 94 37 72 149
1018 G 1172939 167 125 29 953828 75 96 87 218391 141
1019 A 1170333 950028 87 12 148 219720 38 81 55 164
1020 T 1168402 75 951332 147 7 133 216504 41 27 136
1021 C 1166681 201 68 949995 38 107 131 215944 67 130
1022 T 1169236 78 950700 176 21 136 217897 66 36 126
1023 A 1171134 950867 22 13 169 219757 78 46 61 121
1024 A 1170034 955688 48 27 142 213732 148 34 72 143
1025 G 1164796 152 169 29 954088 74 111 34 210011 128
1026 A 1163435 959292 70 9 195 203570 54 17 75 153
1027 G 1159837 108 85 24 963085 57 64 27 196271 116
1028 T 1162411 64 957621 122 8 272 198689 110 192 5333
1029 A 1160255 966967 63 17 159 192770 33 9 80 157
1030 T 1160836 56 962927 122 18 24 197442 30 43 174
1031 T 1164679 100 965717 136 15 84 198422 51 25 129
1032 A 1172370 963872 116 13 223 207879 44 20 49 154
1033 A 1176087 957798 26 15 135 217875 33 18 54 133
1034 G 1173873 137 162 28 952414 61 92 39 220811 129
1035 C 1174951 156 69 949143 17 91 32 225253 50 140
1036 T 1177105 25 946585 173 35 34 230001 80 23 149
1037 T 1177262 103 950857 182 8 70 225797 60 37 148
1038 C 1174388 149 131 950246 47 108 134 223393 47 133
1039 A 1173988 947926 88 23 178 225456 59 46 71 141
1040 T 1170968 87 942576 157 11 108 227782 88 14 145
1041 C 1174987 156 104 934084 42 235 104 240092 44 126
1042 A 1181386 927743 45 24 167 253058 71 74 61 143
1043 A 1179241 930864 42 17 138 247871 67 13 92 137
1044 A 1181062 930777 63 50 283 249378 203 54 103 151
1045 G 1177497 147 343 21 935238 82 206 24 241340 96
1046 G 1171583 138 227 35 940064 75 137 25 230760 122
1047 G 1164180 158 190 34 944693 74 61 54 218799 117
1048 A 1163211 945874 71 21 265 216581 48 41 97 213
1049 C 1161213 155 241 945244 58 111 141 215050 72 141
1050 G 1169234 374 210 57 946001 191 122 54 222108 117
1051 A 1170049 950510 72 14 157 218949 90 27 79 151
1052 A 1172907 949958 82 36 227 222227 130 26 96 125
1053 G 1167741 171 150 29 949459 67 106 17 217608 134
1054 G 1164473 207 53 22 949301 92 48 46 214549 155
1055 T 1164790 91 946011 136 25 117 215176 55 197 2982
1056 G 1160657 270 157 39 945693 101 97 38 214147 115
1057 C 1159437 199 176 950504 34 103 68 208203 29 121
1058 T 1169415 82 956918 273 20 99 211680 105 28 210
1059 C 1174990 246 197 958783 43 162 109 215281 27 142
1060 C 1180347 216 107 952676 48 247 66 226820 34 133
1061 C 1186443 320 128 949224 56 217 73 236255 30 140
1062 A 1195417 951739 63 34 146 243087 93 25 56 174
1063 A 1197227 955050 55 31 146 241544 134 30 74 163
1064 G 1195422 167 171 28 957199 103 121 24 237479 130
1065 A 1195042 973524 69 10 182 220755 177 46 98 181
1066 G 1189632 173 423 27 979070 138 249 19 209411 122
1067 G 1185014 127 313 49 976718 149 195 19 207315 129
1068 G 1179058 227 158 38 967593 72 194 22 210619 135
1069 A 1179752 963693 58 18 245 215300 179 14 78 167
1070 A 1179984 963763 37 16 293 215460 151 12 98 154
1071 G 1176894 107 229 24 966195 45 76 33 210075 110
1072 C 1177292 164 56 965442 37 198 45 211195 30 125
1073 T 1183366 31 970376 183 14 154 212392 78 12 126
1074 T 1183743 29 972222 167 22 30 210923 184 8 158
1075 T 1183937 107 974608 292 13 42 208618 79 7 171
1076 C 1186250 144 126 979906 53 87 73 205689 22 150
1077 C 1188597 153 124 984572 54 133 77 203285 58 141
1078 A 1191402 987796 109 16 143 202797 78 39 41 383
1079 C 1192270 122 82 987695 21 61 33 204120 25 111
1080 T 1197253 74 989199 168 10 64 207505 75 14 144
1081 A 1198401 979185 84 11 152 218534 175 47 60 153
1082 G 1197841 194 222 33 976555 76 198 36 220385 142
1083 A 1199007 978497 69 10 199 219808 151 12 65 196
1084 G 1196782 136 190 31 985056 62 179 27 210976 125
1085 G 1196657 114 201 38 987298 66 82 27 208700 131
1086 A 1195409 992265 81 10 278 202403 46 19 76 231
1087 G 1194884 176 99 36 999517 212 58 34 194630 122
1088 T 1192767 82 1003040 184 17 214 188113 130 81 906
1089 T 1193105 88 1005465 179 17 117 186898 38 139 164
1090 C 1194634 198 122 1008508 46 99 52 185396 40 173
1091 A 1200621 1010203 66 12 160 189720 157 89 64 150
1092 A 1198947 1012706 69 7 153 185627 201 8 40 136
1093 A 1195427 1011748 62 27 98 183091 104 103 30 164
1094 T 1199318 74 1015101 159 9 37 183600 165 17 156
1095 T 1203424 53 1020842 140 8 41 182003 98 70 169
1096 G 1203334 160 154 35 1022709 49 173 44 179867 143
1097 C 1205343 146 99 1021915 30 66 46 182833 48 160
1098 T 1209888 33 1021517 201 22 40 187811 85 24 155
1099 T 1214250 93 1019121 187 15 54 194487 83 11 199
1100 C 1216539 226 100 1017890 46 85 74 197959 29 130
1101 C 1221459 179 150 1015942 66 213 95 204633 41 140
1102 A 1222612 1015001 78 26 141 207051 62 62 45 146
1103 A 1219827 1014243 51 49 122 205058 53 40 49 162
1104 T 1222449 59 1018845 161 37 80 202973 77 42 175
1105 G 1226560 177 152 24 1021643 111 109 35 204174 135
1106 A 1225849 1027800 73 7 176 197492 44 18 89 150
1107 A 1227274 1029114 44 21 166 197629 32 21 67 180
1108 A 1225979 1024600 33 22 168 200865 32 46 72 141
1109 A 1227360 1024359 160 26 138 202383 83 22 52 137
1110 T 1228850 44 1027011 143 20 67 201288 47 46 184
1111 A 1228628 1029620 108 12 184 198370 62 13 77 182
1112 T 1233047 106 1034715 134 12 44 197803 42 38 153
1113 G 1232631 213 210 36 1039226 70 211 41 192495 129
1114 G 1229497 129 107 45 1039150 65 59 38 189774 130
1115 A 1230124 1040116 74 15 285 189206 92 9 85 242
1116 G 1229812 218 144 29 1044119 79 73 32 184968 150
1117 A 1228575 1041984 99 20 187 185715 57 55 54 404
1118 C 1228992 131 110 1041113 45 69 76 187285 30 133
1119 T 1233660 47 1044151 189 24 60 188956 41 28 164
1120 A 1232668 1043777 114 15 180 188269 42 49 49 173
1121 T 1235965 109 1050320 137 26 50 185088 26 24 185
1122 G 1235004 237 207 39 1052824 78 156 62 181246 155
1123 G 1231685 141 153 40 1052094 137 85 25 178872 138
1124 A 1231865 1051523 94 12 214 179693 53 8 98 170
1125 A 1230533 1050360 64 20 183 179607 64 17 43 175
1126 T 1231813 78 1049443 153 11 26 181846 52 18 186
1127 C 1233568 201 97 1049933 40 83 46 183005 27 136
1128 A 1236193 1044792 84 16 214 190811 35 13 52 176
1129 A 1229876 1039076 77 16 157 190250 50 16 42 192
1130 G 1225916 193 102 35 1039308 67 36 30 186025 120
1131 T 1227625 89 1038091 198 28 61 188594 54 24 486
1132 A 1226041 1037294 90 15 201 187868 54 13 62 444
1133 C 1229095 111 135 1036726 41 62 48 191772 35 165
1134 A 1234387 1037682 89 39 133 195701 52 35 49 607
1135 C 1234330 117 120 1037218 28 55 53 196593 27 119
1136 T 1239475 63 1034415 183 13 53 204526 82 9 131
1137 T 1240986 70 1030633 192 16 37 209812 56 17 153
1138 G 1238982 182 141 42 1025471 87 78 30 212799 152
1139 A 1239315 1021944 88 12 180 216785 51 20 55 180
1140 A 1239613 1019420 76 9 180 219505 142 23 45 213
1141 C 1239597 120 110 1021591 35 70 120 217363 26 162
1142 T 1245355 47 1025905 161 27 43 218833 140 21 178
1143 G 1242674 226 164 44 1027469 76 119 110 214365 101
1144 A 1242033 1018869 78 13 256 222439 94 16 77 191
1145 G 1239374 149 72 27 1011730 58 133 19 227059 127
1146 A 1241483 1013716 74 8 164 227233 65 10 51 162
1147 A 1241132 1015654 48 19 174 224908 31 12 150 136
1148 G 1236195 162 144 32 1015317 157 103 31 220119 130
1149 C 1235901 183 173 1020067 72 93 194 214936 43 140
1150 A 1238218 1018710 85 31 309 218615 115 109 92 152
1151 G 1233204 108 186 28 1018003 55 152 43 214502 127
1152 G 1230749 182 73 24 1016671 76 47 82 213465 129
1153 T 1231293 117 1010982 179 19 108 217936 125 75 1752
1154 A 1228600 1013118 78 14 205 214740 66 56 69 254
1155 C 1229072 111 91 1013964 37 75 74 214553 28 139
1156 T 1234777 56 1015471 169 27 64 218744 48 21 177
1157 G 1233666 183 276 29 1017521 94 180 36 215215 132
1158 G 1229163 159 166 31 1013343 72 105 35 215116 136
1159 G 1223453 200 167 45 1012964 92 94 48 209703 140
1160 C 1223584 195 140 1008019 53 95 113 214740 46 183
1161 C 1227714 154 174 1007381 30 125 99 219561 38 152
1162 A 1227689 1000916 111 22 153 226134 93 52 46 162
1163 T 1226617 43 994992 180 18 107 231051 63 31 132
1164 A 1233828 997412 22 15 251 235763 105 22 84 154
1165 A 1231767 999314 47 36 215 231767 106 27 107 148
1166 G 1230604 126 216 24 991221 73 183 49 238588 124
1167 G 1231544 157 130 27 989830 120 72 38 241039 131
1168 A 1229880 989887 128 18 195 239054 49 55 109 385
1169 C 1230350 71 116 988398 44 109 44 241398 34 136
1170 C 1235573 185 111 989484 41 182 61 245332 33 144
1171 A 1240907 995358 89 26 251 244834 80 31 89 149
1172 G 1239576 117 136 15 993451 77 90 36 245512 142
1173 A 1239879 994569 59 15 169 244693 126 20 72 156
1174 A 1240775 997722 65 18 188 242464 67 25 80 146
1175 G 1239308 137 82 25 1000986 94 68 68 237744 104
1176 T 1242613 73 1005060 102 16 124 235145 83 130 1880
1177 G 1236687 168 177 52 1007898 55 268 43 227881 145
1178 G 1233972 106 217 46 1010340 64 130 34 222909 126
1179 A 1232731 1010809 79 16 323 220977 153 41 112 221
1180 G 1228832 152 205 39 1010752 81 202 42 217213 146
1181 G 1222482 131 167 39 1012399 89 114 34 209378 131
1182 A 1220878 1008254 78 18 253 211910 58 44 94 169
1183 A 1221834 1008447 53 33 194 212783 82 25 57 160
1184 A 1219775 1008628 62 128 149 210407 62 71 57 211
1185 C 1221000 137 199 1011482 53 136 127 208652 38 176
1186 A 1219486 1009237 144 38 170 208080 58 111 68 1580
1187 C 1219403 111 134 1008291 34 79 113 210479 41 121
1188 C 1224313 234 117 1006489 54 167 87 216954 53 158
1189 A 1227096 1003965 71 40 156 222542 48 51 75 148
1190 A 1224471 1002362 51 44 123 221605 57 35 45 149
1191 T 1221766 106 1008216 196 20 62 212784 90 32 260
1192 C 1224565 263 100 998470 42 179 77 225285 32 117
1193 A 1228824 993306 86 29 147 234991 39 36 51 139
1194 A 1229367 993180 71 25 156 235623 55 31 65 161
1195 C 1232554 156 134 989537 49 150 76 242291 40 121
1196 A 1241688 983561 93 45 210 257363 107 42 91 176
1197 G 1238673 171 239 50 983855 79 143 42 253947 147
1198 A 1236832 987272 73 24 214 248778 182 22 101 166
1199 G 1225517 151 436 33 986682 90 203 33 237756 133
1200 G 1219119 162 150 46 988640 107 85 36 229747 146
1201 G 1214176 136 142 53 989625 79 66 68 223889 118
1202 C 1219283 236 213 995736 77 138 100 222546 65 172
1203 A 1231124 998966 72 37 155 231525 71 45 100 153
1204 T 1229309 94 997598 169 16 92 231013 112 31 184
1205 C 1232508 212 79 992166 45 127 109 239572 53 145
1206 T 1239859 105 991566 343 24 147 247290 156 51 177
1207 G 1229537 262 236 53 994476 127 135 67 234035 146
1208 C 1231085 234 495 999869 104 112 491 229505 120 155
1209 G 1230669 383 519 39 1001423 142 380 77 227561 145
1210 G 1228330 196 230 42 1005745 96 115 48 221723 135
1211 G 1224140 351 226 127 1016449 213 96 89 206439 150
1212 C 1227269 214 178 1017220 69 93 221 209029 78 167
1213 C 1238445 182 159 1018196 40 127 206 219350 36 149
1214 A 1245842 1014173 66 61 134 230980 73 63 135 157
1215 A 1249406 1013267 82 25 121 235550 71 44 131 115
1216 A 1253137 1011356 68 32 132 241157 150 50 53 139
1217 T 1258574 94 1013982 143 23 63 243887 134 68 180
1218 C 1262954 195 107 1027865 39 162 105 234293 41 147
1219 A 1262537 1026657 49 19 225 235248 70 37 78 154
1220 G 1260184 168 154 52 1031574 147 132 49 227745 163
1221 C 1260580 207 152 1033306 59 130 65 226482 50 129
1222 A 1258526 1031992 114 25 169 225812 133 55 72 154
1223 T 1261502 75 1035643 209 15 87 225074 167 36 196
1224 A 1265903 1041401 152 22 187 223670 90 57 61 263
1225 C 1270238 114 107 1038980 52 188 85 230509 57 146
1226 A 1277407 1036875 45 26 131 239975 67 49 67 172
1227 A 1279404 1040006 98 18 133 238449 87 57 152 404
1228 C 1283166 107 98 1049105 24 71 127 233379 124 131
1229 C 1286846 249 78 1056078 37 116 89 229951 133 115
1230 T 1295696 83 1055816 243 16 169 239079 88 39 163
1231 A 1301971 1056775 74 5 160 244032 88 39 197 601
1232 C 1307358 138 183 1057921 44 240 115 248550 48 119
1233 G 1319982 259 100 42 1063891 96 196 56 255166 176
1234 T 1324902 86 1064917 189 35 79 259210 85 34 267
1235 T 1329473 42 1064140 159 19 51 264786 101 26 149
1236 C 1330825 206 107 1067342 30 142 67 262731 48 152
1237 T 1337381 97 1070039 216 25 184 266467 129 37 187
1238 C 1342035 238 159 1074447 55 140 196 266618 55 127
1239 A 1343611 1075834 65 34 272 266858 226 40 112 170
1240 G 1335251 270 104 40 1079828 108 94 55 254594 158
1241 T 1336996 117 1089510 208 11 276 246244 81 46 503
1242 A 1340178 1096910 97 31 218 242377 162 26 76 281
1243 C 1343727 136 134 1099413 53 132 121 243528 57 153
1244 A 1347786 1098802 130 27 209 247861 475 42 75 165
1245 G 1345953 146 251 34 1102940 186 133 51 242083 129
1246 A 1347269 1098629 81 14 180 247842 141 30 190 162
1247 G 1346334 125 123 39 1098019 113 171 56 247526 162
1248 A 1346432 1106936 57 11 245 238715 103 52 159 154
1249 A 1346189 1113212 70 28 177 232254 145 35 92 176
1250 A 1344653 1113868 85 23 160 230013 70 162 86 186
1251 T 1345939 91 1116017 189 9 103 229045 147 142 196
1252 C 1350236 182 81 1119560 24 110 273 229820 41 145
1253 T 1355466 107 1124156 277 18 191 230240 171 33 273
1254 C 1357797 241 116 1125731 44 106 138 231041 222 158
1255 C 1360243 235 100 1118796 31 172 99 240528 157 125
1256 C 1364618 420 121 1123221 35 259 164 240205 58 135
1257 T 1366747 62 1126597 265 23 170 239258 160 50 162
1258 T 1365802 64 1132666 116 25 156 232432 72 94 177
1259 T 1362470 60 1136304 160 25 74 225516 93 46 192
1260 T 1364468 87 1136286 217 17 131 227336 91 91 212
1261 G 1355606 245 167 53 1139236 134 165 81 215340 185
1262 A 1353895 1141009 118 19 233 212007 87 93 79 250
1263 C 1356968 129 248 1142465 75 145 129 213548 63 166
1264 A 1361454 1141302 82 52 284 219240 168 40 127 159
1265 G 1356404 224 166 67 1140935 150 111 46 214533 172
1266 A 1356569 1144125 77 21 202 211735 92 78 84 155
1267 A 1354482 1141230 88 52 198 212426 87 107 75 219
1268 C 1352987 140 131 1143243 53 189 123 208889 57 162
1269 A 1355106 1144709 99 30 166 209651 119 118 53 161
1270 A 1350256 1145856 91 14 180 203525 51 83 103 353
1271 C 1348828 131 91 1149219 39 126 62 198963 55 142
1272 C 1349433 217 88 1149330 40 183 78 199281 75 141
1273 A 1346958 1150380 67 12 147 195974 71 78 48 181
1274 T 1342765 87 1146843 150 17 68 195298 78 26 198
1275 T 1338497 27 1149604 178 10 56 188349 94 34 145
1276 A 1332676 1146316 83 22 209 185739 61 26 59 161
1277 T 1328800 149 1143606 139 21 57 184509 60 32 227
1278 G 1324174 275 176 53 1144946 88 90 37 178318 191
1279 G 1320092 193 201 50 1146313 87 50 39 173003 156
1280 C 1314699 251 305 1137215 79 94 103 176446 49 157
1281 A 1309036 1133606 58 34 246 174779 48 21 70 174
1282 G 1298784 206 169 56 1127427 73 54 49 170593 157
1283 C 1290974 205 138 1122644 51 124 56 167543 28 185
1284 A 1287137 1124486 88 25 172 162119 26 18 47 156
1285 T 1280701 59 1115762 189 26 25 164379 41 43 177
1286 T 1275564 106 1111625 173 16 77 163294 49 42 182
1287 C 1272085 149 171 1108189 54 125 34 163129 71 163
1288 A 1268275 1101717 80 14 195 165979 23 21 68 178
1289 A 1260667 1094292 72 20 162 165847 38 21 57 158
1290 T 1254620 88 1087054 127 48 57 166974 74 25 173
1291 G 1246704 240 472 39 1078092 55 127 26 167522 131
1292 G 1240096 145 235 49 1071385 83 87 23 167958 131
1293 G 1231601 207 182 35 1062398 72 170 21 168353 163
1294 A 1224312 1054767 102 16 236 168796 138 14 55 188
1295 A 1215181 1049338 73 41 188 165173 44 59 124 141
1296 T 1208135 78 1042324 201 15 61 165146 61 20 229
1297 A 1200832 1036170 115 22 246 163878 120 35 52 194
1298 C 1191859 133 166 1030233 57 95 49 160866 37 223
1299 A 1185629 1027893 99 55 313 156854 129 16 65 205
1300 G 1177523 191 189 30 1019606 46 51 23 157260 127
1301 A 1170430 1009751 76 26 253 159868 83 20 65 288
1302 G 1160469 351 402 24 1002512 87 109 58 156809 117
1303 G 1150589 148 396 26 999068 115 109 20 150585 122
1304 G 1139597 185 195 48 989854 54 92 20 149026 123
1305 G 1127671 197 186 42 979502 90 56 39 147439 120
1306 A 1119425 968429 84 18 264 150213 42 16 81 278
1307 G 1109296 169 136 36 958395 83 45 20 150242 170
1308 A 1101505 948952 71 14 157 152006 28 27 64 186
1309 A 1091626 937275 79 19 171 153741 49 28 80 184
1310 C 1082030 148 107 926997 51 92 57 154371 24 183
1311 A 1074336 919175 89 26 109 154663 58 24 37 155
1312 T 1065781 66 911194 117 14 28 154125 61 23 153
1313 C 1056221 162 67 903230 28 87 48 152472 13 114
1314 T 1050777 87 897222 220 24 96 152930 48 16 134
1315 G 1040145 218 120 45 889923 90 43 20 149574 112
1316 A 1029006 883077 93 21 137 145367 73 24 52 162
1317 C 1019911 101 120 874238 42 132 53 145079 29 117
1318 A 1012320 862648 81 33 149 149115 71 24 54 145
1319 T 1000330 62 851126 155 20 29 148769 31 14 124
1320 G 986987 149 172 34 842162 80 52 55 144170 113
1321 A 976572 834840 70 16 213 141155 32 41 40 165
1322 G 965025 120 194 27 823363 44 75 37 141059 106
1323 G 955831 140 108 31 815043 123 47 25 140194 120
1324 A 945190 803253 87 12 141 139860 39 13 57 1728
1325 C 934573 76 132 795876 31 63 61 138175 22 137
1326 C 927161 178 185 785943 34 86 94 140475 69 97
1327 G 919236 233 126 27 776663 158 113 13 141795 108
1328 A 910270 768701 53 9 149 141175 26 11 37 109
1329 A 901953 762750 35 12 135 138823 25 12 75 86
1330 A 894030 754226 23 14 95 139485 16 16 82 73
1331 T 885423 44 744280 117 11 27 140714 38 19 173
1332 C 876200 104 89 734880 25 102 58 140795 29 118
1333 A 865899 725186 78 17 111 140291 32 11 45 128
1334 T 854384 39 713802 86 7 44 140272 19 11 104
1335 A 846943 702878 19 7 168 143735 8 10 40 78
1336 A 837718 688361 42 12 118 149017 27 14 45 82
1337 G 825986 92 183 25 675297 36 54 19 150202 78
1338 G 816019 67 94 27 666540 59 34 13 149122 63
1339 A 804945 656950 74 6 152 147545 34 10 45 129
1340 T 795539 59 644298 92 22 33 150869 30 20 116
1341 G 782886 133 120 19 633378 66 48 14 149034 74
1342 A 770617 621666 85 3 132 148541 52 13 47 78
1343 T 761001 72 615370 97 17 27 145305 20 14 79
1344 G 751527 110 102 20 606688 61 80 35 144372 59
1345 G 739279 107 75 26 592029 87 104 13 146782 56
1346 A 728737 580891 32 4 132 147438 22 68 64 86
1347 A 719249 570751 37 10 103 148167 18 27 71 65
1348 A 711182 559699 16 10 132 151102 27 31 97 68
1349 G 701568 100 45 14 548628 36 67 27 152587 64
1350 T 690591 36 538172 100 18 124 151289 93 130 629
1351 G 674907 123 90 29 523612 57 39 69 150829 59
1352 C 657101 94 158 510286 53 97 64 146248 35 66
1353 A 647856 500280 20 14 113 147271 15 27 46 70
1354 A 635985 486184 18 11 94 149554 12 12 50 50
1355 G 621248 191 74 19 476829 90 31 6 143943 65
1356 A 611441 471424 53 5 79 139688 15 14 31 132
1357 C 598409 48 62 458956 36 43 19 139171 29 45
1358 C 589772 62 75 442323 27 145 47 147017 29 47
1359 A 581322 425648 36 19 79 155401 47 9 47 36
1360 G 568466 78 77 14 417620 44 37 11 150544 41
1361 A 555800 409911 19 6 53 145718 10 9 32 42
1362 A 541931 391949 24 7 68 149770 14 7 45 47
1363 G 528197 23 80 15 378666 28 36 8 149306 35
1364 A 517260 364038 25 6 48 153045 32 3 23 40
1365 T 508713 24 344714 48 6 11 163839 19 17 35
1366 G 497981 34 37 17 329380 56 31 13 168389 24
1367 T 488458 38 314818 59 12 98 173253 43 72 65
1368 G 481629 44 21 14 305445 81 43 31 175936 14
1369 T 472404 43 298670 44 6 61 173455 62 22 41
1370 C 467317 57 33 291812 18 119 81 175144 29 24
1371 T 467785 26 288078 67 7 204 179282 74 21 26
1372 T 613584 27 371416 81 3 108 241756 115 16 62
1373 T 603448 38 372491 115 4 78 230351 156 148 67
1374 C 599685 120 68 371579 34 159 149 227488 40 48
1375 C 607612 123 51 369649 38 448 87 237108 72 36
1376 A 599480 368782 52 33 246 229656 191 269 197 54
1377 G 587871 90 145 24 368465 205 421 38 218452 31
1378 G 584605 43 20 5 366225 203 236 72 217780 21
1379 G 575335 78 115 19 360871 153 183 49 213794 73
1380 G 562805 86 127 24 356671 111 185 147 205428 26
1381 C 562589 123 105 351125 88 228 760 209827 228 105
1382 G 564214 199 208 42 349468 185 647 190 213240 35
1383 G 556027 74 291 28 347844 80 422 246 207012 30
1384 G 555442 95 152 41 347919 348 469 35 206329 54
1385 G 550580 94 52 32 349704 188 92 47 200309 62
1386 A 553938 344742 28 8 94 191932 99 74 8808 8153
1387 G 554214 63 18 17 353966 77 102 37 199896 38
1388 T 559959 10 322301 54 0 449 186882 193 18768 31302
1389 C 570537 119 22 362409 5 674 105 207094 55 54
1390 T 577460 22 374522 73 21 170 201835 704 33 80
1391 T 579459 34 370414 61 10 774 207992 112 26 36
1392 C 585866 118 88 371616 19 912 519 212293 68 233
1393 G 595088 76 100 27 377068 217 405 254 216436 505
1394 A 598072 380225 9 6 68 217265 59 40 167 233
1395 G 604106 41 74 14 382203 51 119 43 221504 57
1396 C 613850 64 39 392938 34 95 78 220403 89 110
1397 T 627881 13 406299 75 9 37 220923 177 54 294
1398 C 636058 82 40 405471 20 155 90 230140 23 37
1399 T 645984 30 406876 68 4 95 238729 105 6 71
1400 C 654190 86 267 405749 20 129 897 246881 97 64
1401 G 660388 83 114 18 411810 218 339 197 247498 111
1402 G 664079 57 73 14 417623 100 89 99 246003 21
1403 A 669295 423700 23 5 120 243298 49 41 791 1268
1404 C 678091 46 89 438140 17 214 261 239196 57 71
1405 G 685481 95 82 21 446988 214 133 72 237836 40
1406 A 692199 454459 32 3 63 237245 43 28 238 88
1407 A 699312 463631 16 8 73 235306 38 18 168 54
1408 A 705440 475893 9 4 55 229300 72 10 50 47
1409 A 707684 482707 18 10 241 224306 132 32 162 76
1410 G 706936 63 79 16 489233 2014 90 26 210358 5057
1411 G 704878 53 87 18 505886 50 55 39 198650 40
1412 C 707791 73 91 521325 33 87 102 185831 98 151
1413 A 712513 530268 29 8 160 181756 45 31 85 131
1414 G 709782 154 110 17 542363 78 60 40 166883 77
1415 C 710822 171 195 552835 28 96 165 157210 54 68
1416 G 718681 100 143 28 563598 87 100 31 154548 46
1417 A 719585 571574 27 8 73 147465 26 11 87 314
1418 G 718774 62 124 44 579399 59 57 32 138948 49
1419 C 719935 179 145 590964 36 73 44 128353 68 73
1420 C 722345 84 63 602671 22 62 42 119323 15 63
1421 C 724797 231 105 610961 21 144 132 113119 14 70
1422 G 721873 114 111 32 616406 110 33 119 103438 1510
1423 A 719683 624800 38 7 95 94442 47 20 51 183
1424 T 717949 49 628990 78 9 77 88317 12 28 389
1425 C 715856 137 103 629572 22 63 26 85864 12 57
1426 G 712240 171 84 28 630986 73 17 16 80763 102
1427 T 710173 48 636016 134 12 39 72555 25 75 1269
1428 G 707335 115 140 34 644991 19 47 11 61905 73
1429 C 704901 134 82 645534 32 17 6 58985 13 98
1430 C 703429 123 66 649071 24 19 12 53921 5 188
1431 T 702853 50 659507 137 8 48 42798 35 2 268
1432 T 700566 53 662662 120 9 12 37617 12 4 77
1433 C 697953 122 86 663797 25 12 45 33777 5 84
1434 C 696481 114 85 665828 27 37 42 30181 3 164
1435 T 695172 35 670484 120 23 42 24338 41 0 89
1436 T 692953 33 672682 58 5 10 20066 2 24 73
1437 T 690300 37 671018 86 12 4 19013 2 5 123
1438 G 688026 124 103 39 665735 17 712 19 17280 3997
1439 A 685951 668546 58 12 116 17059 5 17 6 132
1440 C 684463 47 119 667479 27 11 3 16608 15 154
1441 A 683633 666618 51 15 97 16780 8 4 6 54
1442 T 682208 39 665486 94 13 2 16283 4 9 278
1443 G 681068 100 163 32 665167 14 11 1 15512 68
1444 A 679508 664342 47 6 142 14756 4 0 9 202
1445 G 677856 87 64 17 663545 5 8 0 14085 45
1446 T 676387 71 657603 121 9 18 13197 7 189 5172
1447 A 674860 662170 12 4 84 12522 2 0 3 63
1448 A 672931 661574 43 5 67 11181 1 3 2 55
1449 T 671597 53 660511 90 7 7 10725 5 1 198
1450 G 670995 111 117 48 659990 7 3 3 10674 42
1451 A 669891 659391 49 9 91 10280 0 2 2 67
1452 A 668792 658441 49 26 91 10060 2 0 4 119
1453 G 667770 110 149 25 657919 45 4 0 9457 61
1454 G 666850 57 113 20 657392 4 2 0 9217 45
1455 A 665847 656472 50 6 137 8724 3 23 5 427
1456 T 665088 51 656361 88 6 34 8448 1 0 99
1457 C 664221 98 58 655814 26 7 2 8068 8 140
1458 T 663810 47 655516 74 8 15 8040 4 30 76
1459 T 663035 12 655202 91 7 24 7642 10 0 47
1460 A 662117 654654 33 4 72 7109 20 2 2 221
1461 T 661445 57 654548 82 3 2 6650 23 0 80
1462 T 660855 41 654316 62 10 2 6343 1 21 59
1463 T 660348 44 653940 79 2 12 6187 2 11 71
1464 C 659575 99 54 652759 37 2 68 5628 9 919
1465 T 659048 23 653194 128 5 7 5433 16 1 241
1466 T 658339 57 652967 71 7 1 5041 3 3 189
1467 C 657549 154 130 652561 29 8 6 4462 4 195
1468 G 657081 170 150 37 652334 14 7 0 4224 145
1469 G 656543 54 126 23 652373 1 9 0 3930 27
1470 A 655946 651774 58 5 159 3646 7 1 7 289
1471 G 655506 79 78 31 651828 6 1 2 3440 41
1472 A 654682 651168 75 11 119 3189 0 3 2 115
1473 C 653696 72 83 650440 40 3 4 2982 3 69
1474 A 652631 649686 32 7 86 2775 3 4 1 37
1475 A 651020 648229 36 12 92 2589 1 1 3 57
1476 T 649122 66 646256 94 5 1 2435 1 1 263
1477 G 647650 407 126 40 644717 5 2 1 2279 73
1478 C 646540 124 138 644042 38 2 3 2110 1 82
1479 A 645409 642941 72 20 184 1942 1 1 1 247
1480 G 643450 86 145 25 641366 2 2 1 1786 37
1481 A 640866 639006 35 9 134 1608 1 0 0 73
1482 G 638528 136 141 19 636641 2 5 0 1528 56
1483 G 636058 101 117 33 634277 3 1 1 1480 45
1484 A 632142 630410 34 6 127 1392 0 0 1 172
1485 G 629494 130 64 20 627895 4 1 0 1333 47
1486 T 627740 50 611820 91 12 11 1241 0 57 14458
1487 A 626519 624931 54 9 146 1300 3 0 3 73
1488 C 623164 85 163 621537 38 4 1 1251 0 85
1489 G 618852 163 121 39 617220 6 1 1 1243 58
1490 A 616743 615097 74 11 135 1322 1 1 1 101
1491 C 613185 86 91 611481 55 18 2 1317 17 118
1492 A 608674 606886 48 11 89 1421 3 1 18 197
1493 A 605163 603387 44 6 89 1548 3 0 17 69
1494 T 602034 48 600035 69 10 17 1671 17 0 167