# amino-acid counts among definitively called codons
# POSITION TOTAL_COUNTS WT N_A N_C N_D N_E N_F N_G N_H N_I N_K N_L N_M N_N N_P N_Q N_R N_S N_T N_V N_W N_Y N_STOP
1 1250661 M 0 0 0 0 0 0 0 455 136 101 1249620 0 0 0 10 0 168 171 0 0 0
2 1255382 A 1254336 1 2 323 3 78 9 2 0 2 0 2 44 1 6 174 83 315 0 0 1
3 1256802 S 15 33 3 2 112 0 2 3 1 8 1 0 162 2 2 1256258 39 0 0 157 2
4 1258005 Q 1 2 0 72 0 1 100 3 206 95 0 0 31 1256983 328 4 8 3 0 1 167
5 1260152 G 50 221 302 0 1 1258946 0 2 0 2 1 2 4 0 42 402 0 175 1 1 0
6 1260803 T 232 0 0 1 0 5 1 120 1 1 0 106 16 0 1 131 1260183 0 0 2 3
7 1263814 K 2 2 1 149 1 1 3 36 1263292 4 0 106 2 18 129 2 14 3 2 1 46
8 1267938 R 3 0 0 2 0 53 1 1 1 184 0 0 44 194 1267219 3 6 1 1 1 224
9 1271830 S 12 44 2 0 77 1 2 5 1 3 0 0 216 2 6 1271126 88 3 0 237 5
10 1275151 Y 1 193 11 3 37 1 858 1 0 2 0 22 1 2 2 14 3 4 0 1273738 258
11 1280228 E 3 1 97 1279209 0 177 0 3 372 2 1 1 3 54 4 1 6 73 0 0 221
12 1286768 Q 1 0 1 66 2 1 245 0 202 100 1 0 38 1285727 209 2 0 2 0 1 170
13 1294138 M 3 2 0 0 1 3 0 514 134 109 1292970 1 0 1 16 1 180 199 0 2 2
14 1289380 E 11 1 284 1288094 0 430 0 1 156 2 0 0 3 52 1 1 2 112 0 1 229
15 1279397 T 232 0 0 0 0 0 3 132 0 0 2 165 16 1 2 174 1278667 3 0 0 0
16 1264705 D 12 1 1263583 230 0 295 61 1 1 4 0 192 1 1 3 1 1 116 0 199 3
17 1233307 G 52 1 2 114 2 1232452 0 0 1 2 0 1 0 3 275 3 3 178 2 2 214
18 1219658 E 8 1 59 1218852 2 224 1 0 192 4 0 2 16 55 1 7 9 49 1 1 174
19 1185156 R 4 225 0 0 0 56 435 1 0 245 0 0 67 2 1183930 187 3 1 0 0 0
20 1147170 Q 0 0 1 51 0 2 225 0 208 81 0 1 711 1145410 311 4 5 1 0 1 158
21 1099493 N 1 0 167 1 0 0 12 44 106 3 0 1098882 2 0 0 193 20 0 1 60 1
22 1033939 A 1032932 1 190 1 0 56 0 1 0 3 0 2 57 1 3 217 289 184 1 0 1
23 1005066 T 176 1 1 1 3 1 0 92 0 5 0 137 456 2 8 139 1004038 2 1 1 2
24 963100 E 14 3 68 962329 1 196 1 1 218 4 1 1 0 46 0 2 4 62 0 0 149
25 909981 I 1 2 0 2 50 1 1 909523 1 25 41 61 2 0 1 5 141 123 0 0 1
26 878770 R 1 2 0 0 3 197 0 130 174 3 0 0 1 0 878093 61 29 0 1 0 75
27 844443 A 843737 0 0 185 0 46 0 0 1 4 1 1 26 0 2 128 163 147 0 0 2
28 824054 S 12 38 0 0 70 2 1 3 2 1 2 0 140 0 1 823553 73 1 1 153 1
29 801261 V 134 1 67 2 99 10 0 247 0 29 0 0 1 0 0 3 1 800665 0 0 2
30 770296 G 23 0 1 140 0 769471 0 0 0 1 0 0 0 0 389 2 1 96 0 2 170
31 750034 K 1 0 0 149 0 3 5 42 749599 0 0 59 0 8 114 0 6 2 0 0 46
32 709744 M 1 2 0 2 0 0 0 339 65 40 709083 2 2 1 15 0 99 92 0 1 0
33 683011 I 1 1 0 0 44 1 0 682670 0 8 9 60 0 0 2 13 111 90 1 0 0
34 685379 G 28 191 121 1 1 684797 1 0 0 0 0 0 0 0 18 158 0 60 1 1 1
35 482174 G 22 2 0 50 0 481827 0 1 0 0 0 0 0 0 141 0 0 65 0 0 66
36 506685 I 0 0 0 1 26 1 0 506452 0 13 8 25 0 0 0 6 61 92 0 0 0
37 521529 G 25 0 0 64 0 521144 0 0 1 1 0 0 0 0 108 0 0 75 0 0 111
38 542846 R 1 0 0 0 0 27 1 0 0 73 0 0 21 116 542455 0 2 0 0 1 149
39 561683 F 0 4 1 0 561258 3 1 34 0 243 0 0 0 0 3 71 0 11 0 54 0
40 586517 Y 0 108 6 0 47 0 217 1 0 1 0 50 1 1 2 10 0 2 0 585996 75
41 610500 I 1 0 3 0 47 0 0 610168 1 22 20 41 1 0 0 6 114 72 0 2 2
42 637602 Q 2 1 1 28 0 2 28 1 153 42 1 3 10 637154 104 1 2 1 1 0 67
43 664482 M 1 1 0 0 0 0 0 210 40 51 664028 0 2 0 7 1 73 65 1 1 1
44 696499 C 1 695835 0 0 95 13 0 0 1 2 0 0 1 1 107 115 0 0 43 164 121
45 720304 T 129 0 0 0 0 2 0 94 0 1 0 68 13 0 0 109 719887 0 0 1 0
46 745440 E 3 1 58 744905 0 94 0 0 191 4 0 0 3 33 0 1 1 25 1 1 119
47 771451 L 0 0 0 0 94 1 42 305 1 770810 0 1 164 2 6 0 1 22 0 2 0
48 793396 K 1 1 1 156 0 4 1 14 792983 2 0 86 0 7 99 2 11 1 0 0 27
49 805183 L 3 0 0 1 64 2 26 72 1 804857 0 0 128 1 5 2 0 21 0 0 0
50 823508 S 1 63 1 0 1 197 1 118 2 7 0 103 4 3 136 822844 22 2 1 1 1
51 844236 D 8 0 843631 78 1 154 30 1 1 3 0 117 0 2 0 2 1 68 0 139 0
52 864202 Y 0 144 10 1 69 7 245 1 1 4 0 14 0 0 4 12 1 1 0 863569 119
53 894284 E 19 1 259 893286 0 247 1 1 195 1 2 1 2 32 1 0 0 61 0 0 175
54 911528 G 38 1 0 337 0 910632 0 1 0 5 0 3 1 0 192 1 1 123 0 0 193
55 920582 R 2 3 0 0 0 37 0 2 0 184 1 0 25 201 919931 3 2 0 187 3 1
56 930150 L 0 3 0 0 136 0 0 1 0 929694 67 0 4 1 2 156 1 14 15 1 55
57 942905 I 1 1 0 1 91 1 1 942300 1 14 34 83 2 1 1 12 183 175 0 0 3
58 954748 Q 1 0 3 49 1 3 43 0 208 30 0 0 86 954038 156 1 0 0 8 0 121
59 952308 N 1 0 102 0 3 1 19 57 124 2 0 951789 0 1 1 98 71 1 0 37 1
60 958107 S 1 24 1 0 1 125 1 167 0 1 1 150 0 1 250 957360 24 0 0 0 0
61 961569 L 1 0 1 1 96 2 0 70 0 960984 0 2 36 1 1 257 1 14 1 1 100
62 974282 T 113 0 0 0 0 2 1 100 73 1 0 3 9 0 24 89 973862 3 0 0 2
63 990078 I 0 0 1 0 5 2 0 989403 64 74 228 0 1 0 7 2 164 126 0 0 1
64 1003697 E 6 0 224 1002893 0 174 2 1 92 2 0 1 0 37 0 1 4 54 0 0 206
65 1003534 R 0 0 1 2 1 182 0 148 125 1 0 1 2 0 1002906 59 27 2 0 2 75
66 1004752 M 0 0 0 2 0 0 0 381 96 89 1003901 2 0 0 9 2 113 156 0 0 1
67 993422 V 174 0 0 135 1 22 0 0 0 112 228 0 0 0 1 0 0 992749 0 0 0
68 995710 L 0 2 0 1 111 1 62 179 0 995118 0 0 163 0 22 0 2 48 0 0 1
69 990484 S 8 23 0 1 80 1 1 1 0 2 0 0 203 1 0 989889 75 2 0 197 0
70 979721 A 978883 0 168 0 0 29 1 1 0 1 0 0 35 0 0 160 338 104 0 1 0
71 971300 F 1 16 1 1 970846 1 1 46 1 215 0 0 8 0 0 117 1 9 0 36 0
72 962708 D 7 3 961937 171 1 181 36 1 0 3 1 150 1 0 2 0 1 78 0 135 0
73 965463 E 9 0 70 964593 0 204 0 0 300 1 2 1 1 36 0 1 0 73 0 2 170
74 985925 R 1 0 0 0 0 241 0 1 170 0 291 1 0 0 984914 227 35 0 43 0 1
75 986914 R 1 0 0 0 0 230 1 125 130 0 0 0 1 0 986219 60 39 0 1 1 106
76 986395 N 2 0 155 1 1 0 15 52 81 0 0 985868 2 0 1 165 19 0 0 32 1
77 981424 K 0 0 0 152 0 2 0 63 980926 0 1 94 0 10 124 1 10 1 0 0 40
78 991724 Y 2 160 2 0 53 1 204 0 0 2 0 77 2 1 1 10 1 0 0 991073 135
79 997430 L 1 2 0 1 87 2 64 246 0 996805 0 0 166 1 22 1 3 27 0 2 0
80 983842 E 9 1 74 983114 0 160 0 0 206 3 0 2 4 44 4 5 1 77 0 1 137
81 980936 E 18 2 107 980243 1 180 4 0 137 2 0 0 5 31 3 1 0 68 0 0 134
82 980450 H 2 1 39 0 0 0 979883 0 1 60 0 113 12 78 112 3 1 0 0 145 0
83 980309 P 19 2 0 0 1 1 187 0 0 120 0 0 979666 5 35 80 188 1 1 1 2
84 996387 S 2 26 0 1 1 181 0 79 0 0 0 161 1 0 166 995743 25 0 0 0 1
85 997050 A 995960 1 0 245 0 43 0 0 2 2 0 0 27 1 8 178 280 301 0 2 0
86 996422 G 43 0 2 164 0 995374 0 1 1 2 0 0 1 0 171 2 2 225 432 1 1
87 1000881 K 0 0 1 229 0 3 2 51 1000236 5 8 101 0 11 172 1 11 1 0 0 49
88 1008023 D 5 2 1007228 94 5 171 25 1 0 1 0 300 0 1 5 2 5 53 0 124 1
89 1010943 P 41 0 3 0 4 8 241 0 1 97 1 0 1010253 1 42 96 151 2 0 0 2
90 1013418 K 3 1 1 174 0 2 1 18 1012831 7 30 130 0 17 148 3 22 22 1 0 7
91 1009881 K 0 0 0 173 1 0 0 24 1009414 8 0 34 4 7 160 2 12 2 0 0 40
92 1002131 T 131 0 0 0 0 1 1 49 0 0 0 102 58 1 1 89 1001698 0 0 0 0
93 1004618 G 32 0 1 154 0 1003866 0 0 0 1 0 1 0 0 236 1 0 143 0 1 182
94 1002340 G 50 0 0 110 1 1001719 2 1 1 1 0 0 1 0 168 1 0 139 0 0 146
95 995561 P 41 0 0 1 0 0 233 0 0 73 0 0 994978 0 36 115 83 1 0 0 0
96 992930 I 2 2 1 0 1 1 1 992283 99 113 107 2 2 1 15 0 158 141 0 0 1
97 987541 Y 1 127 5 0 95 1 210 0 1 3 0 85 0 0 0 10 1 0 0 986837 165
98 986383 R 0 1 0 0 1 235 0 0 107 3 214 0 1 1 985496 216 28 0 78 0 2
99 977632 R 0 1 0 0 1 230 0 212 148 0 0 2 2 1 976825 83 35 1 1 0 90
100 967239 V 291 0 0 115 1 22 1 210 0 97 0 0 1 2 1 1 2 966495 0 0 0
101 971469 N 0 3 138 1 0 0 8 59 150 1 0 970878 0 2 2 131 67 2 0 27 0
102 967029 G 39 0 0 154 1 966172 0 3 3 0 0 0 2 1 305 2 0 168 0 0 179
103 972056 K 0 0 0 158 1 1 1 0 971342 6 48 115 1 13 296 0 21 0 1 0 52
104 964426 W 0 186 0 1 1 16 0 1 0 185 0 1 2 1 177 40 1 0 963579 1 234
105 957676 M 1 0 1 0 2 0 0 377 96 108 956727 2 1 0 18 4 134 205 0 0 0
106 949999 R 0 0 1 0 0 201 0 179 104 0 0 1 2 1 949311 83 39 0 0 0 77
107 947077 E 2 0 85 946398 0 155 0 0 231 0 0 1 0 43 0 2 0 47 0 0 113
108 947749 L 0 1 0 0 77 0 99 83 0 947273 1 0 169 1 9 1 4 31 0 0 0
109 936935 I 1 1 0 0 64 0 3 936422 1 20 36 84 0 0 0 12 161 128 1 0 1
110 922159 L 0 0 1 0 61 0 34 208 0 921676 0 1 141 0 10 0 1 26 0 0 0
111 914356 Y 0 164 8 0 82 0 155 0 0 2 0 20 1 0 0 6 0 0 0 913793 125
112 898162 D 11 0 897310 150 0 171 41 1 0 0 0 229 1 0 1 1 1 121 1 123 0
113 882781 K 0 0 0 137 0 0 0 44 882362 0 0 66 0 16 104 0 10 1 0 2 39
114 885599 E 4 0 77 884996 0 141 1 1 152 0 0 0 2 36 1 2 1 50 0 0 135
115 882599 E 9 0 52 882095 0 147 1 0 118 2 0 0 3 27 1 0 1 53 0 0 90
116 871261 I 3 1 0 0 0 1 2 870687 57 54 167 0 2 0 4 2 143 138 0 0 0
117 873923 R 1 1 0 0 0 145 5 5 144 8 200 0 2 2 873167 157 21 2 62 1 0
118 874876 R 1 1 0 0 0 53 0 2 0 151 0 1 36 217 874257 1 2 1 0 0 153
119 870867 I 0 0 0 1 18 1 0 870502 0 25 24 60 1 0 1 7 109 118 0 0 0
120 874831 W 0 136 0 0 0 18 0 0 1 142 0 0 2 0 240 27 0 0 873858 1 406
121 873657 R 1 214 1 0 0 50 236 0 1 182 0 1 37 0 872699 231 1 3 0 0 0
122 873310 Q 0 12 2 31 0 3 90 1 149 63 0 1 24 872652 156 2 1 4 0 1 118
123 873785 A 872975 1 209 2 1 36 2 0 0 0 0 0 26 1 2 180 164 185 1 0 0
124 883716 N 1 0 117 2 2 3 4 82 101 2 0 883268 2 1 1 87 22 1 1 17 2
125 888675 N 1 0 147 4 1 6 7 50 80 5 0 888211 0 5 3 102 21 2 1 29 0
126 879695 G 30 185 136 2 2 879062 1 1 3 2 2 1 1 0 48 157 5 54 0 0 3
127 881744 D 10 0 880965 188 1 166 36 3 3 7 1 161 4 1 2 7 3 53 0 131 2
128 882010 D 9 0 881224 119 2 132 27 0 0 3 1 240 2 1 2 1 1 74 0 172 0
129 896444 A 895502 0 1 172 3 51 1 0 2 0 0 1 44 0 4 128 257 273 3 0 2
130 902874 T 163 0 0 1 0 2 2 0 134 3 189 1 38 4 38 60 902231 4 2 1 1
131 901643 A 900863 0 208 1 0 31 0 3 0 1 0 1 39 8 5 176 192 115 0 0 0
132 892882 G 36 195 121 0 0 892268 0 1 0 1 1 0 1 0 21 143 0 87 2 3 2
133 895277 L 1 1 0 2 0 0 1 1 0 894642 191 0 317 59 19 2 3 36 0 1 1
134 893321 T 195 1 1 0 0 2 3 105 2 3 0 113 11 0 1 147 892731 4 0 0 2
135 903175 H 2 0 35 2 0 0 902344 1 1 101 0 231 26 157 133 2 0 2 0 138 0
136 909077 M 1 0 0 2 2 0 1 343 74 91 908211 2 6 1 20 1 185 131 0 1 5
137 924124 M 1 0 1 1 0 2 0 346 96 64 923288 1 1 1 13 3 132 171 0 1 2
138 921989 I 1 0 0 0 68 0 0 921488 1 13 31 84 1 0 0 8 119 175 0 0 0
139 929861 W 0 169 0 1 0 22 0 0 0 137 1 0 0 0 318 39 2 0 928809 0 363
140 932406 H 0 0 63 0 0 0 931599 0 1 99 0 210 18 67 150 3 0 0 0 196 0
141 938072 S 4 37 1 0 132 7 3 0 0 1 0 1 149 0 0 937504 48 0 0 185 0
142 934645 N 0 0 150 0 2 0 11 33 64 1 0 934228 0 2 1 99 10 3 0 41 0
143 935043 L 0 0 0 1 192 2 0 0 1 934567 41 0 0 0 0 143 0 9 13 0 74
144 934756 N 2 0 181 1 0 3 8 37 117 1 0 934140 0 0 0 178 19 2 0 67 0
145 925738 D 14 2 925075 105 0 160 27 1 1 2 0 115 2 1 1 0 2 78 0 152 0
146 922159 A 921334 0 0 144 0 70 0 0 1 0 0 0 42 0 0 132 269 166 1 0 0
147 921372 T 149 0 0 0 1 0 0 64 0 0 0 130 12 2 0 85 920926 2 0 1 0
148 914862 Y 1 89 9 0 39 0 159 0 0 2 0 22 2 2 4 14 0 0 0 914429 90
149 916886 Q 0 0 3 34 0 1 179 0 160 90 0 1 27 916046 240 1 0 3 0 1 100
150 900672 R 0 0 0 1 0 188 0 0 163 0 196 0 0 1 899921 134 24 0 44 0 0
151 890227 T 214 0 0 0 2 1 1 129 71 3 0 0 19 1 35 116 889633 0 0 1 1
152 894369 R 2 0 0 0 1 144 1 91 145 2 0 0 4 0 893846 42 23 1 1 3 63
153 901818 A 901190 0 194 1 0 41 0 1 0 0 0 0 31 0 0 153 139 66 0 1 1
154 901241 L 2 0 0 0 62 1 79 158 1 900728 0 0 166 3 9 1 1 30 0 0 0
155 896370 V 152 0 94 1 72 174 1 118 1 27 1 0 3 3 3 3 2 895713 0 0 2
156 892750 R 2 215 1 1 2 41 336 2 0 155 0 0 46 0 891701 244 2 1 0 1 0
157 894674 T 162 1 1 0 2 0 2 147 17 3 0 67 16 1 4 150 894095 1 0 3 2
158 886572 G 39 1 2 133 0 885759 0 3 2 3 1 1 1 5 312 0 2 121 0 3 184
159 887835 M 11 0 0 3 2 1 2 412 45 92 886918 3 2 0 10 13 127 190 1 0 3
160 903188 D 7 2 902472 135 2 196 21 0 1 2 0 155 3 0 3 1 1 48 1 135 3
161 904519 P 28 2 2 0 0 5 228 2 0 82 0 3 903810 1 42 110 201 2 0 0 1
162 911271 R 2 1 1 0 1 227 1 2 133 5 179 4 2 4 910471 174 28 6 28 0 2
163 921064 M 3 2 1 1 0 0 0 306 59 76 920269 1 1 0 16 3 121 202 0 1 2
164 916830 C 1 915875 0 0 147 14 2 1 2 2 0 1 2 3 164 151 6 2 32 256 169
165 914679 S 20 31 1 0 86 3 0 0 0 0 0 1 167 2 2 914107 54 2 0 201 2
166 917553 L 0 0 1 2 2 3 2 1 0 916944 236 1 251 67 10 3 1 24 0 2 3
167 927599 M 0 1 0 0 2 1 0 486 77 80 926638 1 3 0 14 0 154 139 1 1 1
168 932412 Q 4 0 0 54 0 0 52 0 161 59 1 1 18 931730 191 2 4 1 0 1 133
169 927958 G 28 194 147 0 0 927358 0 2 2 1 0 3 0 1 19 113 1 89 0 0 0
170 936545 S 14 0 2 0 1 1 1 2 2 130 0 2 162 1 1 935933 63 3 0 1 226
171 937862 T 131 0 0 0 1 0 2 49 0 2 0 112 16 0 1 96 937452 0 0 0 0
172 938930 L 1 1 1 0 62 3 61 224 2 938283 2 1 251 0 11 0 1 23 0 3 0
173 938637 P 29 1 4 1 3 2 361 2 4 99 0 1 937741 0 37 113 235 3 0 0 1
174 945700 R 0 1 0 1 0 159 1 0 113 2 178 0 3 1 944992 162 34 0 51 2 0
175 945342 R 0 0 1 0 0 213 1 1 90 3 204 0 2 1 944659 80 16 0 70 1 0
176 948703 S 18 33 0 0 102 0 0 0 2 4 0 1 154 1 2 948141 82 1 0 162 0
177 965261 G 31 0 0 140 0 964599 2 1 2 3 0 0 3 0 261 2 1 85 1 2 128
178 978046 A 977227 0 202 1 0 29 2 2 2 3 1 1 26 1 3 220 191 133 1 1 0
179 993797 A 992707 0 2 204 0 34 1 0 0 2 0 1 133 0 2 170 453 85 0 0 3
180 989360 G 27 200 179 0 2 988740 0 0 1 2 1 1 2 0 29 113 0 62 0 0 1
181 987171 A 986427 1 141 2 1 33 1 0 2 4 0 6 30 3 2 166 216 131 1 3 1
182 995874 A 994729 1 1 173 1 58 2 0 2 8 0 2 47 2 4 170 404 268 1 0 1
183 997307 V 173 0 101 2 76 9 0 148 2 23 0 0 1 0 0 0 2 996769 0 1 0
184 1017548 K 1 0 1 137 0 2 0 71 1016977 2 0 97 1 13 137 7 13 4 0 1 84
185 1024845 G 26 1 0 109 0 1024102 1 1 0 2 0 0 3 2 175 0 1 200 2 1 219
186 1033574 V 116 1 88 0 73 15 0 188 0 33 0 0 4 0 1 1 0 1033053 0 1 0
187 1040409 G 47 0 0 188 1 1039551 1 0 1 1 1 0 1 0 233 2 4 168 0 0 210
188 1044115 T 236 0 2 0 1 0 1 116 94 2 0 1 25 0 48 98 1043489 2 0 0 0
189 1057550 M 0 0 0 1 0 3 1 543 63 87 1056568 0 3 0 16 2 107 153 0 0 3
190 1057489 V 173 0 0 117 0 33 0 1 0 112 196 0 1 0 1 1 4 1056849 0 1 0
191 1061789 M 2 1 1 0 0 0 0 430 110 148 1060741 0 3 2 15 1 137 195 1 1 1
192 1064540 E 12 0 84 1063762 0 247 0 0 142 1 0 0 0 28 1 1 1 84 0 0 177
193 1066417 L 3 1 1 0 273 0 0 0 0 1065850 56 0 0 0 0 126 0 19 17 0 71
194 1068986 V 190 0 129 0 72 21 2 256 0 38 0 0 1 0 2 4 1 1068269 0 0 1
195 1061609 R 0 1 1 0 0 255 2 155 158 1 1 2 5 0 1060810 62 32 1 0 1 122
196 1059343 M 1 0 0 0 0 0 2 337 81 74 1058531 1 0 0 8 1 125 182 0 0 0
197 1058463 I 2 3 0 1 82 1 1 1057827 1 10 49 126 1 0 2 2 183 172 0 0 0
198 1053026 K 0 1 0 152 0 3 0 23 1052540 1 0 134 0 14 116 2 15 2 0 1 22
199 1047830 R 0 184 2 1 0 43 336 0 2 140 0 1 29 0 1046934 154 1 1 0 0 2
200 1054165 G 36 0 1 176 0 1053078 1 0 0 0 0 0 2 0 284 1 0 219 365 1 1
201 1042006 I 2 1 0 1 109 1 0 1041342 0 12 48 67 1 2 1 11 182 223 0 3 0
202 1034107 N 4 0 181 0 1 2 12 45 105 2 0 1033524 1 0 1 161 13 0 0 55 0
203 1033505 D 8 0 1032733 111 1 161 33 1 0 3 1 183 2 0 0 4 1 105 0 157 1
204 1029797 R 1 1 0 0 0 36 2 2 0 179 1 0 53 295 1029013 1 1 3 206 2 1
205 1019204 N 7 0 164 1 0 4 8 35 185 0 0 1018544 1 2 3 189 15 2 1 40 3
206 1002196 F 1 13 0 0 1001572 0 0 34 0 374 0 0 4 0 6 126 0 27 1 38 0
207 982259 W 4 261 2 0 0 10 1 1 1 184 1 0 2 0 307 41 4 3 981116 0 321
208 971364 R 2 2 0 4 2 254 2 0 178 1 321 0 3 1 970074 425 20 3 72 0 0
209 959162 G 43 201 146 0 1 958482 1 0 0 2 1 0 3 0 29 172 1 76 0 2 2
210 961750 E 8 0 183 960826 1 225 2 0 166 0 0 0 0 30 2 0 1 115 0 2 189
211 957924 N 1 0 259 0 0 1 1 83 108 3 0 957226 2 1 6 145 22 3 0 63 0
212 959632 G 27 0 0 167 0 958802 1 0 0 2 0 0 5 0 261 0 2 151 1 0 213
213 950312 R 1 1 0 0 0 41 1 0 1 147 0 0 33 273 949541 2 2 1 0 0 268
214 934312 K 0 1 0 151 0 3 1 30 933827 7 1 60 1 18 146 3 23 4 1 1 34
215 927598 T 171 0 1 0 0 5 0 79 66 0 0 0 302 0 32 79 926862 1 0 0 0
216 919633 R 0 0 0 0 1 169 0 106 199 0 0 1 0 0 919012 56 34 2 2 0 51
217 913359 I 1 0 1 0 47 1 0 912919 0 22 8 77 3 0 2 16 125 137 0 0 0
218 911159 A 910581 1 145 0 0 39 0 0 0 1 0 0 32 0 1 156 127 76 0 0 0
219 920295 Y 7 126 9 1 66 1 159 0 1 5 0 13 0 0 2 11 0 0 0 919771 123
220 924928 E 7 0 46 924286 0 198 0 0 169 0 0 0 0 45 0 3 0 55 0 0 119
221 931441 R 0 0 0 0 0 185 0 110 128 0 0 0 1 0 930902 56 23 1 0 0 35
222 921074 M 0 1 0 0 0 1 0 381 79 77 920216 0 0 0 9 0 95 215 0 0 0
223 915629 C 0 914712 0 0 146 20 0 0 1 0 0 0 0 0 148 233 0 1 53 202 113
224 916656 N 1 0 136 0 0 0 23 89 124 0 0 916070 0 5 0 133 14 3 0 58 0
225 920759 I 1 0 0 0 56 1 2 920342 0 18 6 52 0 1 0 23 149 107 1 0 0
226 926169 L 0 0 0 1 77 0 94 157 0 925588 0 0 207 0 15 0 1 28 1 0 0
227 924493 K 2 1 0 134 1 1 0 58 924007 3 0 69 1 12 127 4 13 1 0 0 59
228 918225 G 42 1 0 139 0 917174 0 0 0 0 0 0 0 0 154 3 2 292 417 0 1
229 923594 K 0 2 0 219 0 0 0 37 923057 2 0 66 2 4 129 2 7 1 0 1 65
230 927864 F 1 15 0 0 927340 2 1 72 0 229 0 0 3 0 2 142 1 17 0 37 2
231 930107 Q 2 1 0 43 0 2 49 1 136 43 0 0 16 929458 251 4 2 1 0 0 98
232 932986 T 105 0 0 1 1 3 0 462 6 0 1 142 48 3 1 62 932146 1 2 1 1
233 932165 A 931487 0 150 1 0 24 0 0 0 0 0 0 39 1 0 161 156 145 0 0 1
234 929689 A 928816 0 0 160 0 43 0 0 1 2 0 0 41 2 0 151 329 144 0 0 0
235 929314 Q 4 0 0 30 0 1 59 0 95 40 0 0 20 928792 112 0 1 1 0 0 159
236 928237 K 0 1 0 87 0 1 0 36 927796 0 2 35 0 19 223 2 13 1 0 0 21
237 928234 A 927652 1 0 132 0 38 0 0 0 1 0 0 45 0 5 103 151 106 0 0 0
238 924573 M 0 1 1 1 1 0 1 363 82 87 923763 0 1 1 15 2 127 126 0 0 1
239 917076 M 0 1 1 1 2 1 1 437 62 91 916163 0 4 0 23 1 136 151 0 1 0
240 905206 D 5 0 904457 95 1 195 22 1 0 0 2 149 1 0 4 10 1 94 1 166 2
241 900774 Q 1 1 0 40 0 3 61 1 125 71 0 1 8 900157 207 1 1 0 0 2 94
242 890733 V 138 2 0 82 0 21 1 1 1 90 186 1 0 0 7 1 6 890196 0 0 0
243 889337 R 1 1 1 1 0 208 1 159 178 1 1 1 2 2 888560 109 33 5 1 1 71
244 868452 E 14 0 103 867811 1 234 1 0 102 1 0 2 5 28 4 1 2 38 2 0 103
245 850947 S 3 22 0 0 0 201 1 185 1 2 1 136 2 0 265 850084 40 2 0 1 1
246 834946 R 1 0 0 1 1 38 2 1 2 197 0 0 37 323 834154 1 0 3 184 0 1
247 819671 N 3 0 142 0 0 0 7 57 116 3 1 819126 4 2 2 152 22 4 0 30 0
248 797119 P 18 3 1 1 2 3 4 1 0 109 0 0 796513 265 29 62 106 0 1 1 0
249 773612 G 22 3 0 128 0 772897 1 0 1 3 1 0 1 0 106 0 1 160 286 2 0
250 757694 N 3 2 138 0 0 6 5 35 77 1 0 757220 2 1 3 141 13 4 0 43 0
251 747263 A 746475 1 175 0 3 36 1 3 1 6 0 1 38 0 3 146 258 114 1 1 0
252 732208 E 6 1 68 731743 0 108 0 0 93 0 0 0 1 44 1 1 1 35 0 0 106
253 714175 F 1 3 0 1 713673 2 1 41 0 329 1 0 1 0 0 82 0 6 1 33 0
254 689872 E 3 0 42 689356 0 96 0 1 167 0 0 0 0 23 1 0 2 56 0 1 124
255 662184 D 4 0 661802 49 0 88 20 0 0 2 0 83 0 0 0 0 0 46 0 90 0
256 634170 L 2 0 0 0 55 1 52 93 0 633772 0 0 162 1 15 1 2 9 0 4 1
257 609535 T 89 1 0 0 2 2 0 60 0 6 0 79 10 0 2 98 609185 0 0 0 1
258 589982 F 1 7 0 1 589728 2 0 20 0 104 0 0 4 0 2 81 3 6 0 22 1
259 574201 L 1 0 0 0 0 1 0 76 1 573933 0 1 109 49 5 3 0 19 1 1 1
260 554866 A 554342 2 1 165 0 37 0 1 0 2 0 0 22 1 2 93 104 93 1 0 0
261 533447 R 0 0 0 0 0 14 0 0 1 90 0 0 9 125 533121 0 1 0 86 0 0
262 510279 S 5 14 0 1 67 1 0 1 0 2 0 0 65 0 0 509942 45 1 0 134 1
263 474761 A 474278 0 2 91 0 30 0 2 0 1 0 0 22 0 2 69 158 106 0 0 0
264 451148 L 1 2 1 1 82 4 30 52 1 450871 1 0 75 0 3 3 3 17 0 1 0
265 420261 I 2 1 1 0 0 2 1 419953 28 36 68 0 0 0 3 2 90 73 1 0 0
266 395851 L 0 0 2 0 75 3 1 2 2 395638 28 1 2 0 2 60 1 9 9 1 15
267 375207 R 2 0 0 1 1 80 2 46 62 1 0 0 0 0 374934 30 11 2 0 0 35
268 364807 G 12 1 0 54 0 364477 1 0 0 0 0 0 2 0 89 0 1 80 89 0 1
269 342532 S 7 1 0 1 0 0 0 2 1 79 0 2 46 0 0 342281 22 1 13 0 76
270 321579 V 46 0 30 1 11 11 3 51 0 14 0 1 1 0 1 0 1 321408 0 0 0
271 305882 A 305500 3 45 0 0 17 0 3 1 2 0 90 14 0 0 50 114 37 3 1 2
272 297086 H 1 0 14 1 0 3 296768 4 1 33 0 107 6 53 51 2 0 2 0 39 1
273 278544 K 4 0 1 39 0 0 0 2 278401 1 11 23 0 3 40 4 3 2 0 0 10
274 266017 S 5 10 0 0 28 4 0 0 0 1 0 2 47 0 1 265843 16 1 0 59 0
275 259341 C 2 259085 0 1 34 5 0 1 0 2 1 2 0 0 26 22 1 5 16 38 100
276 251720 L 1 2 1 0 0 1 0 2 0 251565 78 0 19 23 3 3 0 22 0 0 0
277 246911 P 29 0 0 0 1 0 77 0 0 48 0 0 246597 0 22 42 95 0 0 0 0
278 242568 A 242230 0 90 0 0 13 0 0 1 1 1 1 12 0 2 44 91 80 1 1 0
279 235629 C 1 235364 1 0 18 15 1 0 0 2 0 0 2 0 126 25 0 0 6 40 28
280 243991 V 35 2 2 36 0 7 1 1 1 27 43 0 1 0 1 1 2 243827 1 0 3
281 257511 Y 0 60 5 2 29 6 81 0 0 1 0 16 3 1 7 5 0 4 0 257239 52
282 251432 G 13 1 0 100 2 251089 0 6 0 6 1 1 3 1 111 4 1 9 5 4 75
283 295461 P 34 3 0 1 3 17 168 4 2 76 1 3 294815 3 25 185 117 1 0 1 2
284 316261 A 315377 2 156 1 0 43 2 0 1 24 0 0 49 0 2 183 265 153 2 1 0
285 325388 V 84 1 0 51 3 18 0 176 0 145 0 1 2 0 5 4 1 324892 2 0 3
286 336756 A 336569 1 71 1 0 13 0 0 0 1 0 0 4 0 0 28 30 36 0 1 1
287 349340 S 0 35 0 1 0 61 1 18 0 0 0 57 0 0 74 349089 4 0 0 0 0
288 365991 G 17 0 3 63 2 365660 0 0 1 2 0 0 0 0 77 1 0 62 101 2 0
289 394395 Y 2 90 7 1 37 7 116 1 1 0 2 34 3 3 0 4 3 1 0 394023 60
290 425945 D 2 0 425579 58 0 75 17 2 0 0 0 116 0 0 1 1 1 34 0 59 0
291 454289 F 1 6 0 0 454033 3 1 16 0 110 3 0 6 1 0 78 2 10 0 19 0
292 487433 E 9 0 34 487039 0 122 0 0 113 1 0 1 1 20 0 2 2 31 0 0 58
293 504529 R 0 1 1 1 1 131 0 1 83 1 194 0 1 0 503920 152 15 3 24 0 0
294 518368 E 4 0 175 517754 2 167 1 1 96 0 1 0 3 21 1 0 2 42 0 0 98
295 548710 G 13 0 1 149 1 548271 0 0 0 1 0 0 0 1 82 1 0 86 0 0 104
296 580454 Y 0 110 6 0 53 0 118 0 0 1 0 60 0 0 1 9 0 0 0 580020 76
297 610322 S 9 18 0 0 40 2 0 0 1 1 1 0 106 1 0 609946 65 0 0 132 0
298 645953 L 2 0 0 1 0 3 0 155 1 645593 0 0 113 49 7 2 2 23 0 1 1
299 662861 V 83 1 70 1 51 12 0 119 0 14 0 0 0 1 2 0 0 662506 0 0 1
300 678998 G 36 1 0 104 0 678411 0 0 0 2 0 1 1 0 221 0 2 95 0 0 124
301 699290 I 0 0 2 0 0 0 0 698779 44 64 154 1 1 0 9 0 107 128 0 1 0
302 734600 D 11 0 734048 111 0 136 27 0 0 1 0 128 0 0 0 1 0 52 0 85 0
303 765433 P 15 0 0 1 0 1 340 0 0 57 0 1 764699 1 13 84 220 0 1 0 0
304 793292 F 2 5 0 0 792688 0 1 63 1 302 2 0 2 0 1 155 1 13 0 55 1
305 819728 R 4 1 0 1 1 227 1 131 130 4 0 3 3 0 819049 74 33 4 0 0 62
306 836602 L 0 0 0 0 2 2 1 1 0 836256 94 2 137 62 10 2 1 32 0 0 0
307 864094 L 9 0 1 0 106 2 32 117 0 863615 0 1 158 3 21 1 1 26 0 0 1
308 893109 Q 0 1 1 38 4 1 55 3 166 41 1 0 17 892511 163 1 1 2 1 0 102
309 912218 N 3 1 123 1 1 1 24 43 134 2 1 911476 1 1 7 149 212 0 0 34 4
310 935308 S 0 72 0 2 0 142 0 218 0 2 1 188 2 0 229 934416 33 3 0 0 0
311 946887 Q 3 1 2 36 1 2 42 6 156 65 0 1 27 946242 142 4 0 9 0 2 146
312 964862 V 115 1 0 83 3 17 0 0 1 94 258 0 1 0 2 3 0 964284 0 0 0
313 984423 Y 0 202 11 0 90 2 198 1 0 2 0 65 4 0 2 22 1 1 0 983649 173
314 1003019 S 0 41 0 0 1 186 0 191 0 0 0 148 1 0 248 1002163 37 1 0 1 1
315 1012902 L 3 1 0 0 10 5 1 181 1 1012333 2 2 243 73 8 4 0 31 0 3 1
316 1022027 I 4 0 0 1 81 4 1 1021539 2 26 28 80 0 2 1 11 132 114 1 0 0
317 1030988 R 1 1 2 1 0 224 1 127 182 2 1 2 0 1 1030262 92 29 6 2 0 52
318 1026173 P 38 0 1 2 1 2 1 6 1 127 1 0 1025411 299 31 139 104 4 0 5 0
319 1030370 N 3 0 184 0 1 5 8 57 116 3 2 1029749 5 2 7 151 21 4 1 49 2
320 1034943 E 13 1 174 1033992 0 232 0 0 182 5 0 0 1 27 1 1 1 97 1 0 215
321 1024465 N 3 3 143 2 0 3 6 63 110 2 4 1023905 2 1 1 149 24 1 1 41 1
322 1023361 P 21 1 1 0 0 0 0 1 1 145 0 0 1022701 182 49 90 166 1 0 1 1
323 1024244 A 1023368 0 1 210 0 66 0 0 0 4 0 2 32 4 2 169 212 172 0 1 1
324 1022640 H 1 0 38 1 1 0 1021875 0 1 144 1 129 28 151 139 0 2 0 0 129 0
325 1009521 K 0 0 1 163 0 1 0 1 1008777 0 87 202 0 10 210 0 29 1 0 0 39
326 1001416 S 1 67 0 1 0 171 1 62 0 2 0 166 0 1 136 1000774 33 0 0 0 1
327 990943 Q 0 1 0 42 0 0 77 2 134 58 0 1 8 990339 161 0 0 0 0 0 120
328 979487 L 2 0 0 1 0 4 1 1 2 979069 136 2 135 82 13 1 2 30 1 3 2
329 987959 V 163 0 0 79 0 29 0 5 0 112 158 2 2 0 1 2 1 987404 0 0 1
330 994138 W 2 188 0 4 1 9 0 0 1 193 0 3 1 1 201 36 2 0 993164 4 328
331 978147 M 2 4 2 1 4 0 0 424 102 114 977118 0 5 2 26 3 115 221 1 1 2
332 980451 A 979541 2 1 227 2 56 1 1 2 2 0 3 45 0 3 134 219 207 1 1 3
333 983526 C 4 982523 0 0 193 10 1 3 0 4 0 1 1 0 185 143 1 1 53 254 149
334 969869 H 0 1 43 0 0 0 969207 4 1 83 0 161 21 82 113 3 0 2 0 148 0
335 958723 S 6 38 0 1 139 5 0 2 1 1 0 1 129 0 3 958091 72 0 0 234 0
336 950911 A 949875 0 221 0 0 54 1 0 1 1 0 1 51 0 1 256 291 156 1 0 1
337 939632 A 938767 0 0 200 1 42 1 1 0 3 0 0 44 0 1 134 333 104 1 0 0
338 937815 F 1 9 0 0 937382 1 0 42 0 181 0 1 2 0 1 148 1 23 0 22 1
339 940081 E 13 1 79 939414 0 171 0 1 107 2 0 0 2 44 1 1 1 77 0 0 167
340 930865 D 7 0 930238 71 0 147 25 1 1 1 0 162 3 0 0 2 0 85 0 120 2
341 928554 L 0 0 0 0 0 1 0 196 0 928050 1 0 172 76 18 1 2 36 0 1 0
342 935285 R 1 0 1 0 0 136 2 162 144 0 1 1 2 0 934695 64 26 2 0 1 47
343 938869 V 119 0 0 62 1 7 1 105 0 104 1 0 0 0 1 0 0 938468 0 0 0
344 941200 L 1 0 1 0 113 2 0 50 2 940783 0 1 5 0 2 125 1 13 0 1 100
345 930494 S 1 23 2 0 0 127 0 158 1 0 0 128 0 1 175 929848 27 1 1 0 1
346 928263 F 13 5 1 0 927578 1 1 21 1 360 0 1 1 0 0 162 0 19 0 98 1
347 922642 I 1 1 0 0 78 0 1 922082 0 21 36 84 1 0 0 7 153 172 3 0 2
348 916729 K 3 0 1 157 0 3 2 37 916221 3 0 96 1 17 131 0 12 2 0 1 42
349 923737 G 34 0 0 134 1 922853 0 0 0 2 1 0 1 0 162 2 0 215 331 1 0
350 926055 T 253 1 1 1 0 0 2 1 147 3 233 2 12 0 55 65 925277 1 0 1 0
351 926237 K 0 1 0 149 0 2 0 1 925524 0 77 158 0 6 210 2 35 2 0 1 69
352 918431 V 128 0 0 86 1 22 1 1 0 67 198 0 0 0 1 1 4 917918 1 0 2
353 933439 L 1 2 1 1 167 1 71 190 2 932685 0 1 266 2 14 3 1 30 0 0 1
354 937694 P 39 4 0 0 2 2 2 0 1 119 0 1 936854 309 47 96 209 6 1 0 2
355 941287 R 1 1 0 1 0 142 0 165 160 3 0 0 1 1 940668 74 23 1 0 0 46
356 958239 G 42 1 1 120 0 957155 0 0 2 1 1 1 1 0 193 5 0 308 408 0 0
357 943339 K 1 0 0 232 1 5 0 1 942536 1 32 167 2 14 209 73 11 1 1 0 52
358 947741 L 0 0 0 0 54 2 28 158 0 947269 1 1 180 0 12 0 0 35 0 1 0
359 957169 S 10 47 0 0 121 0 2 0 0 0 0 0 284 1 0 956461 102 3 0 137 1
360 971761 T 138 0 1 0 0 2 0 78 0 3 0 119 13 0 1 125 971279 1 0 0 1
361 964530 R 1 0 0 0 1 150 1 215 189 1 1 0 0 0 963789 69 32 1 0 1 79
362 972715 G 35 0 0 112 0 972019 0 0 0 1 0 0 1 0 162 0 0 197 0 0 188
363 980838 V 173 1 76 1 97 15 0 170 0 30 0 1 6 0 0 1 1 980266 0 0 0
364 988618 Q 0 0 0 45 0 0 71 1 189 64 0 1 11 987959 157 1 0 0 0 0 119
365 996480 I 0 0 0 0 59 1 1 996058 1 27 7 72 0 0 1 7 151 95 0 0 0
366 1005551 A 1004944 0 139 1 0 27 0 0 0 2 0 1 33 0 1 149 157 96 0 0 1
367 1000592 S 14 37 0 0 97 1 0 0 1 1 0 0 183 0 6 999941 90 0 1 219 1
368 1000649 N 2 0 131 0 1 4 21 45 81 2 0 1000122 0 1 4 115 44 3 0 71 2
369 1009013 E 6 0 62 1008357 0 168 0 0 173 0 0 0 0 24 1 0 1 72 0 0 149
370 1005663 N 0 1 145 2 0 14 16 154 46 2 0 1005107 0 2 2 120 22 1 0 29 0
371 1013534 M 0 0 0 0 0 2 1 441 100 117 1012549 1 0 2 10 0 131 180 0 0 0
372 1024173 E 12 0 166 1023367 0 278 1 0 124 1 0 1 1 40 1 0 2 73 0 1 105
373 1025445 T 182 1 0 1 0 0 0 101 0 6 1 127 11 0 3 135 1024875 1 0 1 0
374 1031716 M 2 1 0 0 1 0 0 465 108 125 1030680 0 1 0 22 2 131 177 1 0 0
375 1033052 E 11 0 80 1032337 1 206 0 0 137 2 0 0 1 37 0 0 0 90 0 0 150
376 1030499 S 9 1 0 1 2 1 0 0 0 92 0 0 148 0 3 1029939 73 0 0 0 230
377 1021760 S 1 73 0 0 0 154 0 101 0 0 1 189 0 0 122 1021084 32 0 0 1 2
378 1014532 T 190 0 1 0 1 0 0 126 104 1 0 0 13 2 39 85 1013964 4 0 1 1
379 1013874 L 0 1 0 0 117 1 59 108 0 1013370 1 0 178 0 11 0 1 27 0 0 0
380 1004567 E 9 0 77 1003869 0 171 1 1 174 1 0 0 2 38 2 1 1 84 1 2 133
381 1004632 L 2 1 0 0 2 2 1 1 0 1004258 115 1 150 40 23 0 2 31 0 2 1
382 1000581 R 1 0 0 1 1 246 0 63 140 2 2 2 0 0 999951 70 25 2 0 1 74
383 997601 S 2 42 0 1 1 166 0 137 0 2 1 158 1 1 259 996801 27 1 0 0 1
384 996426 R 0 3 0 2 0 294 0 0 101 3 178 1 1 1 995653 90 24 0 75 0 0
385 992472 Y 0 197 18 0 70 1 172 0 1 6 0 115 0 1 0 14 0 0 0 991740 137
386 991596 W 2 187 1 0 0 21 0 0 0 265 0 0 0 1 219 26 0 2 990544 0 328
387 988729 A 987955 0 189 0 0 49 1 0 0 0 0 0 43 0 0 157 197 136 1 0 1
388 978150 I 0 0 0 0 1 0 0 977394 41 126 245 0 0 0 18 0 176 149 0 0 0
389 975986 R 1 3 0 0 0 206 2 2 121 1 208 0 1 0 975237 138 21 2 43 0 0
390 968907 T 184 0 0 1 2 4 0 108 2 2 0 65 16 0 3 157 968360 2 0 0 1
391 979827 R 0 0 0 0 1 238 1 128 113 1 0 0 1 0 979182 59 13 4 1 1 84
392 979321 S 2 58 1 2 0 176 0 78 2 1 0 129 0 1 86 978762 19 1 2 1 0
393 986552 G 42 2 0 98 0 985815 0 0 1 2 0 0 0 1 213 2 2 209 1 1 163
394 990292 G 37 1 0 127 1 989577 0 0 1 0 0 0 0 0 184 1 0 162 1 1 199
395 985425 N 2 0 178 0 3 9 24 49 161 1 3 984678 3 2 4 135 121 4 1 46 1
396 985439 T 156 0 1 3 3 1 0 116 0 5 1 102 34 0 7 155 984849 3 0 0 3
397 987671 N 3 2 135 2 0 5 26 36 98 5 0 987134 5 1 4 112 31 10 0 61 1
398 977049 Q 0 3 1 35 0 2 70 3 238 75 2 2 22 976360 134 4 3 3 1 2 89
399 967502 Q 1 0 1 39 1 2 250 8 132 78 1 1 30 966613 203 5 8 5 1 2 121
400 967082 R 1 0 1 1 1 208 2 3 138 3 416 4 3 1 966026 177 27 1 66 0 3
401 976640 A 975821 2 2 222 1 67 4 7 1 1 0 2 44 1 5 135 122 200 0 3 0
402 974586 S 10 34 1 2 68 1 3 4 2 4 0 1 159 2 2 974019 75 2 0 196 1
403 978206 A 976886 2 3 217 2 89 2 2 0 6 2 3 41 1 6 221 245 474 0 2 2
404 990773 G 116 222 325 1 0 989653 2 2 0 3 0 2 2 2 36 186 3 215 0 3 0
405 1005924 Q 2 2 2 26 1 7 72 5 165 57 0 3 53 1005247 121 5 3 3 1 1 148
406 991205 I 1 3 0 0 56 3 2 990712 2 26 32 83 1 3 4 14 136 122 1 2 2
407 1006675 S 2 40 0 0 0 220 0 145 1 3 2 162 2 1 256 1005799 40 0 0 1 1
408 1014897 I 3 1 0 1 2 1 1 1014139 67 127 177 1 0 0 10 2 202 160 1 2 0
409 1018884 Q 2 1 0 43 1 0 93 6 97 33 0 0 17 1018354 129 2 3 4 0 0 99
410 1028701 P 21 1 1 0 1 1 241 2 0 70 0 0 1028129 1 34 93 104 1 0 0 1
411 1037122 T 158 0 0 0 1 1 0 0 135 1 179 0 4 0 40 70 1036532 0 1 0 0
412 1046438 F 4 14 0 0 1045704 2 1 84 0 405 0 0 1 0 3 149 1 29 0 40 1
413 1053507 S 15 2 0 0 0 5 0 2 1 147 1 0 200 1 4 1052764 88 5 0 0 272
414 1070203 V 203 1 0 110 0 8 0 261 1 140 2 2 0 0 1 1 1 1069470 0 0 2
415 1075558 Q 1 0 0 48 0 1 267 0 129 126 1 0 24 1074628 204 1 1 0 1 1 125
416 1075298 R 1 0 0 2 0 174 1 116 118 1 0 0 1 1 1074710 60 35 1 0 0 77
417 1093513 N 0 4 170 0 0 1 21 81 90 2 0 1092903 0 1 3 153 20 1 0 62 1
418 1102686 L 0 0 0 0 76 2 104 174 0 1102018 0 0 266 1 15 3 4 22 0 1 0
419 1103208 P 26 1 0 1 0 1 407 0 1 118 0 1 1102293 2 31 97 225 2 0 1 1
420 1114926 F 0 22 0 2 1114398 1 1 63 0 206 0 0 1 0 2 154 0 22 0 54 0
421 1123512 D 15 1 1122506 194 0 224 47 0 0 1 0 242 1 0 3 1 1 113 2 161 0
422 1124587 R 3 0 3 0 0 272 0 161 213 1 0 3 6 0 1123716 77 52 2 1 1 76
423 1121462 T 187 1 1 0 3 2 3 124 121 1 0 1 42 7 46 81 1120839 0 0 1 2
424 1131809 T 177 1 1 1 3 0 1 86 0 1 0 127 12 0 1 121 1131277 0 0 0 0
425 1129747 I 2 0 1 1 64 2 0 1129278 0 10 7 83 1 1 1 14 145 137 0 0 0
426 1126016 M 0 1 1 1 0 0 3 478 134 94 1124939 2 0 1 17 4 134 205 0 2 0
427 1124525 A 1123492 0 0 236 0 71 0 1 0 2 0 4 40 3 7 196 174 297 1 0 1
428 1107921 A 1107121 2 0 198 1 45 0 0 2 1 0 0 49 1 1 161 203 135 0 0 1
429 1095046 F 1 10 1 2 1094310 0 1 50 3 372 0 2 1 1 3 171 0 22 0 93 3
430 1077984 N 2 1 180 2 1 4 12 63 115 3 0 1077356 2 0 1 152 13 4 0 72 1
431 1055360 G 41 2 1 134 2 1054224 0 2 1 0 0 0 1 1 266 9 0 227 449 0 0
432 1034679 N 2 1 221 0 2 1 7 60 74 4 0 1033995 5 0 2 189 23 5 1 87 0
433 1018515 T 234 0 0 3 3 1 0 152 126 6 0 3 20 1 48 102 1017812 2 2 0 0
434 995204 E 20 0 410 994055 2 248 0 0 186 2 0 0 0 27 1 8 0 70 0 2 173
435 973452 G 43 0 0 180 0 972478 0 0 1 0 0 0 0 0 168 5 1 191 385 0 0
436 944993 R 1 0 0 0 2 254 1 131 165 0 0 1 2 0 944245 77 33 1 0 0 80
437 915007 T 165 0 0 0 2 0 2 102 136 2 0 3 14 0 49 72 914453 1 0 2 4
438 889802 S 8 23 1 1 59 2 0 3 0 0 1 2 111 1 2 889374 59 2 0 151 2
439 871004 D 15 1 870268 131 1 132 39 2 2 0 0 203 4 0 1 3 0 87 0 114 1
440 840147 M 0 0 0 2 1 3 1 327 47 96 839348 2 0 3 15 1 154 139 1 0 7
441 812895 R 0 0 0 1 0 208 1 0 117 0 189 0 3 0 812147 135 24 1 67 0 2
442 780811 T 135 1 0 0 1 0 0 129 0 1 0 73 8 0 1 104 780356 0 1 1 0
443 759274 E 7 0 45 758650 0 147 0 0 224 1 0 0 0 24 1 0 2 51 0 0 122
444 732049 I 0 0 1 0 17 2 1 731743 0 8 21 40 4 0 1 6 112 89 0 1 3
445 701213 I 0 0 0 0 1 0 0 700724 36 87 164 1 0 1 5 1 84 108 0 0 1
446 665112 R 0 1 0 0 1 113 0 2 91 5 169 0 0 0 664553 117 24 2 34 0 0
447 630844 M 0 6 0 1 1 4 0 247 56 64 630225 0 1 0 8 3 85 139 1 0 3
448 605161 M 1 0 0 0 1 2 0 224 70 81 604546 1 0 0 14 0 93 126 0 0 2
449 568961 E 3 0 41 568561 0 126 0 0 99 0 0 1 0 23 2 1 1 32 1 0 70
450 536530 S 0 14 0 0 0 120 0 40 0 1 0 97 1 1 49 536192 12 3 0 0 0
451 499678 A 499158 0 1 88 0 53 1 0 0 2 2 0 28 0 0 84 114 147 0 0 0
452 470524 R 0 1 0 0 0 91 0 74 188 0 0 0 1 0 470080 54 18 0 0 0 17
453 424697 P 26 0 0 0 0 8 2 0 0 73 0 1 424412 58 17 55 44 0 0 0 1
454 390870 E 5 1 25 390621 0 50 0 2 73 2 0 0 0 10 0 1 0 13 0 0 67
455 342437 D 3 1 342232 29 5 44 12 0 0 2 0 20 1 0 0 2 0 17 0 69 0
456 300856 V 55 0 0 33 0 10 2 0 2 47 27 0 0 0 1 1 1 300676 1 0 0
457 280819 S 2 16 1 0 26 0 0 2 0 3 0 1 41 0 1 280633 39 2 0 51 1
458 356573 F 1 1 0 0 356183 0 1 22 0 213 1 0 1 0 1 110 1 2 0 35 1
459 356816 Q 2 0 3 29 0 3 148 1 112 46 0 0 29 356159 232 1 2 0 0 0 49
460 349650 G 15 0 2 71 1 349396 0 3 0 1 0 0 0 0 33 3 0 110 13 0 2
461 340517 R 2 0 1 1 1 82 3 0 0 199 0 1 35 186 339900 0 3 1 101 1 0
462 330571 G 25 1 1 85 0 330128 0 2 1 2 0 0 1 1 128 2 1 47 0 1 145
463 314023 V 51 0 9 0 17 0 0 61 0 15 0 0 1 1 0 1 1 313866 0 0 0
464 367027 F 2 5 0 1 366695 2 2 19 0 193 0 0 1 1 1 59 0 16 0 29 1
465 369007 E 2 1 81 368653 0 64 0 0 71 1 0 1 0 26 0 2 2 8 0 0 95
466 383279 L 1 0 0 2 35 1 9 60 0 383069 0 1 68 0 6 1 1 23 2 0 0
467 396369 S 1 1 0 2 1 0 1 0 2 239 0 0 58 0 2 395942 25 0 16 1 78
468 408983 D 2 0 408650 53 2 116 12 0 1 1 0 53 1 1 0 2 1 19 0 68 1
469 442682 E 3 0 23 442368 0 59 0 0 94 0 0 0 0 21 1 0 0 31 0 0 82
470 466506 K 0 0 0 55 0 0 0 0 466088 0 16 91 0 3 235 1 9 0 0 0 8
471 499250 A 498908 1 0 66 0 29 1 0 0 0 0 0 14 2 1 84 52 90 0 2 0
472 540366 A 539712 1 1 167 2 25 0 1 0 1 0 0 16 0 0 104 150 184 2 0 0
473 567522 S 0 27 0 0 0 72 1 120 0 0 0 56 1 2 205 566994 43 1 0 0 0
474 596205 P 21 0 0 0 0 1 1 0 0 104 1 1 595696 218 20 57 82 0 0 2 1
475 620176 I 0 1 1 0 35 0 0 619885 0 9 21 48 0 0 0 8 78 90 0 0 0
476 627065 V 126 0 2 41 1 9 0 1 3 105 163 0 1 0 1 0 3 626605 2 1 1
477 641906 P 29 1 1 0 0 1 116 1 2 63 0 2 641464 0 21 75 126 1 0 0 3
478 658765 S 2 23 2 1 75 2 1 3 1 6 0 1 114 1 0 658368 48 2 0 113 2
479 667254 F 1 3 0 0 666947 0 0 28 2 160 1 1 0 1 1 57 1 22 0 29 0
480 663653 D 12 0 663133 72 0 114 39 0 0 0 0 120 0 0 2 0 0 58 0 103 0
481 665128 M 0 0 1 0 1 0 1 287 35 60 664538 1 0 1 10 2 93 96 2 0 0
482 657558 S 0 46 0 0 1 125 0 63 1 0 0 86 0 0 82 657137 17 0 0 0 0
483 660542 N 2 0 82 0 0 0 3 43 57 0 0 660275 1 0 0 65 2 0 0 11 1
484 658498 E 7 0 73 658010 0 86 0 0 108 2 1 1 1 42 3 0 1 46 0 0 117
485 656559 G 17 0 0 57 1 656091 0 1 0 1 0 0 1 0 130 2 1 110 0 0 147
486 655405 S 5 26 1 0 57 0 0 0 1 1 0 0 87 0 0 655081 50 0 0 96 0
487 654423 Y 1 70 3 1 31 2 91 2 0 0 0 9 0 0 0 2 1 0 0 654155 55
488 652819 F 2 1 0 0 652457 1 1 39 0 191 0 1 1 1 0 75 1 7 0 41 0
489 652444 F 0 1 0 1 651988 1 0 20 1 298 0 1 1 0 3 71 0 3 0 53 2
490 651817 G 21 0 0 53 1 651265 0 2 0 1 0 1 1 0 202 1 0 122 0 0 147
491 650478 D 7 0 649983 108 0 119 29 0 0 0 1 78 1 0 0 3 0 74 0 75 0
492 646326 N 0 0 83 0 0 1 5 36 69 0 0 646001 0 0 2 88 11 0 0 30 0
493 643065 A 642198 1 0 122 0 37 1 0 0 2 0 0 39 0 0 122 406 136 0 1 0
494 636827 E 5 2 154 636252 0 131 0 1 82 1 0 1 2 22 0 2 0 33 1 2 136
495 627895 E 5 0 77 627412 0 122 2 1 96 1 1 0 0 29 4 1 0 31 0 0 113
496 607600 Y 0 141 10 1 52 1 89 0 1 1 0 46 0 0 1 9 1 0 0 607130 117
497 611554 D 10 0 610880 138 0 134 37 0 0 1 0 161 0 1 0 1 0 73 0 117 1
498 599899 N 1 0 85 1 1 2 10 40 47 1 2 599574 1 0 4 82 4 0 0 43 1
