SITE	RMSD_probability
2	0.00005628
3	0.68463930
4	0.00784427
5	0.00153368
6	0.00045729
7	0.00031658
8	0.00049950
9	0.02451070
10	0.26472119
11	0.00242715
12	0.01784131
13	0.00174473
14	0.00642315
15	0.08512614
16	0.03956607
17	0.00291258
18	0.01686342
19	0.00134373
20	0.00090754
21	0.00616989
22	0.00249750
23	0.00321509
24	0.00238494
25	0.00460807
26	0.00349650
27	0.00251157
28	0.02144335
29	0.00125227
30	0.00312364
31	0.00261007
32	0.00334876
33	0.03954496
34	0.00670456
35	0.00120302
36	0.23148682
37	0.00311660
38	0.00189951
39	0.00325731
40	0.00091458
41	0.00495279
42	0.00157589
43	0.00560003
44	0.00220202
45	0.00190654
46	0.00163217
47	0.01252269
48	0.00219499
49	0.01668050
50	0.00180805
51	0.00393972
52	0.00882216
53	0.27455643
54	0.00413671
55	0.00339801
56	0.01281817
57	0.00205428
58	0.00150554
59	0.00102011
60	0.00373570
61	0.05514908
62	0.00270152
63	0.00166031
64	0.00504425
65	0.00361610
66	0.00061910
67	0.00185730
68	0.11262681
69	0.00059096
70	0.00252564
71	0.00324324
72	0.00090051
73	0.00239901
74	0.00148443
75	0.00164624
76	0.00080201
77	0.00068242
78	0.00108342
79	0.45835854
80	0.00015477
81	0.00072463
82	0.00118192
83	0.00193469
84	0.00099197
85	0.00149850
86	0.03142632
87	0.00002814
88	0.00244826
89	0.00576184
90	0.08421156
91	0.00172363
92	0.00609953
93	0.00132262
94	0.00087237
95	0.00042211
96	0.22094103
97	0.00075980
98	0.00151257
99	0.01165032
100	0.45218162
101	0.03685047
102	0.00198393
103	0.05626064
104	0.00170252
105	0.00184323
106	0.00086533
107	0.00024623
108	0.00047136
109	0.00104825
110	0.00012663
111	0.01993077
112	0.00136483
113	0.00229348
114	0.00539601
115	0.00061206
116	0.00066835
117	0.00088644
118	0.00064724
119	0.00143518
120	0.00094272
121	0.00265228
122	0.00259600
123	0.07666981
124	0.00740105
125	0.00197690
126	0.08482363
127	0.37421030
128	0.09399755
129	0.00189247
130	0.00155478
131	0.00065428
132	0.00123116
133	0.54649576
134	0.00058392
135	0.00175177
136	0.00369349
137	0.00115378
138	0.00378495
139	0.00389751
140	0.00050654
141	0.00204725
142	0.27722278
143	0.00116785
144	0.00105528
145	0.00638798
146	0.00227238
147	0.00110453
148	0.00073166
149	0.00000704
150	0.00140704
151	0.00101307
152	0.00023216
153	0.00247640
154	0.00135780
155	0.00586034
156	0.00126634
157	0.18742525
158	0.00246233
159	0.00099900
160	0.00008442
161	0.00073870
162	0.06319737
163	0.00025327
164	0.00168845
165	0.00255378
166	0.00040101
167	0.00094975
168	0.00173066
169	0.00939905
170	0.00144925
171	0.00304625
172	0.00194876
173	0.00282816
174	0.00010553
175	0.00965935
176	0.00305328
177	0.00016885
178	0.05730185
179	0.00272966
180	0.00145629
181	0.00196986
182	0.00505832
183	0.00017588
184	0.00296183
185	0.00111860
186	0.00363017
187	0.00224423
188	0.00208242
189	0.00250454
190	0.00029548
191	0.00141408
192	0.00060503
193	0.00156885
194	0.00080905
195	0.00026030
196	0.00007035
197	0.03351578
198	0.00046432
199	0.00147740
200	0.00408746
201	0.03835601
202	0.00187840
203	0.00041508
204	0.00014070
205	0.05637320
206	0.00220906
207	0.00074573
208	0.00001407
209	0.02004334
210	0.00253268
211	0.30010131
212	0.00270856
213	0.00125930
214	0.00853372
215	0.00081609
216	0.00365128
217	0.00144222
218	0.00521310
219	0.00162514
220	0.00555079
221	0.00362314
222	0.06656020
223	0.00566335
224	0.03080019
225	0.00355279
226	0.00313067
227	0.00319399
228	0.00263821
229	0.00130152
230	0.00453068
231	0.00772467
232	0.05873000
233	0.00082312
234	0.00546636
235	0.00332766
236	0.00166735
237	0.00192061
238	0.00231459
239	0.07149189
240	0.00919503
241	0.00016181
242	0.00059799
243	0.00023920
244	0.00152664
245	0.00056985
246	0.00139297
247	0.00022513
248	0.00887845
249	0.00054171
250	0.00071056
251	0.02875997
252	0.00133669
253	0.00211057
254	0.00387641
255	0.00160403
256	0.00168142
257	0.02546046
258	0.00669753
259	0.00127337
260	0.13409126
261	0.00089347
262	0.00067538
263	0.00070352
264	0.00802718
265	0.20929774
266	0.00154775
267	0.00039397
268	0.00386233
269	0.00106232
270	0.00036583
271	0.00113267
272	0.00068945
273	0.00004925
274	0.00401711
275	0.00092161
276	0.00309550
277	0.00571963
278	0.06259937
279	0.00240604
280	0.00079498
281	0.00035880
282	0.00096382
283	0.01124228
284	0.00114674
285	0.06239535
286	0.04284448
287	0.00778095
288	0.00223016
289	0.24824471
290	0.14508027
291	0.00078794
292	0.00467138
293	0.00131559
294	0.18387247
295	0.00004221
296	0.00064020
297	0.08158743
298	0.00018292
299	0.00999705
300	0.05821643
301	0.00095679
302	0.00128744
303	0.01128449
304	0.00135076
305	0.00939202
306	0.10039257
307	0.00056282
308	0.00173770
309	0.00055578
310	0.00052061
311	0.00043618
312	0.00103418
313	0.00346836
314	0.00195579
315	0.00100604
316	0.00907543
317	0.00003518
318	0.00643019
319	0.00104121
320	0.00021809
321	0.00434073
322	0.00030251
323	0.00140001
324	0.00063317
325	0.00018995
326	0.00258896
327	0.00194172
328	0.05804759
329	0.00087940
330	0.00011960
331	0.00052764
332	0.00047839
333	0.00137187
334	0.00045025
335	0.00020402
336	0.00028141
337	0.00542415
338	0.00275077
339	0.00071759
340	0.00084423
341	0.00192765
342	0.00118895
343	0.00009146
344	0.00044322
345	0.00040804
346	0.04038919
347	0.00215981
348	0.00021106
349	0.00057689
350	0.00343319
351	0.00042915
352	0.00048543
353	0.00158996
354	0.00030955
355	0.00014774
356	0.01404933
357	0.00009849
358	0.00218092
359	0.00117488
360	0.00002111
361	0.00106935
362	0.00033066
363	0.00107639
364	0.00130855
365	0.00038694
366	0.00007739
367	0.00154071
368	0.00146333
369	0.00123820
370	0.03772284
371	0.00077387
372	0.01750362
373	0.00244122
374	0.00053468
375	0.01074278
376	0.08722264
377	0.00092865
378	0.00159699
379	0.00027437
380	0.00066131
381	0.00368645
382	0.00536787
383	0.04340026
384	0.00078091
385	0.00163921
386	0.00142111
387	0.01141112
388	0.00564928
389	0.00186433
390	0.00062613
391	0.00006332
392	0.00121709
393	0.00093568
394	0.00037990
395	0.00026734
396	0.05256012
397	0.00271559
398	0.00129448
399	0.00075277
400	0.00128041
401	0.00206835
402	0.00054875
403	0.02759916
404	0.09703677
405	0.00287740
406	0.00456586
407	0.18675691
408	0.56221947
409	0.19229362
410	0.00111156
411	0.00132966
412	0.00325027
413	0.00033769
414	0.00034473
415	0.12711232
416	0.00594476
417	0.00109749
418	0.00196283
419	0.00102714
420	0.00379902
421	0.00585330
422	0.05211690
423	0.00049247
424	0.00233569
425	0.00076684
426	0.00085830
427	0.00381309
428	0.00272263
429	0.00035176
430	0.00175880
431	0.01657497
432	0.05711894
433	0.00179398
434	0.00097790
435	0.00051357
436	0.00032362
437	0.00119599
438	0.00385530
439	0.02113380
440	0.00109046
441	0.00201207
442	0.00426334
443	0.00158292
444	0.00187137
445	0.00299700
446	0.00880809
447	0.00167438
448	0.00199097
449	0.00269449
450	0.00753472
451	0.07679644
452	0.00209650
453	0.00222313
454	0.02952681
455	0.01577296
456	0.02241421
457	0.00208946
458	0.00085126
459	0.10855342
460	0.01725036
461	0.00098493
462	0.00181509
463	0.00372867
464	0.00069649
465	0.00019699
466	0.00310957
467	0.18622926
468	0.00113971
469	0.00097086
470	0.00225127
471	0.00028844
472	0.00176584
473	0.02838711
474	0.00268745
475	0.00112563
476	0.00438998
477	0.00013367
478	0.00203318
479	0.00410153
480	0.00213167
481	0.00430555
482	0.00263117
483	0.00171659
484	0.00223720
485	0.00674677
486	0.00239197
487	0.00011256
488	0.00037287
489	0.00253971
490	0.00177288
491	0.00266635
492	0.00169549
493	0.02884440
494	0.00243419
495	0.01623728
496	0.00180102
497	0.27884088
498	0.00314474
