#SITE	SITE_LOG_LIKELIHOOD
1	-0.501738
2	-2.05235
3	-3.95968
4	-6.42011
5	-3.0123
6	-2.01505
7	-0.793816
8	-2.11358
9	-11.6203
10	-1.92349
11	-5.82952
12	-6.01464
13	-0.0528511
14	-1.87751
15	-10.2155
16	-8.73788
17	-7.39142
18	-2.14692
19	-6.30966
20	-1.73538
21	-3.03237
22	-4.15366
23	-3.74944
24	-1.24864
25	-8.84864
26	-1.79595
27	-3.18458
28	-2.97959
29	-7.11
30	-2.23783
31	-4.93854
32	-0.261556
33	-5.86039
34	-6.33348
35	-1.73944
36	-8.16138
37	-2.2469
38	-11.2517
39	-8.61938
40	-1.03686
41	-6.16681
42	-5.62958
43	-1.28044
44	-2.34541
45	-1.94985
46	-6.94113
47	-6.99626
48	-1.42374
49	-13.7698
50	-15.2279
51	-8.93218
52	-17.0966
53	-0.993065
54	-2.51844
55	-7.98655
56	-7.48362
57	-2.44613
58	-1.38602
59	-1.37134
60	-6.86645
61	-4.40397
62	-2.82884
63	-1.64948
64	-5.74463
65	-2.24576
66	-0.326021
67	-7.78967
68	-2.33663
69	-2.46172
70	-2.38504
71	-9.65866
72	-1.33059
73	-5.49791
74	-2.07721
75	-6.42873
76	-2.80218
77	-5.9483
78	-7.8431
79	-14.6132
80	-1.86547
81	-5.22368
82	-5.13001
83	-3.7531
84	-4.79494
85	-4.08015
86	-14.2088
87	-0.802163
88	-4.97845
89	-7.59971
90	-3.34883
91	-10.3655
92	-16.4467
93	-1.55496
94	-2.0625
95	-2.72586
96	-1.81967
97	-1.39956
98	-3.73031
99	-11.5047
100	-26.4017
101	-1.24999
102	-6.24777
103	-2.2643
104	-0.393137
105	-13.9502
106	-6.57351
107	-1.22188
108	-2.72929
109	-9.75844
110	-2.62848
111	-18.8789
112	-1.44529
113	-0.814301
114	-6.59733
115	-0.876868
116	-2.71162
117	-4.63099
118	-11.9535
119	-12.0752
120	-0.239719
121	-2.58583
122	-7.4527
123	-2.44857
124	-1.52541
125	-1.99458
126	-3.01593
127	-5.23151
128	-20.8721
129	-3.08396
130	-2.50074
131	-3.1914
132	-1.68566
133	-2.63616
134	-11.0122
135	-0.86863
136	-16.4163
137	-0.138052
138	-5.35656
139	-0.300635
140	-1.50716
141	-2.4977
142	-0.846436
143	-2.60698
144	-0.902113
145	-1.33447
146	-16.5774
147	-9.30548
148	-1.30134
149	-0.832342
150	-1.72304
151	-1.60287
152	-2.19558
153	-1.57824
154	-2.76489
155	-1.69263
156	-7.73794
157	-14.4139
158	-2.17187
159	-1.063
160	-0.852183
161	-7.58587
162	-1.71317
163	-2.24959
164	-3.47887
165	-2.37597
166	-8.05036
167	-0.720947
168	-5.27927
169	-19.4623
170	-1.94276
171	-6.9553
172	-2.66704
173	-1.79655
174	-2.6066
175	-2.54734
176	-2.00914
177	-1.54774
178	-15.1305
179	-6.57573
180	-1.54321
181	-2.46597
182	-1.70674
183	-12.1695
184	-5.56413
185	-1.56414
186	-2.38859
187	-1.69169
188	-1.72042
189	-10.5123
190	-17.682
191	-0.9328
192	-4.82206
193	-7.58852
194	-2.35042
195	-11.5159
196	-0.56043
197	-2.13501
198	-0.864835
199	-6.13329
200	-14.8015
201	-1.6023
202	-1.5528
203	-0.808396
204	-7.7277
205	-6.37084
206	-1.36505
207	-0.508217
208	-1.71133
209	-1.599
210	-1.02278
211	-5.6346
212	-1.58819
213	-2.11782
214	-16.547
215	-2.73927
216	-1.76166
217	-5.2802
218	-3.47631
219	-1.02826
220	-1.2636
221	-8.06146
222	-3.33109
223	-2.61435
224	-6.55742
225	-3.62598
226	-2.71508
227	-10.7983
228	-2.27464
229	-0.841732
230	-5.94503
231	-7.30313
232	-2.81926
233	-4.03386
234	-2.3785
235	-1.04379
236	-7.14334
237	-9.49367
238	-1.30222
239	-1.91989
240	-6.69356
241	-9.97431
242	-2.30324
243	-7.98237
244	-5.92567
245	-12.1542
246	-10.2693
247	-6.64467
248	-8.38319
249	-1.57513
250	-5.92933
251	-2.15173
252	-6.45145
253	-12.8696
254	-1.70766
255	-0.86308
256	-2.69261
257	-10.2507
258	-5.52776
259	-7.55577
260	-19.6904
261	-2.14698
262	-2.00414
263	-3.63459
264	-7.37421
265	-10.1489
266	-15.1457
267	-3.12231
268	-4.41139
269	-2.16038
270	-1.86041
271	-2.34787
272	-0.826145
273	-0.810887
274	-5.7612
275	-1.5907
276	-2.62336
277	-1.61724
278	-2.44676
279	-0.999167
280	-7.11781
281	-0.87298
282	-2.23086
283	-4.79921
284	-4.38652
285	-1.80511
286	-10.2986
287	-3.93414
288	-6.42601
289	-6.18544
290	-7.19058
291	-6.41348
292	-4.22989
293	-12.8813
294	-13.7261
295	-1.60728
296	-1.3942
297	-1.99278
298	-9.74426
299	-1.56552
300	-10.3636
301	-20.2294
302	-3.02053
303	-1.65309
304	-1.89554
305	-1.38833
306	-6.74582
307	-2.73297
308	-9.08398
309	-6.16553
310	-9.00999
311	-5.25588
312	-10.3783
313	-6.42385
314	-2.15814
315	-7.33888
316	-2.38673
317	-1.69803
318	-7.61765
319	-9.69613
320	-0.826674
321	-10.0973
322	-1.7335
323	-6.94086
324	-1.3639
325	-1.30114
326	-2.55615
327	-1.45681
328	-7.93608
329	-6.05383
330	-0.131799
331	-0.692615
332	-1.65534
333	-5.28022
334	-1.75118
335	-6.57967
336	-3.83076
337	-1.66797
338	-1.09511
339	-11.1279
340	-10.4638
341	-13.2521
342	-7.50381
343	-3.07918
344	-23.4366
345	-8.12955
346	-2.06527
347	-6.0988
348	-1.72009
349	-1.6217
350	-3.94454
351	-0.932404
352	-10.3892
353	-21.7617
354	-1.80816
355	-1.85382
356	-5.37799
357	-15.1521
358	-16.6494
359	-21.2323
360	-2.2103
361	-1.70665
362	-1.54827
363	-10.8022
364	-7.48701
365	-10.0407
366	-1.64862
367	-2.37321
368	-2.02636
369	-0.907522
370	-2.9037
371	-2.94685
372	-3.66883
373	-5.87848
374	-2.75157
375	-3.78287
376	-6.29891
377	-18.533
378	-2.46236
379	-16.0243
380	-0.90008
381	-3.08045
382	-10.7589
383	-2.67377
384	-8.43086
385	-1.03786
386	-0.13155
387	-1.6974
388	-1.07457
389	-2.21362
390	-2.02752
391	-20.1902
392	-7.3913
393	-14.3556
394	-6.17982
395	-1.89299
396	-6.26499
397	-11.2877
398	-6.14215
399	-7.2214
400	-11.9267
401	-7.36084
402	-3.73032
403	-2.87963
404	-6.96712
405	-1.3685
406	-1.60687
407	-2.3215
408	-3.20121
409	-3.94039
410	-7.99364
411	-5.1732
412	-1.93793
413	-6.59002
414	-7.20469
415	-7.72477
416	-6.52548
417	-5.18889
418	-13.014
419	-2.32952
420	-3.64993
421	-15.6323
422	-2.21308
423	-7.61743
424	-3.98215
425	-2.77892
426	-9.80102
427	-5.87585
428	-3.8083
429	-9.6492
430	-5.39154
431	-16.1532
432	-4.03975
433	-10.2623
434	-13.7592
435	-5.43232
436	-7.95218
437	-16.6061
438	-3.7494
439	-2.22605
440	-2.70816
441	-1.74378
442	-10.7546
443	-1.00397
444	-2.36778
445	-1.18193
446	-5.12634
447	-2.96715
448	-0.9837
449	-1.29128
450	-15.9846
451	-8.16775
452	-12.9789
453	-10.7269
454	-11.6165
455	-7.52444
456	-8.55015
457	-2.37084
458	-1.45243
459	-14.0522
460	-4.45801
461	-2.61427
462	-1.67793
463	-6.64983
464	-5.04615
465	-1.29695
466	-9.87251
467	-2.93024
468	-1.32207
469	-1.16278
470	-7.30318
471	-1.52815
472	-3.50639
473	-4.3005
474	-6.2774
475	-1.86783
476	-2.9541
477	-1.52383
478	-8.49656
479	-2.775
480	-4.86577
481	-0.610784
482	-21.6616
483	-1.27591
484	-2.90462
485	-13.7982
486	-1.94781
487	-0.800905
488	-1.28398
489	-1.34249
490	-1.534
491	-1.37256
492	-0.959544
493	-2.03511
494	-1.62471
495	-12.577
496	-1.47933
497	-6.57078
498	-18.4412
