#SITE	SITE_LOG_LIKELIHOOD
1	-2.99491
2	-2.26285
3	-3.88264
4	-4.56319
5	-2.37081
6	-2.10586
7	-0.787077
8	-2.11095
9	-12.9116
10	-1.88734
11	-5.89958
12	-3.11609
13	-0.667741
14	-0.945381
15	-11.7277
16	-10.4217
17	-8.3881
18	-1.65151
19	-6.46909
20	-1.44769
21	-2.5078
22	-3.42124
23	-2.1134
24	-4.43099
25	-8.82895
26	-2.06604
27	-2.84346
28	-2.2887
29	-6.43964
30	-1.55984
31	-3.85009
32	-0.125776
33	-7.15245
34	-2.5651
35	-1.63295
36	-8.01887
37	-2.16769
38	-11.4305
39	-8.22276
40	-1.62275
41	-11.0154
42	-5.64103
43	-0.269411
44	-1.79962
45	-1.58208
46	-6.82183
47	-7.56612
48	-1.30359
49	-13.6437
50	-16.7611
51	-7.122
52	-17.8442
53	-0.85324
54	-3.68961
55	-8.9121
56	-7.20381
57	-1.49688
58	-1.79145
59	-1.33347
60	-6.6513
61	-2.25943
62	-1.75951
63	-1.1761
64	-5.64723
65	-2.28216
66	-0.855289
67	-7.25034
68	-2.6943
69	-2.52458
70	-1.93034
71	-9.36265
72	-1.43617
73	-1.80383
74	-2.07961
75	-6.22447
76	-2.30816
77	-3.29119
78	-7.07448
79	-14.5538
80	-5.72632
81	-6.94293
82	-1.82751
83	-2.41982
84	-2.75579
85	-2.78865
86	-12.2267
87	-0.852492
88	-1.69856
89	-7.44245
90	-3.90447
91	-9.45564
92	-16.2035
93	-1.53474
94	-2.06413
95	-2.7517
96	-1.31983
97	-2.44011
98	-1.9116
99	-12.8166
100	-20.1496
101	-5.23605
102	-4.44006
103	-2.00397
104	-0.415799
105	-13.4118
106	-6.76023
107	-1.21384
108	-3.12319
109	-6.0918
110	-2.94777
111	-17.3878
112	-0.991118
113	-0.992769
114	-6.27276
115	-0.916544
116	-1.91245
117	-8.02917
118	-12.7605
119	-13.8809
120	-0.090075
121	-3.13061
122	-5.56078
123	-2.26127
124	-1.40811
125	-3.24652
126	-2.61201
127	-9.1969
128	-18.46
129	-4.1887
130	-2.39186
131	-3.08929
132	-1.64613
133	-2.42498
134	-14.1757
135	-1.75132
136	-18.304
137	-0.72548
138	-5.68451
139	-0.20842
140	-3.88467
141	-2.94472
142	-1.30024
143	-2.67616
144	-2.17214
145	-1.3483
146	-15.5503
147	-9.48282
148	-1.32731
149	-0.857979
150	-1.69056
151	-1.65442
152	-2.21863
153	-2.86134
154	-2.09436
155	-1.83432
156	-7.7276
157	-13.957
158	-3.10254
159	-0.855541
160	-0.824597
161	-6.3392
162	-1.68183
163	-2.03688
164	-2.18056
165	-2.0676
166	-8.48196
167	-0.0792997
168	-7.6172
169	-19.6144
170	-1.94678
171	-7.57231
172	-2.62909
173	-1.9946
174	-2.65234
175	-1.92727
176	-2.34796
177	-1.57378
178	-15.2496
179	-6.62259
180	-1.54169
181	-2.4119
182	-2.5875
183	-12.4026
184	-5.6952
185	-1.53816
186	-1.76185
187	-1.58808
188	-1.63943
189	-9.02581
190	-18.8414
191	-2.081
192	-4.85845
193	-7.16901
194	-6.26024
195	-11.5099
196	-0.700792
197	-1.96274
198	-1.22039
199	-6.26465
200	-14.7229
201	-3.48699
202	-1.6547
203	-0.856785
204	-7.72863
205	-5.68049
206	-1.42287
207	-0.0776287
208	-1.67768
209	-1.56652
210	-0.856851
211	-1.39135
212	-1.55136
213	-2.13666
214	-17.9767
215	-4.01943
216	-1.72327
217	-2.88823
218	-1.84041
219	-0.940436
220	-1.139
221	-8.21549
222	-1.02264
223	-1.46564
224	-8.02018
225	-2.22148
226	-2.71072
227	-10.842
228	-4.29625
229	-0.859263
230	-5.60276
231	-9.50193
232	-2.12134
233	-2.12032
234	-3.10942
235	-0.870268
236	-9.47313
237	-9.02453
238	-0.547024
239	-2.27961
240	-6.24612
241	-9.94988
242	-2.26857
243	-7.46429
244	-5.88072
245	-16.4176
246	-10.2889
247	-8.71866
248	-7.64883
249	-1.57597
250	-7.66973
251	-1.79353
252	-6.64848
253	-17.885
254	-1.37409
255	-0.839806
256	-2.68164
257	-8.51887
258	-5.60879
259	-7.40836
260	-20.5207
261	-2.13234
262	-1.96945
263	-1.72058
264	-7.14931
265	-9.29277
266	-14.6072
267	-1.72888
268	-2.62204
269	-2.21227
270	-3.62911
271	-4.92882
272	-0.805271
273	-0.792598
274	-5.94419
275	-3.55627
276	-2.91858
277	-1.61312
278	-3.0517
279	-2.09639
280	-7.66528
281	-0.8512
282	-2.93032
283	-7.71713
284	-6.20943
285	-2.98544
286	-9.62374
287	-4.58176
288	-6.20012
289	-4.57146
290	-7.54905
291	-6.73668
292	-3.92964
293	-13.4786
294	-10.8891
295	-1.57733
296	-2.29006
297	-2.08979
298	-9.74615
299	-1.60455
300	-10.7783
301	-18.1759
302	-2.4267
303	-2.33308
304	-1.80749
305	-2.10395
306	-7.67449
307	-2.70147
308	-7.95512
309	-3.12903
310	-8.70675
311	-3.94229
312	-16.5825
313	-6.7482
314	-2.35394
315	-8.51903
316	-2.56773
317	-1.6753
318	-8.19147
319	-11.1581
320	-0.843139
321	-10.3884
322	-1.91983
323	-6.47691
324	-1.39475
325	-1.32294
326	-2.50042
327	-1.7616
328	-8.01565
329	-8.03747
330	-1.00511
331	-1.40729
332	-2.32021
333	-6.3724
334	-1.18261
335	-8.69208
336	-2.05105
337	-2.20008
338	-2.04274
339	-10.827
340	-10.5079
341	-12.8008
342	-6.17315
343	-2.58723
344	-23.6219
345	-9.30961
346	-2.84605
347	-6.05486
348	-3.22546
349	-1.6945
350	-3.91956
351	-1.14977
352	-11.0041
353	-24.9512
354	-2.29308
355	-1.67697
356	-5.43248
357	-16.4803
358	-16.7136
359	-25.4918
360	-2.16937
361	-1.68925
362	-1.55423
363	-9.97198
364	-5.96313
365	-9.56445
366	-1.93111
367	-2.19163
368	-2.74596
369	-0.862334
370	-2.21436
371	-4.66925
372	-1.66411
373	-3.14355
374	-3.11794
375	-6.5066
376	-6.34106
377	-18.5976
378	-3.8079
379	-17.3564
380	-1.23228
381	-3.04538
382	-10.6642
383	-2.46241
384	-9.77112
385	-1.25167
386	-1.09417
387	-2.82848
388	-1.23336
389	-2.41392
390	-2.14641
391	-19.9515
392	-7.29921
393	-14.5291
394	-6.19762
395	-2.4238
396	-5.86854
397	-10.7014
398	-5.76793
399	-3.44768
400	-11.0691
401	-2.46448
402	-2.83388
403	-2.93147
404	-6.89038
405	-1.33916
406	-2.12613
407	-1.96606
408	-7.44813
409	-1.48098
410	-6.18588
411	-1.90312
412	-1.34885
413	-6.59245
414	-7.12997
415	-1.48764
416	-6.4661
417	-3.10666
418	-12.1999
419	-4.32925
420	-1.15403
421	-10.09
422	-2.49292
423	-5.95638
424	-2.65116
425	-1.44028
426	-11.3712
427	-1.68831
428	-2.88077
429	-7.19532
430	-8.82904
431	-16.7971
432	-2.80736
433	-8.42512
434	-13.5133
435	-5.49352
436	-8.00365
437	-17.1215
438	-2.75541
439	-1.35
440	-0.7936
441	-1.68774
442	-12.4866
443	-0.839096
444	-2.03955
445	-1.71791
446	-2.6177
447	-2.2702
448	-1.02704
449	-0.874542
450	-14.2482
451	-3.69646
452	-15.2992
453	-10.1122
454	-10.1031
455	-3.83831
456	-3.99073
457	-2.12243
458	-1.37479
459	-10.3982
460	-2.85622
461	-2.75482
462	-1.53341
463	-5.82819
464	-5.07743
465	-1.38921
466	-7.24466
467	-3.74014
468	-1.40274
469	-0.972302
470	-1.3467
471	-1.6003
472	-4.5008
473	-6.05313
474	-6.08019
475	-1.99396
476	-2.1644
477	-1.54946
478	-8.51941
479	-1.3467
480	-2.37038
481	-1.23716
482	-19.0748
483	-1.03518
484	-1.47438
485	-11.111
486	-1.97126
487	-0.814215
488	-1.33957
489	-1.3412
490	-1.61413
491	-1.42731
492	-1.42258
493	-1.66506
494	-1.77597
495	-11.8728
496	-2.80559
497	-5.59915
498	-21.3636
