#SITE	SITE_LOG_LIKELIHOOD
1	-0.497626
2	-3.37721
3	-6.64525
4	-8.28013
5	-4.54774
6	-3.30454
7	-1.86393
8	-3.55068
9	-3.65595
10	-3.68297
11	-13.8256
12	-13.9294
13	-0.0502588
14	-6.25337
15	-3.33881
16	-18.4136
17	-5.82716
18	-18.2903
19	-3.80415
20	-2.97852
21	-8.66841
22	-30.6011
23	-8.86563
24	-14.3215
25	-7.01336
26	-9.44892
27	-14.5277
28	-4.32813
29	-7.79069
30	-17.3042
31	-20.0603
32	-0.256635
33	-21.6385
34	-20.3098
35	-10.568
36	-18.0672
37	-18.0781
38	-15.5413
39	-17.7712
40	-4.70486
41	-5.42074
42	-5.478
43	-1.39473
44	-11.9436
45	-11.4316
46	-2.06568
47	-6.76192
48	-8.1662
49	-7.4893
50	-29.4435
51	-15.575
52	-16.2183
53	-8.58338
54	-11.7007
55	-23.4173
56	-9.59766
57	-21.7446
58	-13.279
59	-4.28245
60	-8.39305
61	-8.33719
62	-4.46194
63	-7.70461
64	-11.7802
65	-5.404
66	-0.340337
67	-11.1562
68	-11.2084
69	-17.8089
70	-7.18263
71	-6.63289
72	-7.86307
73	-14.8628
74	-8.57263
75	-6.46867
76	-12.3835
77	-21.0913
78	-6.25856
79	-8.91132
80	-5.61472
81	-9.04062
82	-20.4472
83	-5.28981
84	-15.1059
85	-37.4159
86	-7.78
87	-13.0821
88	-22.6096
89	-30.5556
90	-5.82685
91	-17.3231
92	-13.7364
93	-12.1211
94	-7.1901
95	-3.73931
96	-17.4908
97	-12.108
98	-31.4831
99	-13.6677
100	-15.7268
101	-15.7865
102	-32.3032
103	-7.97588
104	-0.296611
105	-28.8985
106	-13.3423
107	-12.9814
108	-18.2903
109	-23.0546
110	-16.3691
111	-11.5518
112	-18.0064
113	-8.98739
114	-12.0566
115	-16.6811
116	-5.09193
117	-15.3329
118	-18.52
119	-16.5351
120	-0.167498
121	-9.64327
122	-4.9425
123	-22.8456
124	-14.4341
125	-9.79789
126	-8.41392
127	-15.1332
128	-17.7006
129	-7.49334
130	-14.0939
131	-9.94807
132	-3.04156
133	-13.4851
134	-17.6447
135	-14.0251
136	-21.3917
137	-0.159921
138	-18.9513
139	-0.219033
140	-4.98847
141	-5.89169
142	-19.6766
143	-26.5091
144	-8.72002
145	-5.18032
146	-9.74891
147	-14.4768
148	-12.6972
149	-5.72611
150	-9.63989
151	-5.26975
152	-11.478
153	-25.9272
154	-13.8579
155	-9.63115
156	-21.2384
157	-12.0746
158	-15.2199
159	-1.17422
160	-8.55147
161	-13.4576
162	-19.4019
163	-3.89631
164	-13.3222
165	-10.4122
166	-18.5842
167	-0.782559
168	-2.21531
169	-19.9122
170	-7.25536
171	-2.95056
172	-9.58477
173	-14.2073
174	-11.3782
175	-17.1037
176	-19.5244
177	-11.9607
178	-7.0938
179	-5.1825
180	-12.7616
181	-7.67286
182	-6.1153
183	-19.2364
184	-11.4236
185	-18.1204
186	-23.6606
187	-12.754
188	-16.8621
189	-3.77224
190	-24.041
191	-1.01386
192	-14.6318
193	-39.5085
194	-18.0525
195	-6.87176
196	-0.612427
197	-10.9081
198	-22.0809
199	-20.5381
200	-14.038
201	-21.2077
202	-8.85148
203	-17.0674
204	-5.7352
205	-20.1053
206	-2.53007
207	-0.388427
208	-3.02061
209	-17.3642
210	-2.15555
211	-18.7672
212	-14.5249
213	-16.7639
214	-27.4311
215	-8.09578
216	-21.9543
217	-15.856
218	-28.8139
219	-7.70463
220	-10.9939
221	-10.1856
222	-4.1391
223	-5.65954
224	-6.29478
225	-13.5686
226	-13.5266
227	-13.2348
228	-7.39347
229	-5.45497
230	-12.2895
231	-7.22329
232	-4.54189
233	-9.495
234	-11.6335
235	-2.09179
236	-18.8587
237	-3.44765
238	-1.47782
239	-3.11332
240	-10.938
241	-22.9116
242	-9.77453
243	-29.7415
244	-11.8083
245	-6.07548
246	-18.6527
247	-9.33579
248	-7.15624
249	-11.5803
250	-2.06783
251	-8.05626
252	-5.05192
253	-2.65421
254	-5.50152
255	-11.4527
256	-15.8257
257	-22.5085
258	-16.245
259	-26.3585
260	-3.71883
261	-27.7428
262	-3.37013
263	-11.2649
264	-4.37984
265	-17.8961
266	-11.0983
267	-14.6529
268	-14.7881
269	-3.63796
270	-6.53761
271	-14.6915
272	-14.5363
273	-6.34903
274	-6.94185
275	-8.61952
276	-26.8326
277	-11.3471
278	-6.45394
279	-8.51125
280	-31.2323
281	-16.5583
282	-6.39615
283	-16.2102
284	-13.9528
285	-22.0697
286	-7.73706
287	-11.3523
288	-3.94442
289	-24.6203
290	-5.68651
291	-5.82321
292	-18.6096
293	-19.71
294	-33.4089
295	-22.2951
296	-11.8283
297	-10.3323
298	-20.9266
299	-18.6149
300	-13.3767
301	-18.3288
302	-16.3799
303	-2.97981
304	-3.2265
305	-6.78897
306	-13.3877
307	-11.4868
308	-11.2992
309	-12.2274
310	-16.0094
311	-23.1696
312	-25.4613
313	-14.1698
314	-15.4707
315	-12.5145
316	-9.541
317	-8.42565
318	-8.6185
319	-12.1339
320	-7.82018
321	-9.0603
322	-12.1367
323	-4.31511
324	-12.371
325	-7.80992
326	-16.0814
327	-14.3301
328	-25.5545
329	-11.2088
330	-0.0945607
331	-6.61445
332	-8.59366
333	-13.975
334	-19.0293
335	-15.494
336	-9.27516
337	-6.93258
338	-5.32918
339	-12.2871
340	-4.90967
341	-11.865
342	-14.5218
343	-21.7025
344	-18.6489
345	-14.616
346	-9.76324
347	-3.48653
348	-17.8618
349	-27.1947
350	-11.6328
351	-22.5916
352	-13.8479
353	-20.9466
354	-10.3106
355	-8.93137
356	-14.2977
357	-25.05
358	-27.0977
359	-6.10325
360	-8.97399
361	-2.98742
362	-5.16898
363	-9.47013
364	-10.5
365	-10.6301
366	-21.7866
367	-3.77588
368	-3.519
369	-11.7111
370	-7.50972
371	-8.29456
372	-17.7184
373	-12.0625
374	-2.05917
375	-8.57765
376	-11.7761
377	-27.0518
378	-11.0748
379	-16.3689
380	-4.40054
381	-21.3231
382	-28.0945
383	-7.76487
384	-13.6381
385	-11.9209
386	-0.0930263
387	-5.99142
388	-1.39535
389	-12.807
390	-9.13306
391	-14.5821
392	-17.6323
393	-8.38867
394	-5.48565
395	-8.25805
396	-15.4453
397	-17.5715
398	-29.9132
399	-15.7531
400	-22.5632
401	-14.6381
402	-12.7756
403	-18.0221
404	-22.2172
405	-12.1147
406	-12.52
407	-15.809
408	-15.1444
409	-15.3673
410	-16.5906
411	-17.9365
412	-3.53303
413	-29.7797
414	-14.9707
415	-20.3369
416	-12.8405
417	-21.8792
418	-20.9138
419	-27.0481
420	-16.7503
421	-25.5606
422	-6.82092
423	-23.4946
424	-6.4206
425	-29.0012
426	-7.6193
427	-28.3891
428	-11.4477
429	-13.3767
430	-16.1322
431	-14.4021
432	-9.94787
433	-20.1229
434	-21.1235
435	-5.05849
436	-5.82433
437	-17.8083
438	-14.5891
439	-5.02035
440	-2.81279
441	-22.5989
442	-4.08859
443	-7.66931
444	-4.27694
445	-1.63103
446	-16.3338
447	-4.63372
448	-1.25507
449	-10.6326
450	-17.3312
451	-13.9626
452	-22.0328
453	-21.4214
454	-16.211
455	-15.7523
456	-15.9207
457	-12.8574
458	-2.65001
459	-11.9742
460	-9.70675
461	-4.00828
462	-8.68003
463	-8.19423
464	-2.47307
465	-2.44271
466	-14.4391
467	-7.26812
468	-2.46552
469	-2.26147
470	-13.9261
471	-9.99369
472	-6.49383
473	-6.70344
474	-3.80529
475	-3.24896
476	-5.41851
477	-2.84977
478	-4.18661
479	-5.02525
480	-6.67027
481	-0.684489
482	-28.8095
483	-21.5089
484	-16.9155
485	-14.9063
486	-3.28793
487	-1.87257
488	-2.43042
489	-6.841
490	-2.86767
491	-2.54396
492	-8.11175
493	-3.46934
494	-2.99419
495	-12.6808
496	-2.98721
497	-12.7045
498	-7.31497
