SITE	RMSD_BETWEEN	RMSD_WITHIN	RMSD_CORRECTED
2	0.243003	0.232708	0.010295
3	0.553132	0.540184	0.012948
4	0.393954	0.394931	-0.000977
5	0.533548	0.472254	0.061293
6	0.250075	0.139397	0.110678
7	0.238854	0.169883	0.068971
8	0.239995	0.198488	0.041507
9	0.506886	0.499847	0.007039
10	0.549769	0.478667	0.071102
11	0.412096	0.427654	-0.015559
12	0.507850	0.518683	-0.010833
13	0.429657	0.358534	0.071123
14	0.722429	0.702984	0.019445
15	0.515031	0.480422	0.034608
16	0.457532	0.440032	0.017500
17	0.543239	0.516678	0.026562
18	0.457869	0.417440	0.040430
19	0.355112	0.286597	0.068515
20	0.440097	0.307340	0.132757
21	0.622266	0.548864	0.073403
22	0.495353	0.390412	0.104941
23	0.465833	0.414946	0.050887
24	0.437221	0.406968	0.030253
25	0.675074	0.545003	0.130071
26	0.508437	0.485497	0.022940
27	0.570138	0.497612	0.072526
28	0.603974	0.480857	0.123117
29	0.456798	0.393742	0.063055
30	0.670527	0.693003	-0.022476
31	0.493739	0.446852	0.046886
32	0.556173	0.452074	0.104099
33	0.548198	0.503229	0.044969
34	0.507362	0.489559	0.017804
35	0.392442	0.344967	0.047475
36	0.613651	0.559117	0.054534
37	0.512604	0.433704	0.078900
38	0.442013	0.429983	0.012031
39	0.616106	0.528954	0.087152
40	0.459006	0.412061	0.046946
41	0.524149	0.439548	0.084601
42	0.375676	0.362249	0.013427
43	0.560990	0.583820	-0.022829
44	0.592944	0.532421	0.060524
45	0.562055	0.458157	0.103898
46	0.481866	0.434681	0.047185
47	0.545359	0.519446	0.025912
48	0.570051	0.568238	0.001813
49	0.543639	0.430926	0.112713
50	0.495784	0.463352	0.032432
51	0.523829	0.461358	0.062471
52	0.565685	0.574324	-0.008639
53	0.531893	0.466714	0.065178
54	0.398619	0.341181	0.057438
55	0.496897	0.452691	0.044206
56	0.503658	0.431343	0.072315
57	0.435271	0.423224	0.012047
58	0.420776	0.357940	0.062835
59	0.457767	0.393647	0.064120
60	0.475737	0.456320	0.019418
61	0.607608	0.578425	0.029183
62	0.520990	0.387922	0.133069
63	0.608955	0.615004	-0.006049
64	0.362989	0.315455	0.047535
65	0.344079	0.300942	0.043136
66	0.406918	0.391743	0.015175
67	0.500328	0.529367	-0.029039
68	0.452536	0.457515	-0.004978
69	0.340503	0.325508	0.014995
70	0.448002	0.392056	0.055946
71	0.532787	0.465640	0.067147
72	0.397071	0.329204	0.067867
73	0.619603	0.547882	0.071721
74	0.508389	0.477979	0.030410
75	0.475988	0.427864	0.048124
76	0.603887	0.585031	0.018856
77	0.569024	0.544053	0.024971
78	0.547140	0.508860	0.038280
79	0.368205	0.353975	0.014229
80	0.423543	0.408830	0.014713
81	0.390695	0.326597	0.064098
82	0.446104	0.425452	0.020652
83	0.522586	0.377420	0.145166
84	0.547678	0.481693	0.065985
85	0.551745	0.516001	0.035744
86	0.536384	0.437346	0.099038
87	0.247048	0.219541	0.027506
88	0.562679	0.424869	0.137810
89	0.404522	0.295262	0.109260
90	0.479907	0.425677	0.054230
91	0.410618	0.285216	0.125401
92	0.354572	0.306907	0.047665
93	0.380249	0.371485	0.008764
94	0.303429	0.277452	0.025978
95	0.554903	0.524452	0.030451
96	0.434322	0.356618	0.077704
97	0.459982	0.410090	0.049891
98	0.464714	0.459900	0.004813
99	0.466155	0.449213	0.016942
100	0.580165	0.508755	0.071409
101	0.388418	0.393431	-0.005013
102	0.480324	0.474939	0.005385
103	0.466386	0.423798	0.042589
104	0.455420	0.340067	0.115354
105	0.560149	0.530231	0.029918
106	0.389613	0.349880	0.039733
107	0.468067	0.494351	-0.026284
108	0.441760	0.436563	0.005197
109	0.579044	0.552900	0.026145
110	0.412980	0.418364	-0.005384
111	0.631795	0.573723	0.058072
112	0.453845	0.408078	0.045767
113	0.282151	0.238134	0.044017
114	0.524812	0.471358	0.053454
115	0.394619	0.368841	0.025778
116	0.459993	0.427309	0.032684
117	0.519555	0.506734	0.012820
118	0.445999	0.417545	0.028454
119	0.542868	0.445633	0.097235
120	0.408055	0.397798	0.010256
121	0.519571	0.479417	0.040154
122	0.574046	0.542893	0.031154
123	0.401272	0.381942	0.019330
124	0.478199	0.443238	0.034961
125	0.488765	0.475615	0.013150
126	0.491528	0.442896	0.048631
127	0.524423	0.531846	-0.007424
128	0.594137	0.538628	0.055509
129	0.489541	0.487014	0.002527
130	0.500343	0.501186	-0.000844
131	0.460376	0.410864	0.049512
132	0.445818	0.360870	0.084949
133	0.424746	0.391141	0.033605
134	0.347612	0.329992	0.017620
135	0.390816	0.348210	0.042605
136	0.486324	0.459908	0.026416
137	0.375424	0.346947	0.028477
138	0.321776	0.282086	0.039691
139	0.409429	0.371711	0.037718
140	0.389477	0.390263	-0.000787
141	0.387234	0.313514	0.073720
142	0.346766	0.332428	0.014338
143	0.437237	0.411627	0.025610
144	0.404881	0.368518	0.036364
145	0.375566	0.327855	0.047711
146	0.541576	0.481451	0.060125
147	0.342621	0.317871	0.024750
148	0.264919	0.250376	0.014544
149	0.321057	0.280501	0.040556
150	0.353163	0.325617	0.027546
151	0.400024	0.306342	0.093683
152	0.362298	0.342266	0.020032
153	0.338852	0.298835	0.040016
154	0.397930	0.400533	-0.002603
155	0.409304	0.378998	0.030306
156	0.330537	0.293220	0.037316
157	0.488102	0.440127	0.047976
158	0.412296	0.415288	-0.002991
159	0.332354	0.349675	-0.017321
160	0.347574	0.348184	-0.000610
161	0.450489	0.394840	0.055649
162	0.336492	0.288086	0.048406
163	0.546250	0.523809	0.022441
164	0.475348	0.501493	-0.026145
165	0.494437	0.470509	0.023928
166	0.508272	0.498849	0.009423
167	0.387378	0.355489	0.031889
168	0.364842	0.352700	0.012142
169	0.382761	0.362629	0.020132
170	0.325502	0.307396	0.018107
171	0.399274	0.393600	0.005673
172	0.445663	0.437781	0.007882
173	0.410014	0.408945	0.001070
174	0.339259	0.307323	0.031937
175	0.497129	0.287697	0.209431
176	0.416321	0.367421	0.048900
177	0.318269	0.263545	0.054724
178	0.461876	0.428665	0.033211
179	0.329444	0.304100	0.025344
180	0.302148	0.277368	0.024780
181	0.563911	0.536479	0.027432
182	0.418480	0.405960	0.012520
183	0.388296	0.409075	-0.020779
184	0.369371	0.306891	0.062480
185	0.326691	0.271259	0.055432
186	0.571673	0.554215	0.017458
187	0.401250	0.309325	0.091925
188	0.352790	0.324347	0.028443
189	0.532824	0.432916	0.099908
190	0.398781	0.407461	-0.008680
191	0.408845	0.405604	0.003241
192	0.381692	0.367398	0.014293
193	0.610577	0.565988	0.044590
194	0.493304	0.453083	0.040221
195	0.321415	0.288594	0.032822
196	0.453142	0.381251	0.071891
197	0.507899	0.475630	0.032269
198	0.385802	0.361607	0.024195
199	0.333807	0.301676	0.032131
200	0.317829	0.279987	0.037843
201	0.514445	0.485533	0.028912
202	0.533428	0.393416	0.140012
203	0.306750	0.285122	0.021628
204	0.392293	0.394126	-0.001833
205	0.554562	0.528957	0.025605
206	0.438743	0.435590	0.003154
207	0.467776	0.407832	0.059944
208	0.374687	0.352524	0.022163
209	0.374506	0.384555	-0.010049
210	0.437073	0.450742	-0.013669
211	0.653518	0.622630	0.030889
212	0.341681	0.288481	0.053200
213	0.341901	0.355510	-0.013609
214	0.537455	0.467268	0.070187
215	0.524625	0.422478	0.102147
216	0.377541	0.358312	0.019229
217	0.526426	0.497265	0.029160
218	0.514528	0.527267	-0.012739
219	0.409472	0.429566	-0.020094
220	0.546691	0.510777	0.035913
221	0.406139	0.271408	0.134730
222	0.582499	0.506756	0.075742
223	0.485107	0.409664	0.075443
224	0.457146	0.395804	0.061342
225	0.563172	0.576746	-0.013574
226	0.274835	0.294378	-0.019543
227	0.277075	0.263278	0.013797
228	0.407609	0.351488	0.056121
229	0.350854	0.283596	0.067258
230	0.585312	0.490055	0.095257
231	0.586592	0.498012	0.088581
232	0.581495	0.599158	-0.017662
233	0.549911	0.474851	0.075060
234	0.528359	0.456997	0.071362
235	0.494763	0.460256	0.034506
236	0.415462	0.403189	0.012273
237	0.442440	0.472877	-0.030437
238	0.470700	0.417649	0.053051
239	0.465471	0.372616	0.092854
240	0.545268	0.527854	0.017414
241	0.347105	0.308681	0.038424
242	0.451475	0.350466	0.101009
243	0.405946	0.363879	0.042067
244	0.349589	0.363514	-0.013925
245	0.453571	0.382411	0.071160
246	0.510166	0.460815	0.049351
247	0.580230	0.534438	0.045792
248	0.578593	0.585426	-0.006832
249	0.361407	0.315283	0.046125
250	0.410018	0.424301	-0.014284
251	0.448100	0.395508	0.052591
252	0.365278	0.314404	0.050873
253	0.383238	0.321716	0.061522
254	0.285000	0.211020	0.073980
255	0.379799	0.326970	0.052829
256	0.556127	0.506578	0.049549
257	0.454889	0.450358	0.004531
258	0.343180	0.308511	0.034669
259	0.508829	0.458423	0.050406
260	0.403246	0.373670	0.029576
261	0.264143	0.240039	0.024104
262	0.448388	0.389473	0.058915
263	0.547247	0.546313	0.000935
264	0.480605	0.476328	0.004276
265	0.501837	0.493632	0.008204
266	0.458989	0.456539	0.002450
267	0.438842	0.398648	0.040194
268	0.504209	0.470860	0.033349
269	0.463729	0.412153	0.051576
270	0.436275	0.405497	0.030778
271	0.483213	0.413407	0.069807
272	0.315137	0.225281	0.089856
273	0.340864	0.262771	0.078093
274	0.417826	0.275389	0.142437
275	0.406470	0.373582	0.032888
276	0.467197	0.344059	0.123138
277	0.388277	0.336654	0.051623
278	0.456982	0.426328	0.030654
279	0.377149	0.330157	0.046991
280	0.449283	0.369067	0.080216
281	0.344996	0.285988	0.059008
282	0.338788	0.362321	-0.023532
283	0.545813	0.460134	0.085678
284	0.720969	0.692377	0.028592
285	0.519905	0.389845	0.130061
286	0.516549	0.450653	0.065896
287	0.503705	0.335434	0.168271
288	0.482255	0.383151	0.099104
289	0.541518	0.450069	0.091449
290	0.447008	0.396239	0.050768
291	0.504530	0.459113	0.045417
292	0.641119	0.532054	0.109065
293	0.569548	0.563025	0.006523
294	0.592404	0.575909	0.016496
295	0.271186	0.223486	0.047700
296	0.439797	0.413145	0.026652
297	0.363776	0.318441	0.045335
298	0.303771	0.289216	0.014555
299	0.427632	0.390265	0.037367
300	0.329568	0.319581	0.009987
301	0.510755	0.490106	0.020649
302	0.565264	0.540408	0.024856
303	0.474220	0.468828	0.005392
304	0.442536	0.432662	0.009873
305	0.430999	0.394119	0.036880
306	0.501019	0.485612	0.015407
307	0.557217	0.487888	0.069330
308	0.715224	0.598502	0.116723
309	0.573546	0.510402	0.063144
310	0.544111	0.545459	-0.001348
311	0.477462	0.444983	0.032479
312	0.543913	0.587689	-0.043776
313	0.390246	0.352797	0.037449
314	0.447867	0.335986	0.111881
315	0.470396	0.482144	-0.011748
316	0.464531	0.442454	0.022076
317	0.324312	0.308162	0.016150
318	0.509135	0.445063	0.064072
319	0.569269	0.549629	0.019640
320	0.308841	0.287266	0.021575
321	0.520284	0.466787	0.053497
322	0.421133	0.440836	-0.019702
323	0.485063	0.451037	0.034025
324	0.358769	0.302377	0.056392
325	0.288351	0.240144	0.048207
326	0.319172	0.251523	0.067649
327	0.411497	0.381640	0.029856
328	0.457338	0.399907	0.057431
329	0.430320	0.385492	0.044828
330	0.345391	0.320932	0.024458
331	0.360048	0.349996	0.010052
332	0.374854	0.344932	0.029922
333	0.485332	0.424536	0.060796
334	0.504972	0.519408	-0.014436
335	0.365867	0.378703	-0.012836
336	0.477883	0.418233	0.059650
337	0.435909	0.399215	0.036694
338	0.558355	0.497286	0.061069
339	0.361385	0.400578	-0.039193
340	0.422003	0.378168	0.043835
341	0.511080	0.473109	0.037971
342	0.524667	0.525887	-0.001221
343	0.527002	0.526224	0.000778
344	0.420170	0.411179	0.008991
345	0.410226	0.377647	0.032579
346	0.486017	0.466913	0.019105
347	0.559848	0.535166	0.024682
348	0.321094	0.338913	-0.017819
349	0.398138	0.407681	-0.009543
350	0.624965	0.533871	0.091094
351	0.444206	0.449624	-0.005419
352	0.404270	0.381454	0.022815
353	0.666013	0.637179	0.028834
354	0.474175	0.449554	0.024621
355	0.292491	0.268526	0.023965
356	0.236173	0.230501	0.005671
357	0.327246	0.249893	0.077354
358	0.333247	0.296476	0.036771
359	0.592660	0.500316	0.092344
360	0.405846	0.418066	-0.012219
361	0.423085	0.392596	0.030489
362	0.292565	0.275080	0.017485
363	0.544856	0.543145	0.001712
364	0.713703	0.507253	0.206450
365	0.421092	0.451659	-0.030567
366	0.392751	0.384547	0.008204
367	0.576393	0.547613	0.028780
368	0.522005	0.524804	-0.002798
369	0.425255	0.418464	0.006791
370	0.564611	0.500538	0.064073
371	0.582118	0.506286	0.075831
372	0.435382	0.428471	0.006911
373	0.618408	0.571325	0.047083
374	0.515356	0.416662	0.098693
375	0.563844	0.443216	0.120628
376	0.497873	0.450691	0.047182
377	0.574586	0.507463	0.067123
378	0.445021	0.441495	0.003526
379	0.461291	0.407459	0.053832
380	0.467805	0.382538	0.085267
381	0.570664	0.497189	0.073475
382	0.550906	0.539070	0.011836
383	0.464297	0.398063	0.066235
384	0.475526	0.469519	0.006007
385	0.574058	0.494487	0.079572
386	0.363704	0.342503	0.021202
387	0.356537	0.342225	0.014312
388	0.394734	0.419965	-0.025230
389	0.356324	0.319665	0.036659
390	0.367135	0.314938	0.052197
391	0.269357	0.279734	-0.010377
392	0.289539	0.283833	0.005706
393	0.447223	0.433142	0.014081
394	0.325550	0.332230	-0.006681
395	0.398858	0.374189	0.024669
396	0.488502	0.442407	0.046095
397	0.522385	0.544284	-0.021900
398	0.525989	0.440947	0.085042
399	0.573096	0.569375	0.003721
400	0.350082	0.332284	0.017798
401	0.512709	0.499468	0.013242
402	0.509320	0.480326	0.028994
403	0.503854	0.384357	0.119497
404	0.469541	0.441119	0.028422
405	0.467377	0.478242	-0.010866
406	0.470597	0.458709	0.011889
407	0.545643	0.528547	0.017096
408	0.497071	0.445229	0.051841
409	0.503416	0.478662	0.024754
410	0.413149	0.336886	0.076263
411	0.407294	0.389480	0.017814
412	0.498030	0.453128	0.044901
413	0.285591	0.284783	0.000809
414	0.453132	0.434017	0.019115
415	0.572861	0.558397	0.014464
416	0.385412	0.368779	0.016634
417	0.592396	0.550323	0.042074
418	0.524885	0.522283	0.002602
419	0.407579	0.374929	0.032649
420	0.615510	0.624478	-0.008968
421	0.570931	0.584883	-0.013952
422	0.565245	0.581093	-0.015848
423	0.482498	0.474397	0.008101
424	0.517218	0.441077	0.076141
425	0.518527	0.473185	0.045342
426	0.549184	0.567488	-0.018304
427	0.674596	0.684587	-0.009991
428	0.454656	0.461692	-0.007036
429	0.394914	0.379843	0.015070
430	0.559987	0.491467	0.068520
431	0.542660	0.576137	-0.033477
432	0.553473	0.534770	0.018703
433	0.570363	0.499706	0.070657
434	0.433721	0.410926	0.022795
435	0.309498	0.312766	-0.003267
436	0.265047	0.253498	0.011549
437	0.513974	0.487854	0.026120
438	0.479908	0.390953	0.088955
439	0.648808	0.342158	0.306649
440	0.593994	0.641497	-0.047503
441	0.439286	0.386104	0.053181
442	0.492590	0.472187	0.020404
443	0.470719	0.421790	0.048929
444	0.532350	0.533011	-0.000661
445	0.441660	0.394538	0.047122
446	0.542190	0.550646	-0.008456
447	0.533942	0.549614	-0.015672
448	0.477562	0.446000	0.031561
449	0.541053	0.441254	0.099799
450	0.602874	0.605139	-0.002265
451	0.704945	0.655016	0.049929
452	0.501324	0.460941	0.040384
453	0.617816	0.605219	0.012597
454	0.547428	0.562424	-0.014996
455	0.464732	0.471555	-0.006823
456	0.541392	0.529478	0.011913
457	0.565197	0.513772	0.051424
458	0.461543	0.368641	0.092902
459	0.512248	0.494100	0.018149
460	0.516950	0.492015	0.024935
461	0.311460	0.281104	0.030356
462	0.527287	0.433396	0.093891
463	0.508590	0.433052	0.075538
464	0.495120	0.511184	-0.016064
465	0.390420	0.296728	0.093692
466	0.490143	0.493680	-0.003537
467	0.531379	0.530502	0.000876
468	0.399701	0.321895	0.077806
469	0.473312	0.391348	0.081965
470	0.339186	0.333567	0.005619
471	0.327394	0.270397	0.056997
472	0.500212	0.392935	0.107278
473	0.672374	0.618319	0.054055
474	0.620340	0.563900	0.056439
475	0.486768	0.348529	0.138238
476	0.513806	0.473839	0.039967
477	0.269600	0.251688	0.017912
478	0.541223	0.528176	0.013047
479	0.550612	0.519814	0.030798
480	0.605714	0.550353	0.055361
481	0.481600	0.468114	0.013486
482	0.486721	0.450943	0.035778
483	0.530149	0.395087	0.135061
484	0.561666	0.493198	0.068468
485	0.559459	0.535490	0.023969
486	0.386823	0.339078	0.047745
487	0.254594	0.238312	0.016282
488	0.269757	0.249651	0.020106
489	0.492309	0.468513	0.023796
490	0.330081	0.271382	0.058699
491	0.421969	0.394758	0.027211
492	0.458598	0.466615	-0.008017
493	0.624051	0.474664	0.149387
494	0.506343	0.490164	0.016179
495	0.575422	0.476212	0.099210
496	0.446468	0.432596	0.013873
497	0.595832	0.528415	0.067417
498	0.368891	0.358473	0.010418
