#SITE	SITE_LOG_LIKELIHOODS
1	-4.282365903954982
2	-6.87084353698615
3	-14.46854241723758
4	-15.7700804292518
5	-6.794490053040565
6	-6.69513735247209
7	-5.770978110085808
8	-10.11552973960077
9	-21.53769717649664
10	-13.77400120964025
11	-15.88126826182563
12	-19.51681359737247
13	-4.282365903954982
14	-14.20124215474516
15	-12.61813762037043
16	-11.71575380136187
17	-13.0692505571545
18	-18.21250535746334
19	-6.466373907511576
20	-9.545682209439615
21	-13.46962065459449
22	-24.36469782027925
23	-15.14703234667887
24	-12.41668341969124
25	-16.40106104678067
26	-14.56155743216214
27	-15.99588981226063
28	-9.109664619113772
29	-27.9483795807073
30	-11.93837493280766
31	-24.03162670823766
32	-4.282365903954982
33	-17.64122378099833
34	-28.36674133518385
35	-9.939008141608138
36	-10.53617545906094
37	-21.80727246096204
38	-31.11432678509493
39	-10.03621705457397
40	-9.354675056372136
41	-16.53159476863983
42	-10.99256988360953
43	-4.282365903954982
44	-6.09307469064124
45	-12.01705132962567
46	-5.733067221872256
47	-11.80676722450531
48	-23.85710130521555
49	-14.52325284918819
50	-22.28142852987127
51	-23.37303834693902
52	-21.24494237098463
53	-19.97418846900637
54	-15.79161994251792
55	-17.45458737020274
56	-23.99945422668499
57	-15.6716867904825
58	-16.33626560980533
59	-12.61463550406839
60	-12.88252411880663
61	-12.48926873003233
62	-5.979982723836479
63	-4.59322787309495
64	-13.92272134751229
65	-10.81787647660719
66	-4.282365903954982
67	-17.47262350333102
68	-10.00990735683503
69	-11.45337633510479
70	-25.64523990905293
71	-12.19425025150952
72	-28.54604461706284
73	-17.72208529937586
74	-18.90997299793008
75	-12.79874831858245
76	-9.363304533528463
77	-10.21056919140937
78	-10.05794917688874
79	-21.50816126389129
80	-8.787282036391645
81	-22.11446186827345
82	-11.56811577423723
83	-16.64242594054983
84	-21.4211407531572
85	-14.0652081953344
86	-15.07877815176026
87	-17.84047831420241
88	-23.97079193345614
89	-15.31900812410805
90	-7.002144076744445
91	-5.770978110085808
92	-22.79601316927891
93	-6.060531329928205
94	-19.85892869161435
95	-9.565490012961659
96	-23.85727178499436
97	-17.93251969469656
98	-19.21864165096938
99	-33.31815914163076
100	-29.52781456423517
101	-24.48006574912032
102	-6.060531329928205
103	-21.03574261595561
104	-4.694648820484423
105	-15.86201910185494
106	-24.24676772342292
107	-18.3347595400938
108	-14.61491427097483
109	-43.1562100239515
110	-13.05625892700312
111	-5.690065182000327
112	-6.357333079268833
113	-5.770978110085808
114	-19.55778159213713
115	-9.612202513978749
116	-29.30226322437255
117	-6.858605499088944
118	-15.36451974297387
119	-25.79094181765558
120	-4.694648820484423
121	-22.1484952025379
122	-5.467586478709134
123	-26.89735258988782
124	-15.56311632569683
125	-5.875699656278589
126	-13.01789426979751
127	-31.95940453160297
128	-18.97113196792677
129	-27.69822012818155
130	-8.924806285571107
131	-15.28455771997112
132	-23.50690162899726
133	-20.91887749624581
134	-17.93800302399235
135	-24.7367010987923
136	-47.56467169770275
137	-4.282365903954982
138	-13.15228138121947
139	-4.694648820484423
140	-14.97878500948499
141	-12.37182806084873
142	-14.27110534529235
143	-35.74798346166621
144	-11.81945548048047
145	-11.98514778978088
146	-13.9452360562817
147	-27.82307995577263
148	-9.853295914665317
149	-11.28007294943302
150	-17.23559406634381
151	-5.979982723836479
152	-9.60720379334945
153	-22.4289841919631
154	-25.56796399839146
155	-10.9344677067995
156	-15.15254283724963
157	-17.43332657990504
158	-18.27322616829291
159	-4.282365903954982
160	-17.75699046013062
161	-6.437289475601719
162	-9.005526777007924
163	-4.282365903954982
164	-13.30355229532547
165	-24.96714907107393
166	-18.00736319756824
167	-4.282365903954982
168	-15.12832609146664
169	-18.50291496396639
170	-11.48409663133401
171	-17.3957442111308
172	-23.4085248029824
173	-17.68519284253874
174	-16.01437842867169
175	-11.93808658611798
176	-14.36819404936952
177	-25.96756444222027
178	-23.98782471221018
179	-11.15480548085223
180	-6.371487150603457
181	-14.17726745775891
182	-17.7835255841263
183	-20.67843712248708
184	-15.24060947637535
185	-11.66654795526659
186	-17.80121624159705
187	-14.10806979876239
188	-9.033487958232781
189	-28.25143528238848
190	-27.01184506087153
191	-4.282365903954982
192	-14.33396731130795
193	-43.10507993804686
194	-19.45433915945517
195	-16.10752310803573
196	-4.282365903954982
197	-8.625255429737328
198	-16.96440406114145
199	-11.70435553454556
200	-37.43781655756559
201	-15.46462890310711
202	-5.875699656278589
203	-12.51883876333771
204	-23.45729108331615
205	-16.18716099930766
206	-6.09090389758269
207	-4.694648820484423
208	-14.94486912182923
209	-11.31972588683137
210	-14.4969142223977
211	-9.060993008317675
212	-15.80501020881958
213	-31.85610874948
214	-21.19344100246283
215	-5.979982723836479
216	-18.25655132803983
217	-23.69983311417462
218	-17.06191072437095
219	-9.79303918579828
220	-12.7522721150277
221	-9.60720379334945
222	-4.282365903954982
223	-6.09307469064124
224	-13.12559668014997
225	-14.94631003252607
226	-21.53411652645195
227	-5.770978110085808
228	-24.19369706489266
229	-17.41206704913817
230	-18.64156121832669
231	-15.86246733014017
232	-5.979982723836479
233	-13.77032106244075
234	-33.96336826136166
235	-7.458624603501343
236	-16.05753431234551
237	-16.55871671783486
238	-4.282365903954982
239	-4.282365903954982
240	-15.14003669396766
241	-9.975187519644507
242	-15.51758988853901
243	-24.93027712606472
244	-9.069614098414103
245	-16.10792528208329
246	-25.84089541363039
247	-30.09170486783962
248	-24.32668347199052
249	-13.74276803508296
250	-17.3938121291362
251	-6.257391136325171
252	-16.08933972219782
253	-14.12302588967448
254	-5.733067221872256
255	-13.43402170633471
256	-37.39046005865659
257	-13.30285687372574
258	-10.39136121885807
259	-27.12238027392103
260	-5.94705646476866
261	-20.39205157262689
262	-17.47297877320031
263	-5.94705646476866
264	-36.31251610720714
265	-39.3287008209978
266	-20.45639697717511
267	-22.64475610348518
268	-21.70345844527997
269	-18.02136291897404
270	-16.95113798440812
271	-22.68710190509078
272	-22.7234981535818
273	-16.49520754427554
274	-33.43224155968909
275	-15.54488097571352
276	-25.05520098704556
277	-23.08380729194418
278	-21.08071041808259
279	-10.93010911089772
280	-23.25144549363576
281	-15.27892748451717
282	-14.22604512321574
283	-11.28925237694086
284	-20.44446682090994
285	-21.26024153415615
286	-35.20956888132775
287	-11.98024791101274
288	-20.62732861764887
289	-12.91251109972407
290	-10.23942552398319
291	-5.713932828254674
292	-18.78557659992612
293	-21.24615271756224
294	-10.67289758471831
295	-14.18411634626333
296	-15.17811070290073
297	-17.80971826297336
298	-22.94836382547142
299	-15.67700038089108
300	-12.05168248612905
301	-20.55075056689006
302	-10.64959070887859
303	-23.73689509402735
304	-16.50354473527822
305	-26.35460273835999
306	-29.98678403240676
307	-23.59119611767225
308	-10.36252068531311
309	-6.402938675200187
310	-23.35378704946223
311	-13.207043315627
312	-34.36267127286093
313	-14.30702227421642
314	-9.912071925206645
315	-15.95272102777812
316	-18.48490410682595
317	-12.04664308865954
318	-5.78952756698822
319	-17.26744462441853
320	-11.79478816846325
321	-10.21363321063186
322	-12.0069611053968
323	-35.15054251604712
324	-14.68950472365511
325	-11.28164407409544
326	-19.00314190762224
327	-12.13954638398616
328	-29.16063203588315
329	-25.61639314416287
330	-4.694648820484423
331	-13.43131567475234
332	-23.38062865837054
333	-18.06027050192058
334	-14.89684340898936
335	-6.111505878411539
336	-25.71541605286799
337	-14.7800233037904
338	-10.79782526929594
339	-12.25404886702374
340	-14.15303999231369
341	-14.13899719454992
342	-22.35109791810951
343	-31.70377096212151
344	-11.48409663133401
345	-25.28423588049335
346	-11.93595106814552
347	-7.958908381725588
348	-5.841407758588877
349	-18.33077203832211
350	-17.13197014643291
351	-22.22269741351876
352	-22.97525798056342
353	-35.81266294295962
354	-15.23163021632802
355	-17.60204300510044
356	-12.24202594997949
357	-38.81418049896087
358	-21.40215332129706
359	-10.7404519564823
360	-22.80848234239025
361	-5.841407758588877
362	-21.8481266421993
363	-29.83377396149733
364	-7.458624603501343
365	-6.158190623337695
366	-14.13666559620114
367	-15.45538330428559
368	-5.875699656278589
369	-11.74905932741693
370	-8.297384292100572
371	-28.83254410468347
372	-14.83668007307538
373	-40.06950416964747
374	-11.04129686899888
375	-12.83442168004347
376	-16.96935492158302
377	-21.17329942237802
378	-25.62773812104823
379	-24.16977932501897
380	-9.393392773666555
381	-39.80713036510811
382	-22.28392952044473
383	-9.892191820946808
384	-27.7172069619406
385	-10.85115339688595
386	-4.694648820484423
387	-8.087208599651307
388	-9.596338903314441
389	-12.87619193562029
390	-13.2242737165291
391	-17.17291697839783
392	-17.7983479153283
393	-12.03217604753682
394	-11.5709835943011
395	-8.297384292100572
396	-15.3576687530222
397	-36.38625886291926
398	-21.33557968752354
399	-16.71560275533434
400	-35.02133727182613
401	-8.390371137241573
402	-23.57883997086508
403	-24.18213835543893
404	-11.34991491921794
405	-17.0334733805854
406	-6.606829336258251
407	-10.67299870428043
408	-16.29210305003951
409	-12.34414196121133
410	-11.82302195807778
411	-8.924806285571107
412	-9.730386928619643
413	-12.97751672835044
414	-16.72731873437642
415	-20.43928807669802
416	-23.99518003363298
417	-9.053580035731297
418	-22.66985756125028
419	-19.82456072687984
420	-7.567807939634701
421	-19.7853111214574
422	-17.24557134702805
423	-19.72757621195884
424	-21.19752646005503
425	-23.66094902815698
426	-14.94756459334795
427	-11.63398736316853
428	-22.30862353438759
429	-11.5135480737059
430	-46.28875686872281
431	-20.59545290191913
432	-13.104118755165
433	-26.14204400451779
434	-12.76469503029666
435	-14.10080277118812
436	-39.15600570859259
437	-8.373235692376067
438	-15.18434803765804
439	-15.22387954828969
440	-4.282365903954982
441	-23.68685590380777
442	-28.04619800627701
443	-18.96680108196131
444	-29.09678095655504
445	-4.59322787309495
446	-19.38315920921802
447	-11.50655851873564
448	-4.282365903954982
449	-5.733067221872256
450	-23.22402016378997
451	-9.208460278732018
452	-49.40250641655819
453	-8.704240980769123
454	-9.209455123902469
455	-9.480114229917334
456	-19.06576568513504
457	-30.93620135012548
458	-6.09090389758269
459	-6.377472303456072
460	-7.066140684878607
461	-6.835854055825128
462	-6.060531329928205
463	-6.77445041541573
464	-6.09090389758269
465	-6.921138147428429
466	-13.17916763651516
467	-15.60818530564106
468	-6.357333079268833
469	-15.87041128211302
470	-15.43722701637388
471	-5.94705646476866
472	-6.931781624625903
473	-26.03006191857625
474	-14.38456822767985
475	-6.606829336258251
476	-7.042711777925235
477	-12.1234195618028
478	-6.446599576784264
479	-5.713932828254674
480	-6.357333079268833
481	-4.282365903954982
482	-17.25183677037265
483	-11.78066719270681
484	-16.89934696985101
485	-12.1456281019808
486	-6.111505878411539
487	-5.690065182000327
488	-6.09090389758269
489	-10.13848245886204
490	-6.060531329928205
491	-6.357333079268833
492	-14.08576172735543
493	-5.94705646476866
494	-6.921138147428429
495	-8.642169107433499
496	-5.690065182000327
497	-23.69751112387401
498	-18.34019703773578
