SITE	RMSD_probability
2	0.211957746
3	0.104879276
4	0.062189135
5	0.182498994
6	0.114436620
7	0.153008048
8	0.077509054
9	0.087585513
10	0.224837022
11	0.395243461
12	0.018360161
13	0.183889336
14	0.139152918
15	0.005587525
16	0.703599598
17	0.651979879
18	0.798708249
19	0.048112676
20	0.155209256
21	0.436975855
22	0.055062374
23	0.126786720
24	0.011581489
25	0.020428571
26	0.979360161
27	0.527959759
28	0.354682093
29	0.449772636
30	0.000291751
31	0.544084507
32	0.004213280
33	0.778259557
34	0.049734406
35	0.052871227
36	0.005653924
37	0.177100604
38	0.746774648
39	0.330814889
40	0.648233400
41	0.773917505
42	0.387633803
43	0.020851107
44	0.750521127
45	0.014120724
46	0.014030181
47	0.348054326
48	0.656881288
49	0.001855131
50	0.802414487
51	0.130937626
52	0.237790744
53	0.006792757
54	0.235702213
55	0.985205231
56	0.003112676
57	0.128052314
58	0.166661972
59	0.000195171
60	0.155177062
61	0.038126761
62	0.024213280
63	0.100144869
64	0.008261569
65	0.410062374
66	0.176533199
67	0.284064386
68	0.623551308
69	0.265195171
70	0.611158954
71	0.073283702
72	0.025382294
73	0.004513078
74	0.769818913
75	0.051853119
76	0.058641851
77	0.189110664
78	0.001006036
79	0.555839034
80	0.000076459
81	0.001879276
82	0.003736419
83	0.010148893
84	0.219319920
85	0.612076459
86	0.013118712
87	0.280839034
88	0.010509054
89	0.002515091
90	0.148366197
91	0.248058350
92	0.015006036
93	0.010201207
94	0.014460765
95	0.600919517
96	0.343158954
97	0.101014085
98	0.028354125
99	0.097816901
100	0.620313883
101	0.005368209
102	0.006643863
103	0.217724346
104	0.490557344
105	0.304050302
106	0.444251509
107	0.282788732
108	0.533525151
109	0.042537223
110	0.282303823
111	0.000428571
112	0.062354125
113	0.364533199
114	0.514046278
115	0.155919517
116	0.000263581
117	0.614776660
118	0.297344064
119	0.054209256
120	0.007251509
121	0.809476861
122	0.538967807
123	0.454126761
124	0.262517103
125	0.860762575
126	0.568126761
127	0.891144869
128	0.430889336
129	0.249601610
130	0.066599598
131	0.140983903
132	0.048985915
133	0.005263581
134	0.001082495
135	0.039903421
136	0.953643863
137	0.509535211
138	0.421056338
139	0.131909457
140	0.082480885
141	0.216989940
142	0.039643863
143	0.182362173
144	0.203690141
145	0.042173038
146	0.114951710
147	0.562786720
148	0.001678068
149	0.595112676
150	0.067490946
151	0.538605634
152	0.130080483
153	0.001088531
154	0.001869215
155	0.329939638
156	0.065661972
157	0.471014085
158	0.170247485
159	0.354575453
160	0.105913481
161	0.025609658
162	0.099951710
163	0.791460765
164	0.010961771
165	0.001154930
166	0.063388330
167	0.080663984
168	0.089603622
169	0.348458753
170	0.768440644
171	0.047676056
172	0.254527163
173	0.868778672
174	0.273068410
175	0.420203219
176	0.002420523
177	0.540074447
178	0.350380282
179	0.590863179
180	0.402839034
181	0.470474849
182	0.236464789
183	0.088193159
184	0.253396378
185	0.335621730
186	0.048527163
187	0.192879276
188	0.476945674
189	0.117778672
190	0.035307847
191	0.384830986
192	0.270142857
193	0.079414487
194	0.001565392
195	0.119213280
196	0.116929577
197	0.054832998
198	0.281629779
199	0.325239437
200	0.283448692
201	0.006386318
202	0.065160966
203	0.457545272
204	0.010138833
205	0.048517103
206	0.633903421
207	0.307160966
208	0.304217304
209	0.489396378
210	0.551561368
211	0.225549296
212	0.077478873
213	0.587549296
214	0.053406439
215	0.004849095
216	0.272197183
217	0.000338028
218	0.073446680
219	0.467090543
220	0.002543260
221	0.441247485
222	0.030042254
223	0.003587525
224	0.357438632
225	0.414951710
226	0.197802817
227	0.153909457
228	0.001325956
229	0.421334004
230	0.013704225
231	0.984325956
232	0.900080483
233	0.406380282
234	0.708899396
235	0.065965795
236	0.056026157
237	0.449740443
238	0.296239437
239	0.188374245
240	0.046871227
241	0.237223340
242	0.116672032
243	0.004142857
244	0.149042254
245	0.086790744
246	0.253806841
247	0.030569416
248	0.000418511
249	0.290219316
250	0.097885312
251	0.482778672
252	0.081907445
253	0.000000000
254	0.000424547
255	0.116967807
256	0.212784708
257	0.000000000
258	0.203243461
259	0.503849095
260	0.155694165
261	0.130645875
262	0.141951710
263	0.051217304
264	0.100144869
265	0.013519115
266	0.849607646
267	0.000187123
268	0.043420523
269	0.596680080
270	0.049231388
271	0.077792757
272	0.034012072
273	0.085450704
274	0.271348089
275	0.018297787
276	0.657963783
277	0.096579477
278	0.948042254
279	0.326647887
280	0.033285714
281	0.234223340
282	0.252207243
283	0.392313883
284	0.187515091
285	0.514981891
286	0.181291751
287	0.155193159
288	0.309372233
289	0.166289738
290	0.587098592
291	0.424629779
292	0.888024145
293	0.191008048
294	0.164106640
295	0.058625755
296	0.066559356
297	0.154329980
298	0.244631791
299	0.123521127
300	0.580643863
301	0.641195171
302	0.914947686
303	0.485690141
304	0.001985915
305	0.537830986
306	0.619746479
307	0.470488934
308	0.123442656
309	0.456949698
310	0.085555332
311	0.056362173
312	0.300444668
313	0.186130785
314	0.220360161
315	0.057420523
316	0.638609658
317	0.065659960
318	0.801969819
319	0.123750503
320	0.272949698
321	0.265110664
322	0.318712274
323	0.212559356
324	0.266070423
325	0.324909457
326	0.004945674
327	0.640993964
328	0.588851107
329	0.142639839
330	0.010623742
331	0.571581489
332	0.009941650
333	0.928370221
334	0.282531187
335	0.022979879
336	0.001782696
337	0.129434608
338	0.187301811
339	0.002963783
340	0.144782696
341	0.004293763
342	0.190014085
343	0.172639839
344	0.743438632
345	0.516376258
346	0.350923541
347	0.469094567
348	0.000140845
349	0.263991952
350	0.138736419
351	0.327665996
352	0.005672032
353	0.016690141
354	0.375120724
355	0.000000000
356	0.017030181
357	0.000710262
358	0.580118712
359	0.166639839
360	0.270058350
361	0.167913481
362	0.316835010
363	0.125631791
364	0.168655936
365	0.069116700
366	0.087239437
367	0.524038229
368	0.717869215
369	0.030879276
370	0.158804829
371	0.596064386
372	0.000181087
373	0.607521127
374	0.411199195
375	0.078607646
376	0.584392354
377	0.433843058
378	0.225702213
379	0.030569416
380	0.581913481
381	0.204498994
382	0.293563380
383	0.076474849
384	0.032068410
385	0.517279678
386	0.365452716
387	0.628919517
388	0.005539235
389	0.364732394
390	0.113442656
391	0.105756539
392	0.255213280
393	0.881128773
394	0.615802817
395	0.448245473
396	0.119016097
397	0.058742455
398	0.179796781
399	0.365048290
400	0.512555332
401	0.000016097
402	0.014185111
403	0.499927565
404	0.138565392
405	0.017416499
406	0.127847082
407	0.000291751
408	0.000000000
409	0.000102616
410	0.000000000
411	0.000000000
412	0.001625755
413	0.167814889
414	0.062553320
415	0.000038229
416	0.018619718
417	0.044674044
418	0.424126761
419	0.114935614
420	0.060951710
421	0.009891348
422	0.009989940
423	0.033782696
424	0.107716298
425	0.025951710
426	0.004653924
427	0.008822938
428	0.007068410
429	0.000036217
430	0.033311871
431	0.000154930
432	0.297947686
433	0.241096579
434	0.134434608
435	0.254792757
436	0.166100604
437	0.025955734
438	0.000052314
439	0.000000000
440	0.078947686
441	0.368164990
442	0.967806841
443	0.132183099
444	0.279251509
445	0.008511066
446	0.017655936
447	0.332583501
448	0.421973843
449	0.001718310
450	0.005571429
451	0.003661972
452	0.335788732
453	0.615098592
454	0.002124748
455	0.004841046
456	0.005000000
457	0.027847082
458	0.055181087
459	0.012150905
460	0.123299799
461	0.134893360
462	0.000014085
463	0.005289738
464	0.002555332
465	0.163231388
466	0.000382294
467	0.601959759
468	0.024907445
469	0.122754527
470	0.000000000
471	0.018195171
472	0.697770624
473	0.769601610
474	0.083726358
475	0.090812877
476	0.109647887
477	0.181895372
478	0.350541247
479	0.106044266
480	0.019215292
481	0.161132797
482	0.031571429
483	0.153106640
484	0.035118712
485	0.043776660
486	0.120144869
487	0.171114688
488	0.286710262
489	0.007472837
490	0.531400402
491	0.732344064
492	0.559601610
493	0.029344064
494	0.894601610
495	0.170915493
496	0.323883300
497	0.622470825
498	0.008496982
