# amino-acid counts among definitively called codons
# POSITION TOTAL_COUNTS WT N_A N_C N_D N_E N_F N_G N_H N_I N_K N_L N_M N_N N_P N_Q N_R N_S N_T N_V N_W N_Y N_STOP
1 958497 M 0 0 0 0 0 0 0 404 93 64 957708 0 0 0 1 0 131 96 0 0 0
2 960564 A 958603 0 0 648 0 53 0 0 0 0 0 0 38 0 0 919 63 240 0 0 0
3 962066 S 3 28 0 0 67 0 0 0 0 0 0 0 121 0 0 961716 32 0 0 99 0
4 962965 Q 0 0 0 46 0 0 94 0 798 51 0 0 6 961591 253 0 0 0 0 0 126
5 964060 G 47 246 116 0 0 963101 0 0 0 0 0 0 0 0 40 102 0 408 0 0 0
6 964572 T 173 0 0 0 0 0 0 93 0 0 0 82 15 0 0 107 964102 0 0 0 0
7 967132 K 0 0 0 82 0 0 0 38 966813 0 0 76 0 5 89 0 8 0 0 0 21
8 969239 R 0 0 0 0 0 24 0 0 0 155 0 0 29 114 968774 0 0 0 0 0 143
9 971614 S 1 26 0 0 41 0 0 0 0 0 0 0 124 0 0 971221 51 0 0 150 0
10 973961 Y 0 134 5 0 34 0 135 0 0 0 0 15 0 0 0 3 0 0 0 973499 136
11 976952 E 4 0 82 976095 0 110 0 0 181 2 0 0 0 52 0 0 1 59 0 0 366
12 981161 Q 0 0 0 37 0 0 367 0 126 69 0 0 9 980300 134 0 0 0 0 0 119
13 985317 M 0 0 0 0 0 0 0 432 81 83 984504 0 0 0 3 0 109 105 0 0 0
14 989610 E 3 0 322 988302 1 301 0 0 98 1 0 0 0 46 0 0 0 102 0 0 434
15 994353 T 126 0 0 0 0 0 0 71 0 0 0 103 8 0 0 125 993920 0 0 0 0
16 1000098 D 8 1 999079 97 0 182 45 0 0 0 0 119 1 0 0 0 0 108 0 458 0
17 1005699 G 51 0 0 96 0 1004534 0 0 2 0 0 0 0 0 181 0 0 525 0 0 310
18 1010604 E 2 0 40 1010046 0 91 0 0 109 0 0 0 1 15 0 0 1 40 0 0 259
19 1012210 R 0 200 0 0 0 30 265 0 0 722 0 0 51 1 1010849 92 0 0 0 0 0
20 1011162 Q 0 0 0 45 0 0 342 0 229 81 0 0 13 1010042 266 0 0 0 0 0 144
21 1004151 N 0 0 99 0 0 0 6 41 63 0 0 1003772 0 0 0 113 0 0 0 57 0
22 981670 A 980045 0 480 0 0 38 1 0 0 0 0 0 63 0 0 615 204 224 0 0 0
23 965820 T 117 0 0 0 0 0 0 73 0 0 0 89 10 0 0 121 965410 0 0 0 0
24 928342 E 3 0 49 927632 0 153 0 0 132 0 0 0 0 53 0 0 1 49 0 0 270
25 875196 I 0 0 0 0 35 0 0 874921 0 0 29 53 0 0 0 4 78 76 0 0 0
26 834976 R 0 0 0 0 0 190 0 536 86 0 1 0 0 0 834034 38 28 0 0 0 63
27 793992 A 792922 0 0 413 0 36 0 0 1 0 0 0 22 0 0 425 61 112 0 0 0
28 761164 S 3 27 0 0 62 0 0 0 0 0 0 0 105 0 0 760668 63 0 0 236 0
29 724974 V 86 0 64 0 83 3 0 139 0 13 0 0 0 0 0 0 0 724586 0 0 0
30 685159 G 29 0 0 77 0 684449 0 0 3 1 0 0 0 0 222 0 0 170 1 0 207
31 648652 K 0 0 0 107 0 0 0 28 648404 0 0 14 0 3 58 0 4 0 0 0 34
32 599858 M 0 0 0 0 0 0 0 313 27 35 599350 0 0 0 4 1 81 47 0 0 0
33 557169 I 0 0 0 0 40 0 0 556997 0 2 1 42 0 0 0 1 39 47 0 0 0
34 541168 G 13 185 103 0 0 540732 0 0 0 1 0 2 0 0 24 63 0 45 0 0 0
35 521516 G 16 0 0 45 0 521080 0 0 3 0 0 0 0 1 92 0 0 151 0 0 128
36 338049 I 0 0 0 0 10 0 0 337922 0 2 3 19 0 0 0 3 30 60 0 0 0
37 345185 G 20 0 0 25 0 344902 0 0 0 0 0 0 0 0 69 0 0 81 0 0 88
38 354895 R 0 0 0 0 0 19 0 0 0 119 0 0 14 64 354597 0 0 0 0 0 82
39 364833 F 0 5 0 0 364589 0 0 20 0 174 0 0 0 0 0 24 0 1 0 20 0
40 377697 Y 0 62 3 0 39 0 70 0 0 0 0 35 0 0 0 1 0 0 0 377438 49
41 390850 I 0 0 0 0 32 0 0 390690 0 2 14 30 0 0 0 2 45 35 0 0 0
42 407046 Q 0 0 0 17 0 0 8 0 129 11 0 0 2 406761 64 0 0 0 0 0 54
43 421685 M 0 0 0 0 0 0 0 122 18 19 421457 0 0 0 2 0 34 33 0 0 0
44 441252 C 0 440493 0 0 314 1 0 0 0 0 0 0 0 0 84 61 0 0 19 78 202
45 457641 T 76 0 0 0 0 0 0 72 0 0 0 45 4 0 0 66 457378 0 0 0 0
46 473467 E 3 0 37 473128 0 34 0 0 90 0 0 0 0 18 0 0 0 15 0 0 142
47 489422 L 0 0 0 0 51 0 41 40 0 489191 0 0 84 0 3 0 0 12 0 0 0
48 503121 K 0 0 0 91 0 0 0 11 502910 0 0 37 0 2 44 0 4 0 0 1 21
49 513337 L 0 0 0 0 27 0 16 43 0 513181 0 0 60 0 0 0 0 10 0 0 0
50 526327 S 0 30 0 0 0 117 0 47 0 0 0 36 0 0 74 526012 10 1 0 0 0
51 540179 D 0 0 539775 44 0 44 20 0 0 0 0 49 0 0 0 2 0 40 0 205 0
52 553894 Y 0 50 1 0 39 0 39 1 0 0 0 4 0 0 0 2 0 0 0 553698 60
53 571353 E 6 0 283 570119 0 122 0 0 73 0 1 0 0 30 0 0 0 56 0 1 662
54 582847 G 29 0 0 130 0 582239 0 0 0 0 0 0 0 0 85 0 0 166 0 0 198
55 592631 R 0 0 0 0 0 8 0 0 0 156 0 0 16 101 592218 0 0 0 132 0 0
56 600634 L 0 0 0 0 100 0 0 0 0 600355 51 0 0 0 0 94 0 1 3 0 30
57 611313 I 0 0 0 0 63 0 0 611053 3 2 13 52 0 0 0 2 68 57 0 0 0
58 620800 Q 0 0 0 32 1 0 23 0 130 26 0 0 67 620368 73 0 0 0 0 0 80
59 623041 N 0 0 82 0 0 0 1 32 79 0 0 622723 0 0 0 67 29 0 0 28 0
60 628703 S 0 5 0 0 0 68 0 472 1 0 0 39 0 0 442 627658 18 0 0 0 0
61 635285 L 0 0 0 0 52 0 0 34 1 635060 0 0 0 0 0 76 0 6 0 0 56
62 646167 T 66 0 0 0 0 0 0 64 69 0 0 0 0 0 17 46 645905 0 0 0 0
63 656687 I 1 0 0 0 0 0 0 656340 44 50 117 1 0 1 2 0 70 61 0 0 0
64 666345 E 2 0 308 665472 0 79 0 0 49 0 0 0 0 21 0 0 0 44 0 0 370
65 668354 R 0 1 0 0 0 108 1 166 58 0 0 0 0 0 667894 49 17 0 0 0 60
66 671601 M 0 0 0 0 0 0 0 296 46 40 671093 1 0 0 2 0 66 57 0 0 0
67 667862 V 103 0 0 94 0 9 0 1 0 77 66 0 0 0 0 0 0 667512 0 0 0
68 671079 L 0 0 0 0 52 0 39 338 0 670546 0 0 79 0 10 0 0 15 0 0 0
69 668961 S 3 28 0 0 37 0 0 0 0 0 0 0 108 0 0 668442 43 0 0 300 0
70 663411 A 662481 0 226 0 0 26 0 0 0 0 0 0 31 0 0 488 112 47 0 0 0
71 661753 F 0 3 0 0 661540 0 0 32 0 98 0 0 0 0 0 51 0 4 0 25 0
72 657972 D 2 0 657393 72 0 121 28 0 0 0 0 91 0 0 0 0 0 57 0 208 0
73 659970 E 3 0 37 659464 0 82 0 0 88 0 0 0 0 17 0 0 0 61 0 0 218
74 669719 R 0 0 0 0 0 88 0 0 53 0 201 0 0 0 669000 329 22 0 26 0 0
75 669547 R 0 0 0 0 0 106 0 135 40 0 0 0 0 0 669116 54 32 0 0 0 64
76 669565 N 0 0 67 0 0 0 1 29 38 0 0 669329 0 0 0 72 1 0 0 28 0
77 668425 K 0 0 0 67 0 0 0 47 668170 0 0 31 0 4 59 0 6 0 0 0 41
78 675145 Y 0 72 2 0 38 0 73 0 0 0 0 65 0 0 0 4 0 0 0 674818 73
79 680923 L 0 0 0 0 40 0 44 219 0 680520 0 0 78 0 3 0 0 19 0 0 0
80 674320 E 1 0 43 673816 0 86 0 0 75 0 0 0 0 25 0 0 0 44 0 0 230
81 674091 E 4 0 66 673628 0 88 0 0 38 0 0 0 0 32 0 0 0 65 0 0 170
82 674323 H 0 0 19 0 0 0 673974 0 0 63 0 62 3 51 79 0 0 0 0 72 0
83 673046 P 23 0 0 0 0 0 228 0 0 61 0 0 672424 0 29 45 236 0 0 0 0
84 681862 S 0 20 0 0 0 92 0 53 0 0 0 53 0 0 63 681570 11 0 0 0 0
85 680088 A 678474 0 1 353 0 16 0 0 0 0 0 0 32 0 0 982 61 169 0 0 0
86 677952 G 19 0 0 115 0 676995 0 0 0 0 0 0 0 0 102 0 0 238 483 0 0
87 680116 K 0 0 0 108 0 1 0 47 679748 0 1 60 0 0 106 0 5 0 0 0 40
88 683434 D 0 0 683096 65 0 73 13 0 0 0 0 48 0 0 0 0 0 46 0 93 0
89 684996 P 20 0 0 0 0 0 146 0 0 45 0 0 684606 0 28 57 94 0 0 0 0
90 688097 K 0 0 0 95 0 0 0 1 687849 0 21 60 0 0 62 0 3 0 0 0 6
91 685762 K 0 0 0 70 0 0 0 19 685549 0 0 18 0 2 74 0 3 0 0 0 27
92 680749 T 63 0 0 0 0 0 0 36 0 0 0 48 28 0 0 65 680509 0 0 0 0
93 682806 G 18 0 0 51 0 682244 0 0 2 0 0 0 0 0 121 0 0 179 0 0 191
94 682626 G 28 0 0 66 0 682182 0 0 1 0 0 0 0 0 81 0 0 150 0 0 118
95 677875 P 20 0 0 0 0 0 188 0 0 37 0 0 677471 0 27 87 45 0 0 0 0
96 673436 I 0 0 0 0 0 0 0 673144 58 36 68 0 0 0 0 0 70 60 0 0 0
97 670795 Y 0 70 2 0 53 0 75 0 0 0 0 49 0 0 0 4 0 0 0 670433 109
98 669486 R 0 0 0 0 0 147 0 0 92 0 206 0 0 0 668613 366 15 0 47 0 0
99 664904 R 0 0 0 0 0 107 0 531 47 1 0 0 0 0 664107 28 27 0 0 0 56
100 661999 V 72 0 0 80 0 6 0 83 0 64 0 0 1 0 0 0 0 661693 0 0 0
101 663036 N 0 0 122 0 0 0 4 43 80 0 0 662690 1 0 0 63 16 0 0 17 0
102 661235 G 18 0 0 58 0 660577 0 0 0 0 0 0 0 0 220 1 0 169 0 0 192
103 666537 K 0 0 0 93 0 0 0 0 666198 0 23 54 0 1 122 0 0 0 0 0 46
104 663266 W 0 262 0 0 0 3 0 0 0 187 0 0 0 0 109 20 0 0 662558 0 127
105 660043 M 0 0 0 0 0 0 0 622 71 79 659103 0 0 0 6 0 75 87 0 0 0
106 656549 R 0 0 0 0 0 101 0 262 56 0 0 0 0 0 655995 50 18 0 0 0 67
107 655277 E 5 0 72 654804 0 84 0 0 73 0 0 0 0 27 0 0 0 32 0 0 180
108 655313 L 0 0 0 0 53 0 54 45 0 655035 0 0 107 0 3 0 0 16 0 0 0
109 651452 I 0 0 0 0 38 1 0 651088 0 3 17 59 0 0 0 1 80 165 0 0 0
110 645171 L 0 0 0 0 32 0 19 230 0 644797 0 0 64 0 6 0 0 23 0 0 0
111 640814 Y 0 64 3 0 30 0 67 0 0 0 0 9 0 0 0 0 0 0 0 640572 69
112 631262 D 3 0 630647 99 0 107 34 0 0 0 0 102 0 0 0 0 0 88 0 182 0
113 623988 K 0 0 0 90 0 0 0 32 623745 0 0 32 0 2 62 0 2 0 0 0 23
114 625918 E 4 0 38 625571 0 66 0 1 33 0 0 0 0 25 0 0 0 26 0 0 154
115 623158 E 2 0 20 622816 0 79 0 0 47 0 0 0 0 17 0 0 0 43 0 0 134
116 618214 I 0 0 0 0 0 0 0 617906 30 32 122 1 0 0 2 0 55 66 0 0 0
117 620470 R 0 0 0 0 0 96 0 0 47 0 142 0 0 0 619822 316 15 0 32 0 0
118 619861 R 0 0 0 0 0 34 0 0 0 223 0 0 21 113 619368 0 0 0 0 0 102
119 615913 I 0 0 0 0 15 0 0 615717 0 1 12 37 0 0 0 0 69 62 0 0 0
120 616286 W 0 658 0 0 0 4 0 1 0 137 0 0 0 0 154 24 0 0 615137 0 171
121 615448 R 0 137 0 0 0 28 149 0 0 356 0 0 30 0 614397 351 0 0 0 0 0
122 613816 Q 0 0 0 24 0 0 28 0 122 46 0 0 3 613431 83 0 0 0 0 0 79
123 611550 A 610662 0 509 0 0 20 0 0 0 0 0 0 17 0 1 277 33 31 0 0 0
124 616398 N 0 0 74 0 0 0 1 50 52 0 0 616133 0 0 0 67 9 0 0 12 0
125 619139 N 0 0 67 0 0 0 0 42 39 0 0 618909 0 0 0 60 0 0 0 22 0
126 614449 G 15 146 60 0 0 614088 0 0 0 0 0 0 0 0 25 75 0 40 0 0 0
127 616581 D 0 0 616105 102 0 84 25 0 0 0 0 85 0 0 0 0 0 36 0 144 0
128 617417 D 1 0 616913 60 0 52 19 0 0 0 0 90 0 0 0 0 0 56 0 226 0
129 625361 A 624375 0 0 376 0 21 0 0 0 1 0 0 16 0 0 273 106 193 0 0 0
130 628181 T 81 0 0 0 0 0 0 0 90 0 108 0 2 0 15 28 627857 0 0 0 0
131 629911 A 628745 0 591 0 0 23 0 0 0 0 0 0 21 0 0 410 70 51 0 0 0
132 620451 G 22 158 53 0 0 620049 0 0 0 0 0 1 0 0 20 88 0 60 0 0 0
133 624071 L 0 0 0 0 0 0 0 0 0 623669 171 0 176 28 5 0 0 22 0 0 0
134 621553 T 84 2 0 0 0 0 0 62 0 0 0 71 9 0 0 77 621248 0 0 0 0
135 626947 H 0 0 27 0 0 0 625905 0 0 64 0 701 10 75 89 0 1 0 0 75 0
136 635421 M 0 0 0 0 0 0 0 303 38 16 634884 0 0 0 3 1 90 86 0 0 0
137 641895 M 0 0 0 0 0 0 0 172 70 62 641433 0 0 0 1 0 84 73 0 0 0
138 641290 I 0 0 0 0 48 0 0 641041 0 3 17 55 0 0 0 1 62 63 0 0 0
139 646928 W 1 353 0 0 0 8 0 0 0 143 0 0 0 0 193 24 0 0 646008 0 198
140 649778 H 0 0 36 0 0 0 649091 1 0 35 0 353 1 18 111 0 0 0 0 132 0
141 652438 S 3 26 0 0 60 0 0 0 0 0 0 0 103 0 0 652020 36 0 0 190 0
142 649867 N 0 0 79 0 0 0 5 35 21 1 0 649635 0 0 0 52 4 0 0 35 0
143 649941 L 0 0 0 0 255 0 0 0 0 649504 28 0 0 0 0 108 0 3 3 0 40
144 651654 N 0 0 111 0 0 0 3 24 69 0 0 651297 0 0 0 88 3 0 0 59 0
145 647748 D 5 0 647251 72 0 73 26 0 0 1 0 57 0 0 0 0 1 70 0 192 0
146 646181 A 644947 0 0 367 0 28 0 0 1 0 0 0 20 0 0 251 423 144 0 0 0
147 645760 T 68 0 0 0 0 0 0 31 0 0 0 56 3 0 0 48 645554 0 0 0 0
148 644004 Y 0 66 0 0 31 0 89 0 0 0 0 6 0 0 0 1 0 0 0 643735 76
149 647185 Q 0 0 0 24 0 0 546 0 213 49 0 0 7 646083 192 0 0 0 0 0 71
150 641085 R 0 0 0 0 0 94 0 1 78 0 203 0 0 0 640435 221 28 0 25 0 0
151 636247 T 116 0 0 1 0 0 0 78 61 0 0 0 4 0 17 106 635864 0 0 0 0
152 639817 R 0 0 0 0 0 93 0 213 38 0 0 0 0 0 639389 22 16 0 0 0 46
153 644830 A 643932 0 400 0 1 22 0 0 0 0 0 0 20 0 0 373 47 35 0 0 0
154 646856 L 0 0 0 0 40 0 40 279 0 646413 0 0 68 0 0 0 0 16 0 0 0
155 647673 V 82 0 74 0 64 5 0 66 0 17 0 0 0 0 0 0 0 647365 0 0 0
156 646805 R 1 135 0 0 0 27 184 0 0 339 0 0 22 2 645872 222 0 0 0 0 1
157 649139 T 109 0 0 0 0 0 0 82 0 0 0 48 7 0 0 63 648830 0 0 0 0
158 645479 G 25 0 0 53 0 644818 0 0 1 0 0 0 0 0 179 1 0 186 0 0 216
159 647359 M 1 0 0 0 0 0 0 250 35 45 646851 1 0 0 2 0 80 94 0 0 0
160 656081 D 3 0 655694 72 0 91 23 0 0 0 0 50 0 0 0 0 0 40 0 107 1
161 656577 P 24 0 0 0 0 0 166 0 0 46 0 0 656133 0 20 69 119 0 0 0 0
162 662862 R 0 1 0 0 0 149 0 0 59 0 223 1 1 0 662196 182 22 0 28 0 0
163 669978 M 0 0 0 0 0 0 0 214 25 47 669540 0 0 0 1 0 70 81 0 0 0
164 669790 C 0 668779 0 0 383 8 0 0 0 0 0 0 0 0 89 99 0 0 29 137 266
165 671874 S 11 31 0 0 59 0 1 1 0 0 0 0 93 0 1 671230 20 0 0 427 0
166 674393 L 0 0 0 0 0 0 0 0 0 673804 387 0 132 45 1 0 0 24 0 0 0
167 682235 M 0 0 0 0 0 0 0 493 69 77 681426 0 0 0 6 0 99 65 0 0 0
168 684793 Q 0 0 0 19 0 0 46 0 432 46 0 0 4 684019 159 0 0 0 0 0 68
169 681628 G 24 189 72 0 0 681215 0 0 0 0 0 1 0 0 12 44 0 71 0 0 0
170 687977 S 1 0 0 0 0 0 0 0 0 75 0 0 80 1 0 687459 46 0 0 0 315
171 691202 T 80 0 0 0 0 0 0 39 0 0 0 61 6 0 0 73 690943 0 0 0 0
172 691671 L 0 0 0 0 28 0 43 492 0 690975 0 0 115 0 1 1 0 16 0 0 0
173 692016 P 20 0 0 0 0 0 455 0 0 47 0 0 691143 0 22 68 261 0 0 0 0
174 695909 R 0 0 0 0 0 101 0 0 45 0 212 0 0 0 695254 249 25 0 23 0 0
175 695392 R 0 0 0 0 0 114 0 0 44 0 241 0 0 0 694868 70 16 0 39 0 0
176 699311 S 3 19 0 0 42 0 0 0 0 0 0 0 91 0 0 698989 38 0 0 129 0
177 707414 G 23 0 0 61 0 706705 0 0 3 0 0 0 0 0 111 0 0 365 0 0 146
178 714393 A 713089 0 417 1 0 11 0 0 0 0 0 0 19 0 0 705 76 75 0 0 0
179 722952 A 721298 0 1 931 0 22 0 0 0 0 0 0 21 0 0 402 220 56 0 0 1
180 720496 G 12 202 65 0 0 720115 0 0 0 0 0 0 0 0 21 33 0 48 0 0 0
181 718900 A 717889 0 306 0 0 24 0 0 0 0 0 0 12 0 0 486 107 76 0 0 0
182 725054 A 723840 0 0 380 0 40 0 0 0 0 0 0 33 0 0 393 171 197 0 0 0
183 726016 V 81 0 51 0 78 5 0 60 0 19 0 0 0 0 1 0 0 725721 0 0 0
184 735852 K 0 0 0 116 0 0 0 57 735460 0 0 66 0 7 85 0 3 0 0 0 58
185 740843 G 19 0 0 43 0 739959 0 0 0 0 0 0 0 0 56 0 0 550 0 0 216
186 744017 V 78 0 53 0 82 3 0 58 0 16 0 0 0 0 0 0 0 743727 0 0 0
187 748188 G 27 1 0 74 0 747501 0 0 0 0 0 0 0 0 117 0 0 251 0 0 217
188 750278 T 124 0 0 0 0 0 0 88 72 0 0 0 3 0 24 73 749894 0 0 0 0
189 757048 M 0 0 0 0 0 0 0 336 62 53 756473 1 0 0 3 0 63 57 0 0 0
190 756671 V 106 0 1 84 0 10 0 0 0 75 51 0 0 0 0 0 0 756344 0 0 0
191 757593 M 0 0 0 1 0 0 0 384 59 86 756859 0 0 0 6 0 96 102 0 0 0
192 757668 E 5 0 42 757127 0 137 0 0 48 0 0 0 0 26 0 0 0 58 0 0 225
193 756300 L 0 0 0 0 271 0 0 0 0 755847 35 0 0 0 0 92 0 3 6 0 46
194 756175 V 93 0 93 0 56 8 0 161 0 19 0 0 0 0 0 1 0 755744 0 0 0
195 751876 R 0 0 0 0 0 145 0 205 51 0 0 0 0 0 751324 34 28 0 0 0 89
196 749427 M 0 0 0 0 0 0 0 243 59 45 748904 0 0 0 4 0 76 96 0 0 0
197 746803 I 0 0 0 0 56 0 0 746444 0 2 21 91 0 0 0 3 106 80 0 0 0
198 741707 K 0 0 0 89 0 0 0 12 741433 0 0 55 0 6 95 0 2 0 0 0 15
199 736012 R 0 94 0 0 0 15 100 0 0 79 0 0 13 0 735641 70 0 0 0 0 0
200 737376 G 22 0 0 55 0 736514 0 0 2 0 0 0 0 0 133 0 0 198 451 0 1
201 729650 I 0 0 0 0 78 0 0 729320 0 4 31 44 0 0 0 1 73 99 0 0 0
202 723219 N 0 0 129 0 0 0 7 33 40 0 0 722903 0 0 0 81 1 0 0 25 0
203 720859 D 4 0 720422 70 0 71 21 0 0 0 0 97 0 0 0 0 0 69 0 104 1
204 717909 R 0 0 0 0 0 16 0 0 0 220 0 0 26 165 717333 0 0 0 149 0 0
205 710861 N 0 0 99 0 0 0 1 26 33 0 0 710544 0 0 0 122 3 0 0 33 0
206 700049 F 0 1 0 0 699706 0 0 19 0 236 0 0 0 0 0 63 0 2 0 22 0
207 686667 W 0 657 0 0 0 9 0 0 0 222 0 0 0 0 208 27 0 0 685410 2 132
208 676922 R 0 0 0 0 0 146 0 0 71 0 482 0 0 0 675654 508 17 0 44 0 0
209 672960 G 12 206 64 0 0 672498 0 0 0 0 0 0 0 0 29 78 0 72 0 0 1
210 670786 E 13 0 178 669839 0 142 0 0 84 0 0 0 0 21 0 0 0 71 0 0 438
211 667169 N 0 0 91 0 0 0 3 48 50 0 0 666867 0 0 0 66 3 1 0 40 0
212 667379 G 30 0 0 75 0 666713 0 0 1 0 0 0 0 0 148 0 0 216 0 0 196
213 663257 R 0 0 0 0 0 28 0 0 1 195 0 0 12 129 662701 0 0 0 0 0 191
214 653143 K 0 0 0 93 0 0 0 18 652927 0 0 24 0 4 61 0 2 0 0 0 14
215 646639 T 74 1 0 0 0 0 0 47 62 0 0 1 30 0 14 70 646340 0 0 0 0
216 641923 R 0 0 0 0 0 93 0 126 37 0 0 0 0 0 641573 34 19 0 0 0 41
217 638593 I 0 0 0 0 20 0 0 638321 0 0 8 64 0 0 0 20 68 92 0 0 0
218 635847 A 635147 0 182 0 0 20 0 0 0 0 0 0 14 0 0 376 60 48 0 0 0
219 641280 Y 0 44 2 0 35 0 82 0 0 0 0 8 0 0 0 3 0 0 0 641042 64
220 644527 E 2 0 24 644040 0 97 0 0 99 1 0 0 0 36 0 0 0 40 0 0 188
221 647542 R 0 0 0 0 0 81 0 131 48 0 0 0 0 0 647208 29 19 1 0 0 25
222 638611 M 0 0 0 0 0 0 0 170 45 42 638208 0 0 0 5 0 76 65 0 0 0
223 633998 C 0 633090 0 0 272 1 0 0 0 1 0 0 0 0 127 98 0 0 33 90 286
224 635564 N 0 0 85 0 0 0 3 67 77 0 0 635208 0 0 0 90 1 0 0 33 0
225 637443 I 0 0 0 0 31 0 0 637243 0 4 4 34 0 0 1 3 69 54 0 0 0
226 640472 L 0 0 0 0 38 0 56 135 0 640130 0 0 89 0 5 0 0 19 0 0 0
227 641005 K 0 0 0 95 0 0 0 53 640704 0 0 39 0 3 65 1 1 0 0 0 44
228 637821 G 26 0 0 88 0 637051 0 0 0 0 0 0 0 0 51 0 0 194 411 0 0
229 636282 K 0 0 0 89 0 0 0 31 636015 0 0 33 0 0 91 0 0 0 0 0 23
230 639988 F 0 4 0 0 639719 0 0 31 0 140 0 0 0 0 0 72 0 2 0 20 0
231 641382 Q 0 0 0 28 0 0 26 0 217 28 0 0 4 640826 193 2 0 0 0 1 57
232 643416 T 55 0 0 0 0 0 0 25 0 0 0 57 13 0 0 53 643213 0 0 0 0
233 645871 A 644919 0 325 0 0 21 0 0 0 0 0 0 26 0 0 453 60 67 0 0 0
234 644191 A 643240 0 0 346 0 18 0 0 1 0 0 0 28 0 0 299 171 88 0 0 0
235 643290 Q 0 0 0 12 0 0 43 0 53 10 0 0 5 643005 70 0 0 0 0 0 92
236 642362 K 0 0 0 60 0 0 0 31 642133 1 0 21 0 4 85 0 3 0 0 0 24
237 642285 A 641544 0 0 341 0 12 0 0 0 0 0 0 21 0 0 218 52 96 0 0 1
238 638478 M 0 0 0 0 0 0 0 304 42 28 637964 0 0 0 2 0 62 76 0 0 0
239 632989 M 0 0 0 0 0 0 0 270 69 51 632435 0 0 0 1 0 92 71 0 0 0
240 624537 D 0 0 624119 64 0 82 23 0 0 0 0 79 1 0 0 0 0 56 0 113 0
241 618403 Q 0 0 0 29 1 0 34 0 110 38 0 0 3 618014 122 0 0 0 0 0 52
242 610293 V 68 0 0 61 0 7 0 0 0 77 37 0 0 0 0 0 0 610043 0 0 0
243 605702 R 1 0 0 0 0 98 0 340 63 1 0 0 0 0 605066 70 20 0 0 0 43
244 592147 E 3 0 404 591298 0 84 0 0 35 0 0 0 0 13 0 0 0 22 1 0 287
245 579364 S 0 25 0 0 0 84 1 581 0 0 0 57 0 0 335 578251 30 0 0 0 0
246 566465 R 0 1 0 0 0 10 0 0 0 163 0 0 21 156 566003 0 0 0 111 0 0
247 551951 N 0 0 59 0 0 0 1 26 58 1 0 551710 0 0 0 75 2 0 0 19 0
248 536131 P 12 0 0 0 0 0 0 0 0 86 0 0 535593 257 20 43 120 0 0 0 0
249 519273 G 21 0 0 49 0 518571 0 0 0 0 0 0 0 0 70 1 0 204 357 0 0
250 506086 N 0 0 72 0 0 0 2 18 22 0 0 505873 0 0 0 67 0 0 0 32 0
251 494936 A 494159 0 256 0 0 18 0 0 0 0 0 0 18 0 0 298 131 56 0 0 0
252 482114 E 3 0 50 481304 0 52 0 0 64 0 0 0 0 25 0 0 0 12 0 0 604
253 466188 F 0 2 0 0 465856 0 0 36 0 213 0 0 0 0 0 46 0 2 0 33 0
254 448355 E 2 0 32 447963 0 47 0 0 72 0 0 0 0 20 0 0 0 37 0 0 182
255 428758 D 2 0 428565 21 0 48 9 0 0 0 0 21 0 0 0 0 0 37 0 55 0
256 408677 L 0 0 0 0 31 0 32 32 0 408484 0 0 85 0 9 0 0 4 0 0 0
257 389595 T 50 0 0 0 0 0 0 27 0 0 0 36 3 0 0 37 389442 0 0 0 0
258 373438 F 0 1 0 0 373284 0 0 13 0 62 0 0 0 0 0 55 0 3 0 20 0
259 360592 L 0 0 0 0 0 0 0 94 0 360401 0 0 51 38 1 0 0 7 0 0 0
260 343984 A 343493 0 0 181 0 10 0 0 0 0 0 0 20 0 0 194 35 51 0 0 0
261 326524 R 0 0 0 0 0 9 0 0 0 105 0 0 2 58 326291 0 0 0 59 0 0
262 308783 S 1 12 0 0 24 0 0 0 0 0 0 0 40 0 0 308623 13 0 0 70 0
263 286384 A 285970 0 0 121 0 10 0 0 0 0 0 0 12 0 0 166 46 59 0 0 0
264 264167 L 0 0 0 0 20 0 12 22 0 264070 0 0 36 0 1 0 0 6 0 0 0
265 242313 I 0 0 0 0 0 0 0 242185 12 22 20 0 0 0 0 0 39 35 0 0 0
266 222597 L 0 0 0 0 135 0 0 0 0 222404 12 0 0 0 0 29 0 0 2 0 15
267 209075 R 0 0 0 0 1 40 0 76 13 0 0 1 0 0 208909 15 2 0 0 0 18
268 193797 G 3 0 0 26 0 193549 0 0 0 0 0 0 0 0 47 0 0 63 109 0 0
269 176772 S 2 0 1 0 0 0 0 0 0 37 0 0 17 0 0 176633 15 0 4 0 63
270 157476 V 14 0 9 0 13 0 0 16 0 3 0 0 0 0 0 0 0 157421 0 0 0
271 141657 A 141483 0 44 0 0 6 0 0 0 0 0 0 5 0 0 74 33 12 0 0 0
272 131952 H 0 0 6 0 0 0 131756 0 0 16 0 130 1 22 11 0 0 0 0 10 0
273 115420 K 1 0 0 13 0 0 0 0 115370 0 5 11 0 1 16 0 0 0 0 0 3
274 102709 S 1 6 0 0 4 0 0 0 0 0 0 0 14 0 0 102641 8 0 0 35 0
275 94256 C 0 94058 0 0 68 3 0 0 0 0 0 0 0 0 14 6 0 0 10 24 73
276 85459 L 0 0 0 0 0 0 0 0 0 85407 31 0 5 11 1 0 0 4 0 0 0
277 77882 P 8 0 0 0 0 0 43 0 0 15 0 0 77704 0 11 11 90 0 0 0 0
278 71696 A 71461 0 66 0 0 8 0 0 0 0 0 0 5 0 0 106 25 25 0 0 0
279 63445 C 0 63371 0 0 4 2 0 0 0 0 0 0 0 0 40 9 0 0 2 10 7
280 65283 V 14 0 0 7 0 0 0 0 0 7 6 0 1 0 0 0 0 65248 0 0 0
281 71625 Y 0 20 1 0 7 0 17 0 0 0 0 0 0 0 0 0 0 0 0 71559 21
282 60979 G 6 0 0 34 0 60852 0 0 0 0 0 0 0 0 36 0 0 5 0 0 46
283 94096 P 18 1 0 0 0 0 184 0 0 23 0 1 93723 0 16 75 55 0 0 0 0
284 106612 A 105480 0 278 0 0 31 0 0 0 0 0 0 43 0 0 557 121 101 0 1 0
285 114449 V 29 0 0 23 0 4 0 51 0 86 0 0 0 0 1 0 0 114255 0 0 0
286 124360 A 124233 0 85 0 0 3 0 0 0 0 0 0 5 0 0 18 5 11 0 0 0
287 133754 S 0 8 0 0 0 7 0 12 0 0 0 8 0 0 18 133699 2 0 0 0 0
288 147453 G 3 0 0 11 0 147297 0 0 0 0 0 0 0 0 19 0 0 47 76 0 0
289 169105 Y 0 30 1 0 13 0 37 0 0 0 0 13 0 1 0 1 0 2 0 168970 37
290 191815 D 1 0 191681 21 0 20 8 0 0 0 0 33 0 0 0 1 0 14 0 36 0
291 211829 F 0 1 0 0 211751 0 0 9 0 33 0 0 0 0 0 24 0 3 0 8 0
292 233876 E 1 0 13 233674 0 58 0 0 26 0 0 0 0 11 0 0 0 17 0 0 76
293 249301 R 0 0 0 0 0 49 0 0 32 0 156 0 0 0 248950 98 4 0 12 0 0
294 262679 E 1 0 161 262238 0 56 0 0 22 0 0 0 0 8 0 0 0 23 0 1 169
295 284018 G 9 0 0 45 0 283753 0 0 0 0 0 0 0 0 33 0 0 78 0 0 100
296 305105 Y 0 40 2 0 34 0 37 0 0 0 0 20 0 0 0 0 0 0 0 304930 42
297 325360 S 4 6 0 0 18 0 0 0 0 0 0 0 53 0 0 325005 23 0 0 251 0
298 349480 L 0 0 0 0 0 0 0 207 0 349195 0 0 38 25 1 0 0 14 0 0 0
299 363150 V 40 0 34 0 37 1 0 24 0 15 0 0 0 0 0 0 0 362999 0 0 0
300 378143 G 14 0 0 42 0 377767 0 0 1 0 0 0 0 0 103 0 0 111 0 0 105
301 394902 I 0 0 0 0 0 0 0 394672 24 31 70 1 0 0 0 0 47 57 0 0 0
302 419250 D 7 0 418963 52 0 47 18 0 0 0 0 33 0 0 0 0 0 42 0 88 0
303 442753 P 12 0 0 0 0 0 307 0 0 34 0 0 442188 0 13 45 154 0 0 0 0
304 462817 F 0 6 0 0 462466 0 0 25 0 223 0 0 0 0 0 57 0 1 0 39 0
305 485484 R 0 0 0 0 0 129 0 116 105 0 0 0 0 0 485036 52 19 0 0 0 27
306 502116 L 0 0 0 0 0 0 0 0 0 501941 52 0 70 40 4 0 0 9 0 0 0
307 523887 L 0 0 0 0 49 0 25 261 0 523440 0 0 86 0 8 0 0 18 0 0 0
308 546583 Q 0 0 0 29 0 0 10 1 222 24 0 0 1 546152 100 0 0 0 0 0 44
309 563915 N 0 0 67 0 0 0 5 27 87 0 0 563603 0 0 0 99 19 0 0 8 0
310 584202 S 0 39 0 0 0 85 0 400 0 0 0 104 0 0 402 583138 34 0 0 0 0
311 596725 Q 0 0 0 18 0 0 27 0 156 32 0 0 11 596348 56 0 0 0 0 0 77
312 616381 V 63 0 0 58 0 7 0 0 0 71 47 0 0 0 0 0 0 616135 0 0 0
313 635002 Y 0 95 0 0 41 0 89 0 0 0 0 44 0 0 0 4 0 0 0 634611 118
314 652471 S 0 31 0 0 0 98 0 464 0 0 0 66 0 0 386 651408 18 0 0 0 0
315 666759 L 0 0 0 0 0 0 0 201 0 666377 0 0 116 42 5 0 0 18 0 0 0
316 680751 I 0 0 0 0 54 0 0 680464 0 2 24 52 0 0 0 3 75 77 0 0 0
317 691314 R 0 0 0 0 0 147 0 187 56 0 0 0 0 0 690793 77 26 0 0 0 28
318 697663 P 22 0 0 0 0 0 0 0 0 82 0 0 697162 230 29 79 59 0 0 0 0
319 706795 N 0 0 51 0 0 0 1 59 29 0 0 706562 0 0 0 65 1 0 0 27 0
320 715986 E 4 0 211 715026 0 119 0 0 89 0 1 0 0 35 1 0 0 78 0 0 422
321 717999 N 0 0 85 0 0 0 2 39 71 0 1 717680 0 0 0 80 3 0 0 38 0
322 723259 P 16 0 0 0 0 0 0 0 0 103 0 0 722605 197 33 49 256 0 0 0 0
323 726730 A 725580 0 0 510 0 31 0 0 0 1 0 0 30 0 1 372 91 114 0 0 0
324 729225 H 0 0 19 0 0 0 728752 0 0 92 0 77 5 94 91 0 0 0 0 95 0
325 724643 K 0 0 1 113 0 0 0 0 723782 0 53 519 0 9 131 0 11 0 0 0 24
326 721671 S 0 53 0 0 0 92 0 64 0 0 0 72 0 0 80 721293 17 0 0 0 0
327 715472 Q 0 0 0 31 0 0 61 0 208 36 0 0 3 714955 100 0 0 0 0 0 78
328 710115 L 0 0 0 0 0 0 0 0 0 709877 85 0 81 50 2 0 0 20 0 0 0
329 713321 V 83 0 0 53 0 8 0 0 0 77 56 0 0 0 0 0 0 713044 0 0 0
330 716338 W 0 288 0 0 0 4 0 0 0 214 0 0 0 0 130 30 0 0 715532 0 140
331 707318 M 0 0 0 0 0 0 0 306 44 55 706743 0 0 0 3 0 87 79 0 0 1
332 706126 A 705091 0 0 336 0 35 0 0 1 0 0 0 26 0 0 354 115 168 0 0 0
333 705731 C 0 704607 0 0 367 0 0 0 0 0 0 0 0 0 117 96 0 0 28 143 373
334 697346 H 0 0 22 0 0 0 696815 0 0 52 0 226 2 42 68 0 0 0 0 119 0
335 689409 S 2 33 0 0 38 0 0 0 0 0 0 0 42 1 0 689071 43 0 0 179 0
336 683979 A 682744 0 258 0 0 25 0 0 0 0 0 0 45 0 0 628 146 133 0 0 0
337 677183 A 676064 0 0 538 0 18 0 0 0 0 0 0 10 0 0 356 143 54 0 0 0
338 675040 F 0 4 0 0 674826 0 0 19 0 103 0 0 0 0 0 69 0 3 0 16 0
339 674219 E 2 0 49 673682 0 93 0 0 50 0 0 0 0 22 0 0 0 54 0 0 267
340 665572 D 3 2 665196 48 0 78 15 0 0 0 0 46 0 0 0 0 0 74 0 110 0
341 661250 L 0 0 0 0 0 0 0 74 0 661019 0 0 105 35 3 0 0 14 0 0 0
342 662903 R 0 0 0 0 0 65 0 449 40 0 0 0 0 0 662239 61 21 0 0 0 28
343 665667 V 52 0 0 30 0 1 0 35 0 81 0 0 0 0 0 0 0 665468 0 0 0
344 664172 L 0 0 0 0 66 0 0 50 0 663909 0 0 0 0 0 63 0 6 0 0 78
345 656687 S 0 22 0 0 0 42 0 417 0 0 0 35 0 0 430 655722 18 1 0 0 0
346 653226 F 0 2 0 0 652720 0 0 11 0 342 0 0 0 0 0 77 0 6 0 68 0
347 647515 I 0 0 0 0 50 0 0 647195 0 7 20 63 0 0 0 1 78 101 0 0 0
348 642623 K 0 0 0 98 0 0 0 33 642333 0 0 61 0 2 58 0 1 0 0 0 37
349 646417 G 17 0 0 68 0 645703 0 0 0 0 0 0 0 0 59 0 0 217 353 0 0
350 642781 T 97 0 0 0 0 0 0 0 64 0 107 0 0 0 16 45 642452 0 0 0 0
351 640754 K 0 0 0 66 0 0 0 0 640302 0 62 165 0 1 102 0 12 0 0 0 44
352 635422 V 77 0 0 53 0 11 0 0 0 51 62 0 0 0 0 0 0 635167 1 0 0
353 642851 L 0 0 0 0 91 0 46 269 0 642295 0 0 125 0 6 0 0 19 0 0 0
354 644557 P 21 0 0 0 0 0 0 0 0 78 0 0 643782 368 22 59 227 0 0 0 0
355 644800 R 0 0 0 0 0 76 0 430 33 2 0 1 0 0 644175 23 24 0 0 0 36
356 651331 G 29 0 0 68 0 650479 0 0 0 1 1 0 0 0 89 0 0 226 438 0 0
357 642502 K 0 0 0 103 0 0 0 0 641735 0 24 475 0 2 108 0 2 0 0 1 52
358 642909 L 0 0 0 0 37 0 17 368 0 642384 0 0 88 0 3 0 0 12 0 0 0
359 647366 S 5 29 0 0 61 0 0 0 0 0 0 2 82 0 0 646977 41 0 0 169 0
360 653785 T 71 0 0 0 0 0 0 28 0 0 0 82 5 0 0 98 653501 0 0 0 0
361 649514 R 0 0 0 0 0 88 0 548 41 0 0 0 0 0 648710 44 32 0 0 0 51
362 654833 G 19 0 0 40 0 654019 0 0 0 0 0 0 0 0 64 0 0 487 0 0 204
363 657320 V 79 0 46 0 53 2 0 36 0 13 0 0 0 0 0 0 0 657091 0 0 0
364 663244 Q 0 0 0 32 0 0 53 0 225 41 0 0 5 662686 124 0 0 0 0 0 78
365 665665 I 0 0 0 0 40 0 0 665442 0 4 2 39 0 0 0 2 90 46 0 0 0
366 672551 A 671777 0 218 0 1 22 0 0 0 0 0 1 23 0 0 369 96 44 0 0 0
367 671521 S 11 24 0 0 52 0 0 0 0 0 0 0 89 0 0 671068 66 0 0 211 0
368 671103 N 0 0 92 0 0 0 7 30 38 0 0 670835 0 0 0 67 3 0 0 31 0
369 675089 E 2 0 33 674682 0 55 0 0 78 0 0 0 0 25 1 0 1 49 0 0 163
370 675220 N 0 0 82 0 0 0 4 63 21 0 0 674991 0 0 0 43 1 0 0 15 0
371 682073 M 0 0 0 0 0 0 0 255 49 41 681576 1 0 0 3 0 73 75 0 0 0
372 688315 E 3 0 219 687688 0 155 0 0 62 0 0 0 0 30 1 0 0 46 0 0 111
373 691568 T 130 0 0 0 0 0 0 40 0 0 0 57 5 0 0 84 691252 0 0 0 0
374 696171 M 0 0 0 0 0 0 0 334 61 52 695568 0 0 0 3 0 80 73 0 0 0
375 697874 E 6 0 42 697372 0 93 0 0 66 0 0 0 0 18 0 0 0 54 0 0 223
376 700457 S 3 0 0 0 0 0 0 0 0 70 0 0 80 0 0 699980 42 0 0 0 282
377 697082 S 0 48 0 0 0 82 0 86 0 1 0 51 0 0 75 696721 18 0 0 0 0
378 694945 T 64 0 0 0 0 0 0 90 82 0 0 0 5 0 21 61 694619 3 0 0 0
379 697899 L 0 0 0 0 41 0 50 62 0 697648 0 0 76 0 5 0 0 17 0 0 0
380 695247 E 4 0 52 694733 0 77 0 0 70 0 0 0 0 32 0 0 0 52 0 0 227
381 696993 L 0 0 0 0 0 0 0 0 0 696778 73 0 98 18 5 0 1 20 0 0 0
382 698144 R 0 0 0 0 0 115 0 59 59 0 0 0 0 0 697794 51 19 0 0 0 47
383 698172 S 0 16 0 0 0 84 0 354 0 0 0 39 0 0 467 697200 12 0 0 0 0
384 697212 R 0 0 0 0 0 189 0 0 35 0 195 0 0 0 696640 80 15 0 58 0 0
385 697139 Y 0 88 2 0 58 0 80 0 0 0 0 72 0 0 0 4 0 0 0 696770 65
386 697624 W 0 208 0 0 0 16 0 0 0 412 0 0 0 0 139 26 0 0 696638 0 185
387 697179 A 696123 0 425 0 0 23 0 0 0 0 0 0 31 0 0 368 112 97 0 0 0
388 692930 I 0 0 0 0 0 0 0 692525 21 86 139 0 0 0 3 0 78 78 0 0 0
389 695874 R 0 0 0 0 0 116 0 1 46 0 228 0 0 0 695232 208 13 0 30 0 0
390 694105 T 81 0 0 0 0 0 0 67 0 0 0 44 5 0 0 99 693808 0 0 1 0
391 703341 R 0 0 0 0 0 161 0 142 37 0 0 0 0 0 702898 31 15 0 0 0 57
392 704249 S 0 42 0 0 0 62 0 56 0 0 0 34 0 0 66 703978 11 0 0 0 0
393 710520 G 35 0 0 39 0 709460 0 0 2 0 0 0 0 0 118 0 0 667 0 0 199
394 714967 G 38 0 0 58 0 714402 0 0 0 0 0 0 0 0 100 0 0 183 0 0 186
395 713768 N 0 0 113 0 0 0 6 36 88 0 0 713399 0 0 0 80 29 0 0 17 0
396 714760 T 102 0 0 0 0 0 2 58 1 0 0 53 9 0 0 80 714455 0 0 0 0
397 718788 N 0 0 71 0 0 0 6 24 67 0 0 718529 0 0 0 61 5 0 0 25 0
398 710844 Q 0 0 0 18 0 0 50 0 252 39 0 0 4 710326 103 1 0 0 0 0 51
399 708262 Q 0 0 0 20 0 0 502 0 81 36 0 0 6 707438 105 0 0 0 0 0 74
400 707412 R 0 0 0 0 0 96 0 0 63 0 400 0 0 0 706675 128 15 0 35 0 0
401 711704 A 710759 0 0 341 0 35 0 0 0 0 0 0 21 0 0 318 76 153 0 0 1
402 710149 S 1 12 0 0 39 0 0 0 0 0 0 1 63 0 0 709757 48 0 0 228 0
403 711778 A 709667 0 1 309 0 35 0 0 0 0 0 0 36 0 0 1328 86 316 0 0 0
404 716770 G 34 179 220 0 0 715826 0 0 0 0 0 0 0 0 31 89 0 391 0 0 0
405 724018 Q 0 0 0 13 0 0 58 0 172 34 0 0 13 723539 91 0 0 0 0 1 97
406 715076 I 0 1 0 0 43 0 0 714840 0 1 15 42 0 0 0 2 65 67 0 0 0
407 720775 S 0 29 0 0 0 138 0 473 0 0 0 84 0 0 432 719590 28 1 0 0 0
408 723381 I 0 0 0 0 0 0 0 723008 29 61 94 0 0 0 6 0 93 90 0 0 0
409 723553 Q 0 0 0 23 0 0 59 0 52 8 0 0 5 723254 78 0 0 1 0 0 73
410 727087 P 11 0 0 0 0 0 185 0 0 44 0 0 726739 0 14 42 52 0 0 0 0
411 730678 T 78 0 0 0 0 0 0 0 75 0 108 0 1 0 15 30 730371 0 0 0 0
412 735788 F 0 1 0 0 735346 0 0 46 0 277 0 0 0 0 0 97 0 3 0 18 0
413 740805 S 6 0 0 0 0 0 0 0 0 99 0 0 130 0 1 739974 71 0 0 0 524
414 746379 V 89 0 0 76 0 5 0 51 0 112 0 0 0 0 0 0 0 746046 0 0 0
415 747511 Q 0 0 0 26 0 0 388 0 105 61 0 0 10 746744 95 0 0 0 0 0 82
416 745605 R 0 0 0 0 0 95 0 169 41 0 1 0 0 0 745178 36 33 0 0 0 52
417 753592 N 0 0 104 0 0 0 4 35 39 0 0 753273 0 0 0 80 2 0 0 55 0
418 759342 L 0 0 0 0 40 0 59 156 0 758916 0 0 143 0 9 0 0 19 0 0 0
419 759209 P 18 0 0 0 0 0 453 0 0 44 0 0 758398 0 14 54 228 0 0 0 0
420 761143 F 0 1 0 0 760875 0 0 34 0 136 0 0 0 0 0 70 0 7 0 20 0
421 761698 D 6 0 760977 97 2 112 29 0 0 0 0 97 0 0 0 0 0 88 0 290 0
422 759673 R 0 0 0 0 0 142 0 222 72 0 0 0 0 0 759119 34 30 0 0 0 54
423 751232 T 81 0 0 0 0 1 0 76 69 0 0 0 3 0 11 85 750906 0 0 0 0
424 748472 T 90 0 1 0 0 0 0 55 0 0 0 56 4 0 0 65 748201 0 0 0 0
425 741310 I 0 0 0 0 54 0 0 741037 0 1 6 67 0 0 0 3 80 62 0 0 0
426 731637 M 0 0 0 0 0 0 0 314 71 39 731054 0 0 0 6 0 89 64 0 0 0
427 722369 A 721330 0 0 366 0 45 0 0 0 1 0 0 28 0 0 328 85 185 0 0 1
428 705888 A 704800 0 0 427 0 15 0 1 1 2 0 0 24 0 0 435 103 80 0 0 0
429 688863 F 0 3 0 0 688419 0 0 32 0 275 0 0 0 0 0 79 0 2 0 53 0
430 672972 N 0 1 108 0 0 0 6 38 46 0 0 672664 0 0 0 65 2 0 1 41 0
431 654832 G 24 0 0 78 0 653980 0 0 5 0 0 0 0 0 117 0 0 245 382 0 1
432 638659 N 0 0 110 0 0 0 2 48 49 0 0 638313 0 0 1 91 0 1 0 44 0
433 627348 T 86 0 0 0 0 0 0 103 76 0 0 0 2 0 23 60 626998 0 0 0 0
434 609876 E 5 0 425 608751 0 101 0 0 41 0 0 0 0 16 0 0 0 32 1 0 504
435 594308 G 17 0 1 70 0 593489 0 0 0 0 0 0 0 0 71 0 0 225 435 0 0
436 574441 R 0 0 0 0 0 118 0 184 94 0 0 0 0 0 573929 41 22 0 0 0 53
437 555088 T 67 0 0 0 0 0 0 60 51 0 0 0 3 0 13 39 554855 0 0 0 0
438 537078 S 3 12 0 0 22 0 0 0 0 0 0 0 60 0 0 536812 24 0 0 145 0
439 522787 D 9 0 522281 59 0 63 27 0 0 0 0 77 0 0 0 0 0 62 0 209 0
440 504890 M 0 0 0 0 0 0 0 624 31 42 504040 0 0 0 2 0 70 81 0 0 0
441 487166 R 0 0 0 0 0 80 0 0 62 0 175 0 0 0 486635 170 12 0 32 0 0
442 468460 T 62 0 0 0 0 0 0 60 0 0 0 38 3 0 0 66 468231 0 0 0 0
443 453964 E 0 0 16 453596 0 66 0 0 94 1 0 0 0 18 0 0 0 26 0 0 147
444 437925 I 0 0 0 0 14 0 0 437797 0 2 13 25 0 0 0 1 37 36 0 0 0
445 419317 I 0 0 0 0 0 0 0 419078 25 33 86 0 0 0 1 0 44 50 0 0 0
446 398475 R 0 0 0 0 0 53 0 0 24 0 128 0 0 0 398104 139 11 0 16 0 0
447 377659 M 0 0 0 0 0 0 0 181 16 53 377324 0 0 0 2 0 40 43 0 0 0
448 360574 M 0 0 0 0 0 0 0 141 34 35 360279 0 0 0 2 0 34 49 0 0 0
449 337612 E 2 0 17 337403 0 53 0 0 26 0 0 0 0 8 0 0 0 22 0 0 81
450 318254 S 0 4 0 0 0 35 0 24 0 0 0 30 0 0 37 318120 4 0 0 0 0
451 295883 A 295426 0 0 109 0 16 0 0 0 0 0 0 15 0 0 171 59 87 0 0 0
452 276870 R 0 0 0 0 0 36 0 83 29 0 0 0 0 0 276671 29 10 0 0 0 12
453 249306 P 5 0 0 0 0 0 0 0 0 29 0 0 249142 77 8 22 23 0 0 0 0
454 228510 E 0 0 20 228377 0 18 0 0 16 0 0 0 0 5 0 0 0 10 0 0 64
455 199731 D 0 0 199636 17 0 10 4 0 0 0 1 13 0 0 0 0 0 11 0 39 0
456 175853 V 25 0 0 19 0 3 0 0 0 38 20 0 0 0 0 0 0 175748 0 0 0
457 165407 S 1 9 0 0 13 0 0 0 1 0 0 0 24 0 0 165292 21 0 0 46 0
458 238074 F 0 1 0 0 237808 0 1 17 0 166 0 0 0 0 0 51 0 1 0 29 0
459 246748 Q 0 0 0 17 0 0 236 0 162 22 0 0 8 246056 180 0 0 0 0 0 67
460 246042 G 20 0 1 55 0 245813 0 0 0 0 0 0 0 0 1 0 0 139 13 0 0
461 245634 R 0 0 0 1 0 23 1 0 0 310 0 0 28 87 245076 0 0 0 108 0 0
462 239776 G 17 0 0 62 0 239260 0 0 1 0 0 1 0 0 119 0 0 100 0 0 216
463 243233 V 21 0 4 0 20 6 0 21 0 10 0 0 0 0 0 0 0 243151 0 0 0
464 293357 F 0 1 0 0 293110 0 0 21 0 148 0 0 0 0 0 50 0 5 0 22 0
465 306033 E 2 0 215 305459 0 52 0 0 67 0 0 0 0 21 0 0 0 8 1 0 208
466 334611 L 0 1 0 0 24 0 6 201 0 334329 0 0 36 0 3 0 0 11 0 0 0
467 364804 S 1 0 0 0 0 0 0 0 0 87 0 0 51 0 0 364437 19 0 9 0 200
468 382405 D 2 0 382088 56 0 75 21 0 0 0 0 24 0 0 0 0 0 21 0 118 0
469 415035 E 2 0 9 414733 0 41 0 0 78 0 0 0 0 20 0 0 0 30 0 0 122
470 430801 K 0 0 0 43 0 0 0 0 430405 0 16 118 0 0 198 1 8 0 0 0 12
471 454756 A 454169 0 0 206 0 26 0 0 1 0 0 0 14 0 0 222 44 74 0 0 0
472 471449 A 470530 0 0 277 0 24 0 0 0 0 0 0 15 0 0 387 44 172 0 0 0
473 476254 S 0 17 0 0 0 34 0 391 0 0 0 59 0 0 287 475437 28 1 0 0 0
474 478493 P 19 0 0 0 0 0 0 0 0 87 0 0 477906 286 22 56 117 0 0 0 0
475 476716 I 0 0 0 0 31 0 0 476521 0 1 14 48 0 0 0 2 49 50 0 0 0
476 474688 V 89 0 0 29 0 8 0 0 0 93 107 0 0 0 0 0 0 474362 0 0 0
477 472632 P 24 0 0 0 0 0 131 1 0 35 0 0 472182 0 17 57 185 0 0 0 0
478 470331 S 3 14 0 0 33 0 0 0 0 0 0 0 45 0 0 470082 30 0 0 124 0
479 468615 F 0 5 0 0 468384 0 0 17 0 107 0 1 0 0 0 53 0 14 0 34 0
480 464193 D 5 0 463719 85 0 69 28 0 0 0 0 60 0 0 0 0 0 66 0 161 0
481 465599 M 0 0 0 0 0 0 0 606 23 34 464820 0 0 0 3 0 59 54 0 0 0
482 455545 S 0 50 0 0 0 62 0 61 0 0 0 41 0 0 45 455268 18 0 0 0 0
483 462544 N 0 0 34 0 0 0 1 29 38 0 0 462391 0 0 0 39 3 0 0 9 0
484 461466 E 4 0 37 461040 0 55 1 0 66 0 0 0 0 23 0 0 0 51 0 0 189
485 459722 G 17 0 0 28 0 459424 0 0 0 0 0 0 0 0 53 0 0 78 0 0 122
486 459715 S 0 9 0 0 41 0 0 0 0 0 0 0 43 0 0 459550 28 0 0 44 0
487 458945 Y 0 40 1 0 19 0 64 0 0 0 0 5 0 0 0 0 0 0 0 458781 35
488 455755 F 0 0 0 0 455470 0 1 20 0 182 0 0 0 0 0 43 0 3 0 36 0
489 457667 F 0 1 0 0 457305 0 0 19 0 277 0 0 1 0 0 36 0 3 0 25 0
490 456449 G 17 0 0 31 0 455910 0 0 1 1 0 0 0 0 95 0 0 259 0 0 135
491 457190 D 3 0 456852 59 0 71 12 0 0 0 0 27 0 0 0 0 0 54 0 112 0
492 455428 N 0 0 66 0 0 0 2 28 39 0 0 455243 0 0 0 29 1 0 0 20 0
493 454723 A 454061 0 0 244 0 20 0 0 0 0 0 0 22 0 0 210 79 87 0 0 0
494 452043 E 1 0 184 451448 0 62 0 0 27 0 0 0 0 15 0 0 0 20 0 0 286
495 443923 E 4 0 73 443509 0 59 0 0 36 0 0 0 0 16 0 0 0 22 1 0 203
496 420680 Y 0 66 0 0 46 0 55 0 0 0 0 38 0 0 0 3 0 0 0 420395 77
497 432100 D 0 1 431681 62 0 71 25 0 0 0 0 86 0 0 0 0 0 55 0 119 0
498 421578 N 0 0 34 1 0 0 3 22 29 0 0 421434 0 0 0 35 0 0 0 20 0
