# nucleotide counts
# upper case indicates nucleotide called by both reads
# lower case indicates nucleotide called by one read with other ambiguous
# N indicates disagreement between reads, or both ambiguous
# POSITION WT COUNTS A T C G a t c g N
1 A 961881 958978 60 4 96 2537 1 2 0 203
2 T 963057 93 959778 131 1 2 2834 0 0 218
3 G 964094 159 210 35 960218 0 7 0 3061 404
4 G 964689 63 919 38 960150 0 5 3 3178 333
5 C 965634 649 240 960774 53 7 14 3624 1 272
6 G 966453 175 91 38 961901 1 8 0 3929 310
7 T 967349 32 962463 121 3 0 4401 4 1 324
8 C 968088 99 68 962786 29 2 2 4792 0 310
9 T 968958 69 963191 223 5 1 5241 4 2 222
10 C 969864 798 126 962651 46 7 3 5738 0 495
11 A 970854 963872 51 6 253 6346 1 2 1 322
12 A 971727 964252 78 16 189 6863 11 1 0 317
13 G 972152 102 247 40 964522 2 6 1 6940 292
14 G 972956 117 409 47 964572 4 5 1 7365 436
15 C 974125 679 135 964856 37 6 15 8001 1 395
16 A 974892 965179 86 15 173 8388 4 14 6 1027
17 C 975965 82 93 966364 21 13 5 8928 0 459
18 C 977373 274 106 966805 42 3 4 9717 15 407
19 A 978775 967655 21 5 82 10773 24 2 4 209
20 A 979942 968390 38 8 89 11159 5 20 6 227
21 A 981012 968749 36 41 119 11652 20 3 2 390
22 C 982175 105 143 969493 24 2 17 12033 0 358
23 G 983149 114 156 29 970267 3 15 25 12257 283
24 A 984640 971376 39 0 87 12908 2 0 7 221
25 T 986021 51 972015 124 1 3 13335 5 1 486
26 C 987215 150 41 973347 26 5 4 13454 1 187
27 T 988847 76 974070 102 9 2 14200 9 1 378
28 T 990536 15 974519 135 5 1 15621 2 0 238
29 A 992425 975119 34 3 134 16615 8 4 3 505
30 C 994528 99 190 976557 38 5 36 17402 1 200
31 G 995858 182 368 52 977062 5 18 6 17925 240
32 A 997844 978522 61 5 111 18715 7 3 4 416
33 A 999679 980028 79 3 121 19147 8 2 7 284
34 C 1001899 126 119 981367 37 6 12 19860 1 371
35 A 1004585 982970 69 9 136 21181 10 4 3 203
36 G 1005679 65 337 33 983834 1 19 7 21104 279
37 A 1007655 985637 80 3 105 21460 2 2 5 361
38 T 1009759 81 987122 109 3 3 22153 9 1 278
39 G 1011070 136 253 45 988650 4 47 7 21708 220
40 G 1012975 99 436 47 990180 1 27 6 21955 224
41 A 1015412 991279 104 3 302 23216 28 3 14 463
42 G 1017378 92 296 28 993248 6 25 5 23344 334
43 A 1019552 995261 87 8 126 23681 13 5 8 363
44 C 1022218 103 71 997091 38 3 6 24489 6 411
45 T 1025701 59 999281 141 8 1 25808 11 1 391
46 G 1028111 119 461 46 1000440 5 43 7 26808 182
47 A 1030359 1002708 109 9 183 26956 9 4 9 372
48 T 1033060 92 1004719 115 5 8 27890 7 3 221
49 G 1034688 145 310 39 1006525 6 46 11 27369 237
50 G 1036655 99 527 51 1009011 12 47 4 26625 279
51 A 1039008 1010330 82 7 299 27769 50 4 14 453
52 G 1041038 110 259 16 1012200 13 25 4 28061 350
53 A 1044127 1013774 40 4 92 29560 6 2 8 641
54 A 1046320 1014832 36 7 121 31019 4 4 13 284
55 C 1049163 92 200 1015585 31 14 27 33030 2 182
56 G 1052269 268 724 52 1015740 9 59 14 35086 317
57 C 1055233 1153 69 1015742 28 50 14 37841 13 323
58 C 1060334 231 146 1016705 45 19 24 42926 9 229
59 A 1064850 1017292 82 13 267 46894 46 13 14 229
60 G 1066722 66 309 39 1018434 11 42 9 47633 179
61 A 1069394 1016661 57 6 100 52317 19 3 19 212
62 A 1072275 1013215 41 0 115 58692 3 4 8 197
63 T 1076352 56 1010209 142 7 14 65662 13 9 240
64 G 1080670 210 633 65 1001994 22 58 10 77426 252
65 C 1085875 488 229 995464 39 64 37 89117 21 416
66 C 1090783 225 155 987030 43 46 45 103043 13 183
67 A 1094803 978941 105 10 118 114923 37 19 32 618
68 C 1099017 90 74 973536 16 30 17 124924 22 308
69 T 1103455 81 973785 214 17 21 129070 33 9 225
70 G 1107733 137 280 54 963560 41 77 40 143249 295
71 A 1111528 951326 49 4 156 159554 39 19 49 332
72 A 1114161 938450 47 3 186 175107 30 13 61 264
73 A 1116321 917981 35 0 78 197696 34 14 72 411
74 T 1119106 53 900957 83 4 21 217582 30 45 331
75 C 1122179 388 80 884357 29 160 66 236619 71 409
76 A 1124680 870316 65 9 203 253587 139 9 104 248
77 G 1121997 89 557 28 855543 59 281 50 264960 430
78 A 1121072 843452 27 11 165 276899 122 45 62 289
79 G 1116045 67 447 22 828851 49 196 88 285998 327
80 C 1113432 433 116 819792 37 243 147 292478 39 147
81 A 1109353 806101 44 6 95 302607 51 74 91 284
82 T 1104991 66 791691 106 3 111 312058 207 78 671
83 C 1101147 244 63 781434 27 301 151 318669 31 227
84 C 1106039 208 168 771991 31 587 185 332549 72 248
85 G 1097592 146 88 13 763318 373 227 113 333072 242
86 T 1085159 68 748762 90 3 105 335377 86 219 449
87 C 1074647 311 149 733662 30 252 160 339728 175 180
88 G 1055742 216 218 28 727710 307 178 153 326701 231
89 G 1039742 85 176 30 710563 111 150 34 328394 199
90 A 1028348 696956 34 2 113 330784 91 26 131 211
91 A 1017269 684455 34 3 110 332122 74 93 74 304
92 A 1006785 668762 28 4 60 337582 56 56 56 181
93 A 994650 656689 13 1 96 337462 63 32 87 207
94 A 983631 641409 49 1 53 341526 199 24 113 257
95 T 975281 31 626771 85 5 107 347727 110 190 255
96 G 960986 72 232 22 615573 223 298 46 344352 168
97 A 947846 603884 42 2 50 343379 168 33 123 165
98 T 937499 43 584314 42 1 94 352683 67 46 209
99 T 927851 53 572344 49 1 118 354921 61 132 172
100 G 917617 69 192 27 567778 205 313 42 348844 147
101 G 904326 109 49 16 558576 139 175 120 344960 182
102 T 892032 49 557146 90 3 335 333025 153 330 901
103 G 888994 83 138 17 560037 253 161 48 328084 173
104 G 872888 51 157 16 546349 176 265 60 325637 177
105 A 859525 537291 30 3 55 321669 58 32 175 212
106 A 437331 347536 11 2 61 89526 35 9 32 119
107 T 433561 20 349019 32 3 14 84332 22 6 113
108 T 434201 22 349864 46 3 16 84094 14 6 136
109 G 435124 49 93 20 353485 18 104 22 81213 120
110 G 432671 26 84 21 356978 15 56 16 75357 118
111 A 431061 358276 28 1 91 72432 17 7 40 169
112 C 433648 47 82 361083 19 15 52 72209 16 125
113 G 436390 65 120 15 364110 22 71 21 71880 86
114 A 436837 367113 22 1 29 69542 14 7 15 94
115 T 440002 20 368308 56 1 7 71443 17 7 143
116 T 442339 20 370370 24 5 7 71765 12 6 130
117 C 444233 108 21 375078 11 26 20 68864 8 97
118 T 450333 35 380187 72 3 12 69906 23 3 92
119 A 454835 384529 41 1 64 70007 21 11 20 141
120 C 460295 39 63 390012 11 20 17 70027 4 102
121 A 466271 393840 32 2 35 72184 11 8 17 142
122 T 470494 31 398686 47 2 22 71534 20 10 142
123 C 475408 112 34 404792 16 41 16 70251 11 135
124 C 481663 129 54 409446 17 23 21 71787 15 171
125 A 487465 413806 11 2 66 73366 25 13 19 157
126 A 491070 417696 7 1 32 73121 26 9 19 159
127 A 496213 424188 15 4 34 71813 11 10 19 119
128 T 500813 18 430998 35 2 10 69613 19 4 114
129 G 503327 63 45 18 436830 22 42 14 66176 117
130 T 508946 47 442685 84 1 22 65813 27 6 261
131 G 513745 79 317 16 448612 35 80 15 64456 135
132 C 519786 207 155 452211 20 49 40 66946 6 152
133 A 526079 459447 55 4 76 66168 23 28 12 266
134 C 530560 45 73 464558 11 21 29 65653 11 159
135 C 535111 133 167 469541 15 44 109 64903 26 173
136 G 540699 90 143 18 475449 22 98 18 64754 107
137 A 546530 480464 15 3 37 65803 24 23 10 151
138 A 551238 485265 35 3 71 65549 28 22 23 242
139 C 556549 41 51 491387 12 33 10 64866 9 140
140 T 563051 41 497517 84 3 2 65234 21 10 139
141 C 568651 591 140 501680 29 93 32 65908 30 148
142 A 573474 505482 22 2 91 67630 31 15 26 175
143 A 578601 509686 11 5 44 68597 8 30 14 206
144 A 583041 511653 28 11 56 70998 18 15 18 244
145 C 588021 44 27 516435 10 16 5 71356 5 123
146 T 593585 16 519376 62 0 14 73864 21 6 226
147 C 598611 577 63 523911 23 82 22 73766 11 156
148 A 603685 530225 31 7 119 73054 26 6 23 194
149 G 607332 38 51 10 534574 9 18 17 72490 125
150 T 612289 68 539214 65 3 16 72475 30 14 404
151 G 617052 49 209 20 544691 14 68 16 71843 142
152 A 621329 549487 42 2 46 71549 6 8 16 173
153 T 625701 41 552698 50 4 16 72685 17 10 180
154 T 632109 5 556999 39 1 19 74831 13 4 198
155 A 637504 563232 40 2 51 73954 19 11 14 181
156 T 642159 58 567898 67 3 16 73900 21 12 184
157 G 645850 75 671 30 573862 25 133 20 70886 148
158 A 650707 579292 57 6 123 70937 89 8 20 175
159 G 653392 67 265 24 582857 18 82 15 69869 195
160 G 655954 69 201 16 586793 18 65 15 68575 202
161 G 659465 134 168 30 591632 22 47 17 67222 193
162 A 663423 595634 47 2 180 67266 35 12 22 225
163 C 668026 61 135 598504 8 22 46 69054 26 170
164 G 672917 101 157 16 598781 48 91 30 73504 189
165 G 674988 153 50 17 602370 27 20 16 72183 152
166 T 679246 52 605712 165 1 17 72855 34 26 384
167 T 684835 31 608388 95 3 11 76059 21 13 214
168 G 687442 72 84 21 611234 17 75 22 75757 160
169 A 692194 615554 64 2 59 76279 13 10 33 180
170 T 696047 55 619242 69 1 32 76425 25 9 189
171 C 701119 108 56 624389 13 51 37 76213 10 242
172 C 706082 133 81 626110 32 69 31 79370 8 248
173 A 710440 629440 27 70 75 80530 36 52 23 187
174 A 712853 628972 23 1 161 83393 33 5 34 231
175 A 716356 629432 28 1 82 86526 18 13 41 215
176 A 719037 630691 34 29 68 87866 23 35 26 265
177 C 722465 67 46 632751 15 51 34 89298 18 185
178 A 724357 634859 5 5 68 89147 34 18 36 185
179 G 725308 40 480 18 638328 12 109 39 86113 169
180 C 727792 419 31 638177 24 64 32 88861 20 164
181 T 733020 35 640975 47 6 15 91640 27 12 263
182 T 737631 56 646448 78 2 43 90729 33 12 230
183 A 741335 649221 52 0 72 91715 25 9 18 223
184 A 745295 652755 46 0 69 92148 24 17 21 215
185 C 749242 70 65 655388 17 84 29 93387 15 187
186 A 754190 658673 44 6 87 95118 17 7 29 209
187 A 754715 661285 49 2 63 93019 11 16 51 219
188 T 758204 47 665433 71 2 25 92395 48 9 174
189 A 762256 668553 50 5 117 93244 100 10 22 155
190 G 763522 51 370 21 671663 22 94 16 91116 169
191 A 766169 673426 44 2 83 92316 47 8 28 215
192 G 768165 43 289 22 677402 18 49 18 90133 191
193 A 771527 677198 61 2 110 93803 52 18 23 260
194 G 772684 59 168 18 677431 16 61 19 94694 218
195 A 774582 679912 47 5 92 94193 22 10 39 262
196 A 777383 683781 40 2 57 93220 17 11 29 226
197 T 780095 49 684039 67 2 23 95672 23 7 213
198 G 779960 80 187 36 683841 21 95 29 95422 249
199 G 781709 70 58 22 681907 54 29 16 99311 242
200 T 784460 94 681411 104 10 52 101690 44 65 990
201 G 788150 105 326 24 682823 57 71 58 104475 211
202 C 791869 342 52 683489 15 80 71 107578 15 227
203 T 797302 40 683682 80 10 101 113119 24 12 234
204 C 801363 422 49 686724 22 108 34 113770 17 217
205 T 804463 43 683368 110 3 60 120479 157 17 226
206 C 805550 305 37 681634 29 87 17 123228 31 182
207 T 808796 64 680148 131 3 78 128087 49 14 222
208 G 806246 115 499 31 677284 109 118 31 127883 176
209 C 808213 231 47 675156 27 65 83 132385 35 184
210 T 813756 14 675335 135 2 25 137927 54 18 246
211 T 815482 32 674750 67 4 32 140248 38 65 246
212 T 817482 25 674848 51 3 19 142223 30 19 264
213 T 818463 28 671202 92 4 19 146832 34 28 224
214 G 815163 93 210 28 669717 92 93 30 144734 166
215 A 812294 668430 58 2 122 143374 25 23 41 219
216 C 813628 48 237 668736 27 74 164 144074 65 203
217 G 814935 90 221 17 670247 78 101 55 143934 192
218 A 816383 674269 61 3 86 141591 60 19 45 249
219 A 817429 674764 36 1 102 142149 56 20 53 248
220 A 817301 677993 26 4 90 138822 80 12 45 229
221 G 814624 54 202 22 680375 36 143 20 133583 189
222 G 813630 106 307 27 683340 67 87 23 129491 182
223 A 812641 683441 64 3 110 128695 43 10 46 229
224 G 810977 41 135 35 683598 45 55 23 126866 179
225 A 809390 683548 53 5 155 125283 23 12 59 252
226 A 806447 682110 28 1 68 123941 13 16 42 228
227 A 807138 681493 29 1 72 125244 16 14 32 237
228 T 806841 36 682389 54 3 49 124061 23 23 203
229 A 807715 681274 42 4 69 125998 36 26 30 236
230 A 807556 683032 49 7 61 124129 20 15 24 219
231 A 806447 685426 28 4 48 120631 26 27 24 233
232 T 806104 66 685414 75 2 42 120245 32 7 221
233 A 807029 689864 38 4 74 116000 36 30 35 948
234 C 805261 53 80 692930 22 36 50 111823 18 249
235 C 807868 223 41 695953 19 83 26 111275 36 212
236 T 809818 44 692106 79 3 37 117251 44 9 245
237 T 808728 46 689957 116 29 50 118199 37 35 259
238 G 807369 75 235 26 689510 38 76 21 117211 177
239 A 807542 687649 44 1 86 119493 19 10 30 210
240 A 807118 686239 39 4 111 120350 68 15 40 252
241 G 806439 40 171 33 686949 35 57 17 118936 201
242 A 806461 686384 65 4 89 119624 32 17 23 223
243 A 806361 686177 66 2 84 119673 19 18 39 283
244 C 808241 65 73 687139 19 51 43 120638 21 192
245 A 812402 686591 64 3 82 125389 28 19 21 205
246 T 812911 48 685391 76 3 28 127086 37 12 230
247 C 813588 239 46 683957 23 96 36 128943 21 227
248 C 815850 230 62 684142 29 127 41 130920 25 274
249 C 821018 397 73 686869 18 184 45 133201 23 208
250 A 824447 689348 20 2 92 134671 28 19 43 224
251 G 823010 53 54 12 692232 23 38 21 130395 182
252 T 819942 53 694321 109 8 32 124923 56 36 404
253 G 816634 62 1002 32 692216 25 181 19 122915 182
254 C 815107 359 171 693935 18 69 147 120142 44 222
255 G 812310 156 411 18 694766 51 148 40 116511 209
256 G 810313 89 497 15 691156 23 126 36 118093 278
257 G 807910 115 243 19 691180 50 105 14 115951 233
258 G 805625 78 199 23 690265 47 76 27 114689 221
259 A 805472 690920 41 0 110 114070 33 14 35 249
260 A 805512 694520 50 5 109 110367 179 7 30 245
261 A 805708 695596 46 15 216 109304 64 11 220 236
262 G 802616 48 95 13 695742 53 182 8 106288 187
263 A 801312 696686 46 0 75 104087 173 10 32 203
264 T 800161 63 698351 73 3 26 101163 178 17 287
265 C 798031 97 57 696952 20 51 156 100425 23 250
266 C 800100 149 45 696314 30 83 141 103108 19 211
267 T 803543 36 697318 99 1 62 105717 113 7 190
268 A 801958 695734 6 1 97 105835 21 13 23 228
269 A 800417 697402 22 3 63 102595 36 7 33 256
270 G 798148 30 45 16 698243 55 23 15 99490 231
271 A 797571 696818 28 2 74 100326 17 10 53 243
272 A 796929 694585 19 3 75 101936 40 8 28 235
273 A 795524 693464 16 3 66 101644 20 11 23 277
274 A 793272 692283 53 28 64 100457 20 27 24 316
275 C 793322 50 37 692841 14 29 15 100137 16 183
276 T 794520 34 692630 115 7 17 101466 34 8 209
277 G 792184 90 193 35 692802 19 100 19 98707 219
278 G 791528 53 183 18 693282 55 59 17 97641 220
279 A 793952 694783 48 2 167 98570 46 18 68 250
280 G 792305 74 122 9 694430 32 69 12 97287 270
281 G 791530 68 154 28 694169 25 68 24 96748 246
282 A 789916 692776 72 7 87 96423 50 12 37 452
283 C 789013 46 90 690810 20 28 35 97700 34 250
284 C 789768 192 37 689562 27 93 38 99621 13 185
285 T 790369 36 687072 144 13 36 102786 67 23 192
286 A 789081 685950 34 3 61 102751 25 8 12 237
287 T 787658 58 684869 70 0 24 102418 20 3 196
288 A 786646 685012 48 2 69 101284 13 7 18 193
289 T 786533 51 683218 76 2 28 102893 24 11 230
290 A 785116 682512 55 4 72 102155 22 8 22 266
291 C 783658 88 96 683644 26 46 48 99486 17 207
292 A 783867 681572 48 10 147 101791 58 10 36 195
293 G 783004 93 209 15 680146 43 103 19 102171 205
294 G 782269 46 346 24 678989 16 84 11 102537 216
295 A 782117 677442 57 3 110 104197 55 11 28 214
296 G 778598 48 539 27 674933 20 132 18 102703 178
297 A 777681 674919 28 2 89 102397 14 10 22 200
298 G 775940 83 45 20 674309 24 30 14 101207 208
299 T 776679 84 674956 73 6 91 100257 39 62 1111
300 A 777552 675167 16 1 69 102013 13 8 24 241
301 A 778362 675072 17 5 122 102849 4 13 43 237
302 A 778869 674903 45 17 63 103528 16 16 17 264
303 C 779397 64 179 674789 16 51 81 103962 17 238
304 G 779916 197 194 24 673769 56 80 13 105353 230
305 G 778656 58 172 19 673860 18 41 14 104273 201
306 A 779125 673662 42 2 98 105023 32 12 18 236
307 A 781169 675116 47 1 94 105615 20 6 37 233
308 A 780434 674320 24 0 125 105708 20 9 34 194
309 G 780232 37 46 9 673643 12 33 9 106250 193
310 T 781382 44 673512 68 3 65 106894 37 104 655
311 G 780280 97 188 20 671211 30 88 28 108398 220
312 G 777616 34 251 15 669230 17 65 16 107769 219
313 A 777939 670290 75 4 87 107217 25 8 27 206
314 T 777027 76 671135 78 6 21 105368 27 14 302
315 G 776460 92 510 33 673171 40 124 23 102298 169
316 A 776416 672639 68 10 101 103308 74 13 24 179
317 G 773063 56 267 19 668678 19 70 20 103756 178
318 A 773930 668242 48 3 188 105124 58 13 44 210
319 G 771010 75 181 27 669067 23 56 16 101357 208
320 A 771251 667023 34 5 84 103798 28 18 27 234
321 A 768944 666305 70 2 79 102052 40 8 27 361
322 C 766487 45 54 667027 16 32 17 99114 13 169
323 T 768067 56 665234 108 3 28 102343 30 10 255
324 C 768410 621 75 663607 26 124 31 103724 10 192
325 A 768946 663651 38 3 167 104800 14 20 39 214
326 T 769320 59 662641 83 2 32 106234 21 18 230
327 C 769988 208 43 659375 17 71 22 110016 28 208
328 C 771956 235 32 657711 23 116 17 113578 16 228
329 T 772863 19 657582 65 6 70 114853 38 17 213
330 T 771913 29 654783 54 2 35 116697 48 18 247
331 T 768677 9 653237 69 3 19 115075 19 9 237
332 A 764727 650406 31 0 65 113935 42 15 26 207
333 T 762666 67 649997 94 3 27 112242 33 14 189
334 G 759246 109 186 35 647211 37 79 37 111377 175
335 A 757719 645887 90 3 113 111297 28 23 30 248
336 C 757796 75 83 642742 24 60 30 114524 36 222
337 A 760249 640393 23 2 92 119458 38 14 41 188
338 A 758606 638376 33 2 65 119847 21 13 27 222
339 A 759713 637010 29 3 93 122286 57 10 36 189
340 G 759301 36 155 26 637548 64 41 11 121228 192
341 A 760001 638068 28 4 68 121505 26 9 48 245
342 A 760261 638349 37 3 87 121459 30 37 43 216
343 G 757077 50 136 17 640500 59 52 13 116076 174
344 A 756442 637096 44 2 81 118917 31 10 48 213
345 A 754319 633693 19 1 96 120216 21 10 30 233
346 A 753193 633080 32 2 67 119727 17 11 41 216
347 T 752080 31 628069 56 2 44 123635 24 21 198
348 A 756766 629601 7 4 123 126752 25 8 46 200
349 A 758122 630835 33 10 96 126841 41 16 26 224
350 G 755746 47 146 16 632978 59 49 24 122245 182
351 G 752458 41 313 11 632219 27 88 28 119502 229
352 C 751812 388 104 632272 36 140 87 118524 72 189
353 G 751056 113 224 21 630511 81 76 28 119818 184
354 A 750864 631078 51 2 48 119390 46 4 17 228
355 A 749535 627745 15 1 63 121418 23 13 47 210
356 T 749526 37 627559 69 0 44 121542 20 20 235
357 C 748428 190 29 627852 12 60 18 120078 40 149
358 T 751833 53 628063 106 4 72 123270 29 16 220
359 G 748800 122 140 25 627926 48 73 25 120250 191
360 G 743502 52 656 13 625829 38 144 28 116554 188
361 C 744666 358 141 626939 28 103 74 116784 26 213
362 G 742925 151 364 30 627601 47 97 13 114414 208
363 C 741468 511 43 629188 15 90 42 111365 11 203
364 C 745264 126 81 629684 24 58 26 115054 18 193
365 A 746659 625021 46 3 84 121202 29 16 28 230
366 A 745160 621361 25 4 56 123447 12 12 33 210
367 G 742417 33 281 18 623349 20 73 21 118457 165
368 C 739374 517 31 625611 21 126 14 112868 19 167
369 T 739121 7 628014 300 2 9 110578 72 7 132
370 A 738730 626198 13 1 77 112195 15 11 28 192
371 A 740768 626481 53 9 68 113884 26 10 22 215
372 T 742046 51 628536 60 2 26 113132 32 16 191
373 A 742977 630533 23 0 68 112096 10 23 20 204
374 A 743135 629686 42 0 62 113063 22 25 17 218
375 T 743689 38 627692 50 1 44 115638 20 15 191
376 G 743553 77 149 26 625843 32 75 26 117123 202
377 G 741397 63 41 15 626311 41 23 14 114677 212
378 T 741219 48 627716 85 6 64 112528 40 55 677
379 G 741611 87 149 25 629305 45 46 31 111754 169
380 A 740910 630536 36 0 86 109906 18 18 38 272
381 C 740749 84 428 631001 22 55 161 108804 15 179
382 G 743218 94 237 19 631971 59 126 27 110536 149
383 A 742143 634555 57 1 52 107239 17 5 24 193
384 T 742453 58 633343 114 4 22 108683 30 11 188
385 G 740689 108 278 17 632889 35 79 17 107088 178
386 C 740825 386 195 633404 21 105 49 106452 18 195
387 A 741539 635994 27 8 132 105081 12 16 38 231
388 A 741682 638447 28 2 84 102781 18 14 22 286
389 C 741978 90 109 639357 15 73 75 102078 8 173
390 G 742200 384 183 23 637897 77 61 24 103329 222
391 G 744189 71 417 21 640332 32 101 10 103004 201
392 C 743945 602 53 637453 24 107 21 105499 18 168
393 T 746045 25 637561 102 0 34 108074 37 10 202
394 G 743664 91 163 20 636523 48 72 23 106516 208
395 G 739740 57 61 22 634889 28 26 20 104449 188
396 T 739346 50 630208 125 2 37 103600 51 1111 4162
397 C 740195 177 54 634661 23 51 28 104990 21 190
398 T 741949 28 633911 179 5 49 107461 48 8 260
399 G 738428 78 244 29 633688 31 99 20 103983 256
400 A 739105 635728 61 9 86 102596 40 22 72 491
401 C 741215 71 64 635956 22 52 15 104734 12 289
402 T 744844 73 636189 128 2 30 107978 63 14 367
403 C 747117 721 77 635696 29 148 36 110182 16 212
404 A 748469 637734 64 11 91 109924 27 76 38 504
405 C 750188 59 66 641720 19 52 60 107930 18 264
406 A 753689 642880 16 1 87 110400 15 22 33 235
407 T 755409 41 644764 92 3 48 110093 26 15 327
408 G 754368 55 250 15 650660 46 139 29 102925 249
409 A 754619 652812 63 0 73 101244 20 26 26 355
410 T 755340 71 651594 85 1 104 103038 30 15 402
411 G 754670 46 109 20 652521 47 77 22 101554 274
412 A 756269 654337 50 3 65 101397 18 12 41 346
413 T 756321 57 657007 64 1 72 98640 21 15 444
414 C 756760 94 37 655729 17 64 32 100505 18 264
415 T 759628 51 656598 146 9 69 102449 36 11 259
416 G 756412 118 146 27 656956 48 106 25 98581 405
417 G 754010 84 333 24 659131 28 86 13 94137 174
418 C 754762 359 134 659237 36 76 52 94487 50 331
419 A 756274 659970 37 1 111 95736 20 29 38 332
420 T 757270 16 660913 86 3 28 95928 29 9 258
421 T 757864 37 661984 103 3 21 95463 26 16 211
422 C 757736 191 60 662206 27 66 75 94725 19 367
423 C 758207 210 111 660427 29 101 28 97063 30 208
424 A 759821 659999 36 6 79 99335 15 30 37 284
425 A 758956 660267 37 4 53 98327 16 12 27 213
426 T 757870 19 661341 61 4 36 96098 16 12 283
427 T 759913 28 662174 56 3 21 97325 33 12 261
428 T 760924 40 661455 110 3 11 99041 23 16 225
429 G 759672 54 226 35 660746 31 190 34 97940 416
430 A 761134 662307 60 3 112 98185 42 24 35 366
431 A 760814 661638 24 3 88 98797 10 11 34 209
432 T 760797 65 659360 77 4 22 100936 28 8 297
433 G 759460 59 196 28 660051 32 133 25 98678 258
434 A 758989 661241 71 6 74 97240 27 16 25 289
435 T 758255 71 660291 107 3 28 97421 35 19 280
436 G 757845 431 255 22 658295 86 86 12 98458 200
437 C 757948 373 151 657193 32 121 38 99747 39 254
438 A 760629 657991 24 7 112 102065 19 52 39 320
439 A 759924 657979 34 3 68 101463 38 16 18 305
440 C 759833 57 32 657151 15 74 36 102154 20 294
441 T 760740 369 655483 46 1 46 104446 33 20 296
442 T 759328 6 653604 90 0 10 105360 49 10 199
443 A 760062 654598 32 1 67 104983 33 38 25 285
444 T 762036 76 654772 385 2 25 106423 49 56 248
445 C 762739 220 72 654992 24 88 40 107022 77 204
446 A 768056 656150 49 7 199 111250 115 17 43 226
447 G 768238 50 519 31 657291 72 130 17 109861 267
448 A 769591 653540 26 1 96 115492 54 75 47 260
449 G 767651 80 207 28 651916 46 106 23 114974 271
450 G 764127 62 193 32 650759 97 77 14 112663 230
451 A 762384 648354 106 4 118 112932 34 15 100 721
452 C 762162 63 79 649277 18 72 34 112322 22 275
453 A 764589 651086 43 5 96 113018 54 15 33 239
454 A 761458 650599 46 8 94 110401 48 7 33 222
455 G 761870 38 218 16 650088 606 66 31 109437 1370
456 A 761182 653892 21 2 86 106912 17 11 26 215
457 G 758560 48 381 20 656182 38 90 12 101565 224
458 C 760013 407 37 655160 23 101 16 104004 25 240
459 T 763911 33 656589 74 1 18 106856 59 9 272
460 C 764483 284 40 657672 16 81 25 106079 21 265
461 T 765396 40 660692 69 0 58 104246 32 11 248
462 T 768648 53 659531 83 4 29 108670 33 23 222
463 G 768166 66 64 17 658483 51 167 21 108922 375
464 T 767833 76 655993 83 5 30 111163 36 29 418
465 T 769644 55 654730 75 0 45 114341 105 18 275
466 C 768695 223 136 654422 28 117 88 113325 19 337
467 G 771030 189 347 23 656733 116 162 28 113169 263
468 C 771806 398 103 662635 25 84 37 108332 13 179
469 A 773880 662973 53 7 111 109662 99 109 48 818
470 C 775073 48 82 661668 10 47 31 112868 86 233
471 C 778292 245 122 660729 18 137 49 116773 33 186
472 G 782511 170 222 18 659788 88 189 29 121749 258
473 G 780683 54 189 25 660924 71 92 22 119082 224
474 A 781480 660957 55 312 92 119484 52 97 70 361
475 A 780605 661534 48 0 97 118609 14 16 55 232
476 T 782564 36 661549 81 2 62 120519 32 25 258
477 G 781195 97 148 16 661549 42 143 24 118920 256
478 G 780207 50 110 24 664905 27 43 27 114831 190
479 A 781795 666695 40 3 95 114574 17 23 47 301
480 T 784066 72 669201 95 3 62 114227 45 21 340
481 C 784997 123 71 669337 24 61 37 115085 26 233
482 C 788528 171 46 673228 20 94 42 114669 16 242
483 C 790351 407 114 672241 16 155 71 117103 25 219
484 A 795221 675103 30 8 152 119509 47 33 55 284
485 G 795504 60 226 24 676345 32 99 16 118458 244
486 G 795676 31 175 16 678594 29 71 16 116522 222
487 A 795757 681123 46 1 85 114045 22 21 55 359
488 T 797863 25 682024 72 1 43 115392 36 18 252
489 G 797802 101 94 20 683208 39 61 27 114034 218
490 T 799195 70 682506 89 8 37 115563 29 162 731
491 G 799921 141 389 31 683521 53 101 17 115467 201
492 C 801761 274 65 682949 31 82 25 118094 23 218
493 T 807843 22 683173 94 11 32 124162 53 19 277
494 C 811473 437 62 683284 32 157 27 127236 16 222
495 T 814257 27 685917 71 2 84 127890 26 11 229
496 C 815736 393 45 685356 24 109 25 129564 25 195
497 T 819071 45 687027 134 1 103 131447 57 9 248
498 G 815744 83 320 32 689851 38 149 20 125053 198
499 A 816259 692413 78 2 67 123367 18 17 44 253
500 T 818757 70 694418 100 6 34 123819 39 14 257
501 G 819976 167 302 38 692814 63 101 30 126268 193
502 C 820710 441 70 694830 19 129 44 124930 33 214
503 A 821969 695717 46 4 160 125655 44 27 60 256
504 A 821134 696743 43 4 353 123575 39 20 92 265
505 G 819462 47 191 13 696611 33 76 32 122245 214
506 G 820082 74 74 24 697126 32 50 36 122436 230
507 T 820310 31 697456 99 2 52 120874 61 465 1270
508 T 818412 47 700336 83 1 26 117594 57 16 252
509 C 819581 291 75 702030 31 82 66 116782 24 200
510 A 824292 703307 23 4 384 120194 28 22 95 235
511 A 823298 703619 61 6 82 118865 65 41 59 500
512 C 823854 62 40 707206 14 60 29 116232 20 191
513 T 826822 46 705924 95 5 30 120233 60 36 393
514 C 826078 511 31 704899 17 108 27 120239 22 224
515 T 827469 43 704197 119 1 61 122644 81 13 310
516 C 828582 363 124 704637 25 83 70 123021 16 243
517 C 831860 262 71 704644 20 125 23 126448 24 243
518 C 834839 470 48 708263 22 161 33 125616 20 206
519 T 837254 40 708938 91 5 84 127764 55 19 258
520 A 837545 705589 24 2 105 131512 50 10 38 215
521 G 835861 45 214 25 705140 37 98 27 130049 226
522 G 836438 44 236 21 707685 27 74 25 128107 219
523 A 835585 706721 40 2 118 128314 34 13 61 282
524 G 836515 45 244 16 706869 37 89 15 128993 207
525 G 835706 56 60 12 710013 22 29 26 125294 194
526 T 837486 38 707621 92 3 60 127554 57 626 1435
527 C 839597 132 42 710423 19 55 32 128650 25 219
528 T 843662 40 715424 238 10 42 127601 72 19 216
529 G 842823 100 147 16 717104 47 102 20 125060 227
530 G 843447 66 370 24 720420 26 94 18 122211 218
531 A 844656 723986 18 2 136 120116 20 16 69 293
532 G 842728 77 717 19 724396 25 131 14 117158 191
533 C 844452 424 75 727566 11 88 23 115970 24 271
534 C 848049 216 340 732427 6 55 84 114643 18 260
535 G 850569 221 409 21 735660 97 136 93 113639 293
536 C 852797 944 57 732330 22 189 57 118939 28 231
537 A 855789 732747 72 26 318 122185 75 34 67 265
538 G 854197 33 207 22 733989 16 89 13 119612 216
539 G 852792 67 48 14 733228 33 27 20 119113 242
540 T 852907 69 730542 284 7 50 120770 64 64 1057
541 G 852909 111 495 14 730263 36 117 20 121639 214
542 C 854347 316 77 731829 24 80 24 121777 15 205
543 T 856021 27 735971 219 7 31 119453 55 15 243
544 G 858181 173 398 34 735198 76 108 21 121965 208
545 C 860644 383 198 734748 40 94 44 124895 21 221
546 A 862788 736768 26 7 150 125509 41 15 40 232
547 G 862557 60 79 20 737069 23 43 21 125062 180
548 T 862944 52 737974 82 6 75 124390 36 18 311
549 C 864412 197 83 741613 35 81 48 122082 24 249
550 A 865632 744586 58 7 118 120501 32 66 31 233
551 A 867621 749566 58 3 86 117494 79 13 25 297
552 A 867842 753955 35 34 181 113236 38 49 42 272
553 G 869405 40 218 17 751707 28 182 60 116933 220
554 G 868791 43 554 20 751010 22 263 31 116614 234
555 A 870163 752838 52 4 116 116703 25 8 151 266
556 G 868310 58 84 16 753061 22 32 12 114831 194
557 T 867996 54 753824 79 3 118 113323 40 56 499
558 T 871257 56 758663 130 6 92 111987 42 32 249
559 G 871061 83 220 37 759447 49 176 22 110790 237
560 G 870058 75 254 28 761195 38 43 15 108186 224
561 A 871645 762775 69 5 263 108150 16 14 52 301
562 A 872001 761607 73 3 126 109806 25 29 39 293
563 C 873060 75 88 763611 24 48 52 108932 16 214
564 A 873395 765006 55 4 75 107895 28 14 53 265
565 A 872944 766263 49 4 57 106230 36 13 32 260
566 T 875371 64 768898 63 3 34 106064 25 23 197
567 G 874256 99 214 26 770764 47 87 20 102763 236
568 G 872233 51 59 19 770306 33 23 9 101489 244
569 T 871970 86 767681 106 10 50 102289 55 138 1555
570 G 870949 90 300 24 770017 27 84 31 100151 225
571 A 870231 769055 82 5 105 100625 35 26 27 271
572 T 869688 62 769083 98 6 23 100113 41 15 247
573 G 870465 123 239 29 769653 64 78 23 100044 212
574 G 869536 50 225 27 767426 28 62 39 101407 272
575 A 868849 764911 58 5 142 103274 26 16 46 371
576 A 868206 767353 47 1 213 100230 20 8 42 292
577 T 867150 35 769198 66 3 9 97524 22 8 285
578 T 867463 47 769597 94 6 29 97385 22 8 275
579 G 866537 114 247 30 769479 39 78 25 96291 234
580 G 864895 170 58 19 769255 55 31 22 95063 222
581 T 864797 95 767542 94 8 21 96548 26 42 421
582 C 866573 355 119 764594 31 128 36 101054 25 231
583 A 868394 763724 91 12 146 104056 66 27 30 242
584 G 868587 53 207 28 764813 37 67 30 103169 183
585 A 867407 762979 33 2 170 103895 21 15 49 243
586 A 867855 762933 44 2 96 104468 13 25 25 249
587 T 866652 60 761721 77 4 14 104496 26 10 244
588 G 863542 85 130 36 760362 18 72 32 102589 218
589 A 861837 760226 58 2 83 101177 13 16 29 233
590 T 861315 91 758423 106 4 24 102378 16 14 259
591 C 860706 117 84 755694 21 115 33 104397 21 224
592 A 862238 755291 16 6 91 106513 17 10 33 261
593 A 861775 753685 13 2 100 107681 19 4 21 250
594 A 859429 751168 30 25 76 107739 31 18 33 309
595 C 858741 70 94 747881 15 60 43 110353 18 207
596 G 856453 101 80 13 747930 37 34 34 108036 188
597 T 857201 50 747782 86 6 27 108725 47 53 425
598 G 855639 104 460 32 748451 49 136 27 106139 241
599 G 854705 58 200 22 746561 23 102 31 107432 276
600 G 854005 92 126 17 744781 31 49 28 108663 218
601 A 854068 745334 79 4 102 108259 17 13 29 231
602 T 852591 45 744040 77 1 19 108089 36 16 268
603 C 848205 99 82 738953 31 81 47 108665 14 233
604 A 846315 738289 26 7 134 107416 26 125 34 258
605 A 845327 736226 35 1 82 108662 42 8 28 243
606 T 845645 37 735218 71 5 27 110009 22 10 246
607 G 846066 99 108 22 736639 38 154 39 108783 184
608 A 844240 736842 74 4 75 106843 39 88 15 260
609 T 841243 69 734272 60 3 14 106472 87 37 229
610 C 841142 126 151 733039 17 87 87 107336 61 238
611 G 841766 167 226 26 731787 126 132 33 109009 260
612 G 838793 73 139 18 730967 20 70 38 107252 216
613 A 838412 727826 34 1 102 110087 19 11 32 300
614 A 837876 722998 27 3 123 114275 32 27 28 363
615 C 836431 27 42 717298 6 31 26 118779 20 202
616 T 836395 21 715306 86 2 19 120628 32 20 281
617 T 831962 22 711511 64 1 20 120083 23 14 224
618 C 829065 143 41 710243 15 48 24 118327 19 205
619 T 828367 58 704041 157 9 61 123762 41 10 228
620 G 826017 82 227 27 701373 46 127 22 123871 242
621 G 821756 55 644 25 697282 35 158 28 123308 221
622 A 817749 693562 46 2 150 123498 57 16 75 343
623 G 816604 71 490 17 690433 34 109 15 125233 202
624 G 814840 84 497 20 687371 57 135 20 126412 244
625 G 813420 79 209 30 689044 23 76 17 123694 248
626 G 809848 65 72 13 687934 31 35 17 121466 215
627 T 810865 54 683467 120 7 76 124940 67 370 1764
628 G 811287 87 446 21 684284 57 100 16 126113 163
629 A 810370 682420 72 15 145 127314 82 16 61 245
630 G 806330 80 167 16 682276 70 64 19 123455 183
631 A 804984 681712 40 3 92 122798 35 27 43 234
632 A 803510 680023 49 3 68 123064 31 26 27 219
633 T 802853 50 679167 80 3 21 123272 32 25 203
634 G 799068 118 200 33 679482 42 161 20 118784 228
635 G 798076 76 219 30 678351 36 57 17 119082 208
636 A 797060 677596 56 1 126 118930 18 38 40 255
637 C 797566 68 196 676619 29 77 89 120216 27 245
638 G 796922 134 196 12 672793 57 76 21 123417 216
639 A 796141 671049 43 3 67 124705 18 10 28 218
640 A 796493 668411 14 4 96 127644 33 15 21 255
641 A 793903 663861 18 2 65 129659 27 13 31 227
642 A 791841 663467 20 5 79 127964 23 9 25 249
643 A 787852 660610 71 31 74 126693 35 25 35 278
644 C 787331 65 47 661421 16 67 19 125486 26 184
645 A 787711 657677 23 6 122 129599 8 22 38 216
646 A 787084 655982 41 2 97 130675 26 6 30 225
647 G 783600 38 128 20 653649 20 57 32 129488 168
648 A 784009 653555 31 3 77 130005 36 30 33 239
649 A 781918 651274 21 0 92 130274 15 14 24 204
650 T 781131 67 650447 70 20 39 130170 30 23 265
651 T 780858 32 650291 89 8 24 130126 25 10 253
652 G 779715 64 387 14 650570 26 138 16 128323 177
653 C 776562 189 50 648924 20 84 36 127069 13 177
654 T 779247 40 651064 59 3 29 127739 61 19 233
655 T 781786 8 654618 84 2 32 126781 47 14 200
656 A 782377 655636 35 3 46 126370 19 32 21 215
657 T 784630 64 655967 106 1 25 128198 31 13 225
658 G 785530 101 194 37 658626 38 91 28 126255 160
659 A 786413 658906 44 2 97 127077 39 14 31 203
660 A 785746 660935 24 1 116 124343 23 14 47 243
661 A 789574 661959 26 4 85 127252 43 13 28 164
662 G 788652 51 139 22 661698 38 48 22 126434 200
663 A 786185 658199 25 4 52 127593 23 16 29 244
664 A 784095 655273 39 3 65 128423 20 5 26 241
665 T 781400 46 651853 77 5 19 129172 17 10 201
666 G 779933 87 76 12 651322 40 29 22 128164 181
667 T 777868 80 650137 129 1 39 127005 34 33 410
668 G 775561 92 280 19 649610 31 80 19 125219 211
669 C 773602 292 126 649346 36 86 50 123431 17 218
670 A 773870 648504 34 3 85 124969 29 9 25 212
671 A 775304 648480 67 2 90 126286 33 18 28 300
672 C 775053 68 62 649454 13 65 33 125146 13 199
673 A 776122 648280 32 5 55 127508 26 18 19 179
674 T 778082 34 652307 69 4 20 125378 30 21 219
675 T 779984 29 654419 72 4 24 125162 38 9 227
676 C 778589 137 39 654720 19 52 39 123387 28 168
677 T 777696 59 652056 89 5 61 125140 49 15 222
678 C 778308 377 67 652327 27 118 67 125089 25 211
679 A 780781 652397 46 3 97 127950 30 23 32 203
680 A 779640 651699 53 2 67 127475 52 17 30 245
681 A 776494 650043 31 8 85 125990 57 18 42 220
682 G 777977 36 415 15 649692 26 136 22 127448 187
683 G 776299 88 200 27 648331 34 84 22 127251 262
684 G 771332 75 173 28 648807 41 45 17 121918 228
685 A 766686 649352 23 0 92 116913 18 8 45 235
686 A 764878 647813 31 0 94 116673 15 19 26 207
687 A 761543 648306 32 3 55 112865 24 17 19 222
688 T 762353 33 649875 84 2 29 112062 34 9 225
689 T 762423 20 651329 73 4 16 110663 42 14 262
690 T 761040 55 651348 85 5 13 109254 45 10 225
691 C 760367 223 61 652068 28 72 37 107652 23 203
692 A 759892 653895 28 7 200 105437 26 15 41 243
693 A 758660 655241 21 6 73 103060 20 12 30 197
694 A 757257 656047 38 13 57 100724 25 29 28 296
695 C 757412 57 26 656703 15 35 24 100366 14 172
696 T 758187 35 656378 100 9 28 101358 35 9 235
697 G 758308 61 456 27 655373 27 103 18 102068 175
698 C 756810 332 69 654160 21 69 30 101915 14 200
699 T 756545 34 654283 123 7 23 101801 35 8 231
700 G 756500 175 303 28 653903 66 72 13 101749 191
701 C 756096 357 91 654182 18 93 34 101121 12 188
702 A 755429 653883 68 7 129 100933 27 26 25 331
703 C 754100 54 93 654287 12 94 24 99256 18 262
704 A 755527 654412 10 5 72 100772 16 20 30 190
705 A 752448 652556 40 3 81 99461 22 8 16 261
706 A 751282 653019 25 5 61 97893 10 9 26 234
707 A 749783 654088 33 3 89 95301 15 9 31 214
708 A 745333 652907 19 3 206 91915 11 14 52 206
709 G 742491 53 221 22 651730 25 58 25 90184 173
710 C 741183 351 97 652885 12 133 24 87416 18 247
711 A 738153 652381 29 4 85 85378 15 7 24 230
712 A 734491 650106 24 4 76 83949 17 11 83 221
713 T 730572 43 647622 62 3 17 82586 13 13 213
714 G 727499 63 227 18 646639 29 132 14 80202 175
715 A 723606 643413 48 3 72 79772 78 12 15 193
716 T 720615 70 641985 94 1 17 78064 22 104 258
717 G 718537 99 155 21 639551 91 44 14 78354 208
718 G 715465 79 114 24 638099 94 24 14 76798 219
719 A 710835 633147 57 1 85 77283 17 13 21 211
720 T 707301 65 631166 79 0 21 75617 12 16 325
721 C 703550 113 54 628437 30 99 32 74529 13 243
722 A 701003 627645 40 3 125 72912 27 12 30 209
723 A 695962 623085 30 5 79 72478 30 14 14 227
724 G 691823 37 68 10 620134 18 36 9 71303 208
725 T 688053 62 617194 70 7 42 70147 37 27 467
726 G 684251 94 470 28 615402 33 75 10 67972 167
727 A 680204 613703 43 4 101 66078 32 7 24 212
728 G 674425 63 345 21 611214 19 44 17 62531 171
729 A 670493 608716 56 17 139 61316 32 14 21 182
730 G 666518 36 294 13 604184 16 33 15 61704 223
731 A 662102 600456 22 4 85 61295 14 6 19 201
732 G 655651 58 389 19 594251 18 51 11 60625 229
733 A 649923 589166 25 24 84 60324 17 20 30 233
734 G 644077 58 587 31 584546 6 66 16 58513 254
735 C 640213 298 231 581483 17 69 39 57870 18 188
736 C 635605 146 115 575744 11 44 38 59124 45 338
737 G 631633 157 165 21 572410 108 90 12 58478 192
738 G 626705 59 160 11 569414 31 23 9 56798 200
739 A 622567 566164 19 2 59 56071 17 10 12 213
740 A 617540 559680 27 2 76 54767 8 849 22 2109
741 C 612276 49 57 555758 10 16 11 56178 13 184
742 C 606444 123 45 549886 12 42 19 56112 11 194
743 C 601410 259 89 543522 20 59 27 57225 10 199
744 A 597364 537305 35 6 97 59593 17 63 72 176
745 G 591378 50 367 20 530891 21 100 13 59746 170
746 G 585343 50 206 22 525222 15 28 56 59592 152
747 G 579584 83 141 19 520293 49 29 51 58746 173
748 A 575171 515392 33 2 74 59425 10 2 21 212
749 A 571771 510785 18 0 69 60650 15 7 52 175
750 T 568392 22 507138 60 0 54 60892 18 16 192
751 G 562616 132 302 18 502352 71 42 12 59551 136
752 C 557894 261 59 500174 18 61 22 57093 45 161
753 T 553183 11 495686 114 8 10 57148 16 15 175
754 G 549801 66 612 25 491528 33 84 2 57322 129
755 A 544181 486872 13 3 52 57074 15 2 6 144
756 G 537898 41 42 8 482940 10 46 4 54512 295
757 T 532473 36 479207 66 2 25 52737 14 25 361
758 T 526684 34 473523 47 2 6 52817 13 11 231
759 C 520331 138 77 467163 13 43 20 52719 15 143
760 G 514123 74 186 20 460152 112 30 7 53395 147
761 A 508031 455292 37 2 48 52447 21 12 10 162
762 A 503681 448984 30 2 49 54397 12 1 18 188
763 G 497569 23 56 9 440613 14 14 10 56688 142
764 A 491941 434502 37 2 49 57145 22 6 7 171
765 T 487041 21 429462 42 0 5 57332 11 8 160
766 C 481240 32 31 422929 4 22 9 58071 20 122
767 T 478013 33 415819 86 9 33 61867 20 4 142
768 C 472933 334 44 409058 20 68 11 63257 15 126
769 A 466586 401988 34 4 51 63312 49 75 17 1056
770 C 461714 36 27 396367 6 16 162 64028 15 1057
771 T 457836 32 391906 62 1 26 65675 16 6 112
772 T 453060 16 383880 37 4 26 68933 16 11 137
773 T 448251 20 377610 56 1 7 70398 12 14 133
774 T 443128 22 374027 35 3 16 68843 25 10 147
775 C 438325 97 14 369806 8 39 25 68223 17 96
776 T 434055 38 366601 51 1 47 67187 21 13 96
777 A 426548 361188 9 5 62 65105 6 16 28 129
778 G 418880 36 205 21 356546 18 42 15 61884 113
779 C 411621 186 51 349623 11 68 17 61551 20 94
780 A 407299 344349 31 2 59 62252 8 58 21 519
781 C 401259 44 59 338892 9 27 16 62073 27 112
782 G 394428 58 106 2 333483 34 28 8 60604 105
783 G 387369 39 27 7 326987 20 20 4 60142 123
784 T 382005 13 320323 41 1 21 61379 21 24 182
785 C 375711 74 24 314867 12 42 12 60584 12 84
786 T 369547 9 309381 79 8 24 59874 20 7 145
787 G 361007 48 178 12 302349 50 29 15 58213 113
788 C 353715 124 63 296525 12 49 13 56836 9 84
789 A 347137 286765 42 3 50 58916 19 127 19 1196
790 C 340862 23 22 281117 7 23 16 59543 20 91
791 T 336329 12 273545 38 1 35 62561 17 13 107
792 C 330615 279 38 264663 12 134 17 65332 12 128
793 A 325497 256090 21 2 36 69182 14 5 27 120
794 T 318402 13 249678 43 0 15 68548 23 14 68
795 A 311508 243005 3 0 20 68084 85 8 16 287
796 T 305535 13 232981 17 0 22 72409 18 10 65
797 T 301173 15 227206 28 3 16 73524 21 110 250
798 G 295503 21 127 10 223435 33 48 18 71751 60
799 A 290630 220125 21 4 42 70226 19 8 72 113
800 G 285791 14 80 2 216684 18 36 10 68894 53
801 A 279909 209767 15 2 40 68119 17 9 682 1258
802 G 273610 44 111 6 206719 36 41 11 66583 59
803 G 267499 26 63 4 201311 31 48 25 65920 71
804 G 260023 30 18 5 194963 26 32 10 64859 80
805 T 254200 15 189365 19 3 49 64418 40 62 229
806 C 247888 67 38 182903 4 64 52 63512 435 813
807 G 240516 48 48 5 178477 79 45 26 61739 49
808 G 234194 18 15 4 174394 18 280 27 59033 405
809 T 228393 9 165521 15 1 51 62605 25 39 127
810 T 223097 9 159180 19 2 13 63750 18 24 82
811 G 215091 38 84 6 154737 28 60 184 59686 268
812 C 211254 45 12 153416 7 43 16 57658 7 50
813 T 207916 2 143151 23 0 31 63863 317 12 517
814 C 205054 142 10 137680 6 154 37 66950 23 52
815 A 202027 134723 16 1 12 67049 30 54 32 110
816 C 198399 16 8 132952 7 687 33 64069 13 614
817 A 195592 124721 3 1 15 70746 46 6 25 29
818 A 192000 119291 6 1 17 72206 27 38 223 191
819 G 187334 7 9 3 116989 44 77 33 70105 67
820 T 182595 8 113665 14 1 30 64999 1980 28 1870
821 C 178948 36 4 110820 6 68 26 67946 15 27
822 C 175671 33 10 107366 4 104 40 68033 27 54
823 T 172142 4 102907 18 3 55 68625 28 266 236
824 G 166515 25 72 4 99928 49 91 282 65808 256
825 C 163042 76 14 97728 10 62 24 65095 9 24
826 C 161022 33 18 94630 5 41 96 66095 29 75
827 T 160650 11 92325 6 1 50 67734 40 283 200
828 G 154525 13 76 3 89478 53 69 422 63997 414
829 C 151190 94 12 87799 8 49 29 63168 11 20
830 C 150676 47 16 84398 12 46 94 65971 20 72
831 T 151795 7 81519 12 2 42 69970 34 140 69
832 G 148246 30 111 5 79401 47 86 102 68356 108
833 C 146314 75 32 77660 9 30 293 68179 11 25
834 C 147269 31 10 74649 19 59 1423 69687 382 1009
835 T 148683 8 71770 44 3 55 76622 38 100 43
836 G 146760 11 4 2 68679 26 71 11 77897 59
837 T 146149 8 68249 6 2 18 77605 20 120 121
838 G 145010 6 7 2 68831 110 66 10 75873 105
839 T 144798 7 68382 15 0 30 76194 24 83 63
840 G 144336 8 3 2 70932 42 210 10 72861 268
841 T 143343 1 74238 18 1 41 68884 27 96 37
842 A 142451 76564 7 0 20 65557 86 9 65 143
843 T 142542 23 77819 23 2 27 60512 87 2049 2000
844 G 144332 33 50 9 83911 38 51 59 60162 19
845 G 145631 39 10 6 87790 76 71 185 57150 304
846 A 146563 66304 40 6 69 42607 53 12057 91 25336
847 C 148569 57 77 95469 18 17 32 52866 6 27
848 C 153552 191 24 99946 17 49 27 53270 8 20
849 T 158362 22 103845 0 6 21 54434 11 8 15
850 G 160644 125 568 44 107127 46 90 22 52595 27
851 C 161236 284 106 108652 31 57 33 52042 12 19
852 C 167075 118 160 112425 23 60 53 54184 16 36
853 G 172075 52 77 10 114845 89 43 11 56931 17
854 T 176548 24 118294 29 5 21 58117 12 16 30
855 A 182971 120778 1 1 57 62069 7 16 21 21
856 G 190902 5 18 5 125562 22 57 5 65204 24
857 C 197311 88 11 128226 3 35 22 68890 8 28
858 C 204408 39 47 132083 6 24 35 72124 17 33
859 A 209804 134306 8 0 7 75391 21 12 30 29
860 G 214556 9 12 2 138647 9 38 17 75805 17
861 T 219007 16 142915 17 2 11 75976 21 15 34
862 G 223615 14 76 5 147904 29 103 20 75440 24
863 G 226820 11 50 3 154966 23 65 19 71650 33
864 G 230743 16 14 6 162475 13 26 20 68129 44
865 T 238499 13 169404 38 3 16 68955 24 4 42
866 A 244524 175839 16 1 31 68515 19 30 15 58
867 C 251229 27 63 184541 12 11 43 66466 23 43
868 G 260507 33 37 8 192244 17 34 35 68064 35
869 A 267923 199596 14 2 20 68144 33 18 29 67
870 C 274594 19 10 207588 3 23 16 66857 30 48
871 T 281359 10 212372 17 3 6 68852 28 10 61
872 T 285247 9 218332 24 1 9 66782 32 2 56
873 T 292119 18 227217 46 2 7 64730 37 8 54
874 G 298193 26 76 11 234220 11 76 16 63714 43
875 A 305429 238494 17 1 58 66739 12 14 27 67
876 A 312960 245007 12 1 41 67779 29 5 14 72
877 A 320683 249844 12 4 49 70598 89 9 14 64
878 G 325914 32 159 4 251945 38 125 11 73539 61
879 G 330643 37 101 5 256554 26 75 11 73772 62
880 G 335850 22 171 8 262951 15 80 12 72507 84
881 A 341413 268638 24 1 56 72503 56 15 29 91
882 G 344836 27 176 4 274788 20 97 18 69634 72
883 G 349572 20 100 13 284456 16 103 13 64767 84
884 G 354288 46 81 9 292251 12 46 8 61765 70
885 A 360099 299522 29 1 42 60356 33 8 20 88
886 T 365913 20 305797 37 2 6 59970 13 4 64
887 A 372837 311484 34 0 40 60622 69 83 37 468
888 C 380436 38 25 319998 6 10 32 60255 6 66
889 T 387336 23 325648 53 4 15 61443 16 30 104
890 C 394845 257 18 334098 6 62 18 60316 4 66
891 T 400773 18 342740 44 2 32 57807 13 4 113
892 C 407170 208 48 349549 14 29 38 57162 29 93
893 T 414843 25 354609 38 1 12 60014 34 5 105
894 A 422235 358591 7 0 44 63448 27 10 15 93
895 G 427877 24 37 15 363677 8 28 16 63997 75
896 T 434385 35 369614 40 1 9 64497 21 11 157
897 C 443205 117 67 373738 41 38 51 69020 35 98
898 G 453113 90 105 14 378674 28 110 27 73953 112
899 G 460308 43 112 14 382365 21 68 16 77560 109
900 A 467572 388564 29 4 54 78753 22 11 20 115
901 A 474244 395369 29 2 57 78617 27 10 7 126
902 T 480572 25 403102 47 0 6 77281 16 12 83
903 A 488906 410427 21 3 73 78202 40 15 19 106
904 G 495739 33 88 18 419774 11 52 23 75653 87
905 A 502495 427001 42 7 48 74891 35 54 40 377
906 C 511390 40 45 434830 16 22 14 76291 7 125
907 C 518898 154 45 443103 12 37 32 75359 9 147
908 C 524231 311 35 450460 13 42 13 73245 5 107
909 T 529524 23 458670 88 10 6 70551 17 7 152
910 T 534497 25 463524 55 1 10 70684 27 9 162
911 T 538930 39 468986 58 6 15 69644 21 2 159
912 C 544850 159 60 476550 14 26 42 67864 9 126
913 A 553253 486079 27 3 130 66781 73 6 23 131
914 G 559364 107 118 19 490973 37 54 13 67929 114
915 A 565117 496680 46 6 51 68088 28 10 17 191
916 C 571980 52 24 502759 9 22 15 68955 9 135
917 T 580711 40 510666 75 4 18 69721 30 6 151
918 G 588170 96 302 21 518818 14 89 10 68711 109
919 C 595118 262 49 524744 18 50 12 69834 21 128
920 T 603274 25 532200 86 8 10 70740 29 13 163
921 T 612642 64 539901 68 9 19 72335 19 5 222
922 C 619779 224 44 547470 29 46 31 71804 7 124
923 A 626828 553832 25 1 101 72639 31 17 14 168
924 A 632931 560428 8 2 55 72206 21 12 20 179
925 A 639366 566481 8 5 67 72587 24 9 9 176
926 A 644741 571787 27 19 100 72491 24 25 22 246
927 C 649794 72 71 578644 16 19 29 70775 7 161
928 A 656104 586293 39 3 85 69492 20 6 13 153
929 G 661063 107 402 34 590423 15 69 10 69835 168
930 C 665087 381 74 593420 23 49 21 70947 10 162
931 C 671694 156 77 598883 18 19 22 72301 7 211
932 A 679343 607096 34 11 58 71910 12 6 16 200
933 A 685838 613437 20 8 52 72091 17 11 8 194
934 G 690951 47 57 14 619844 6 20 18 70783 162
935 T 697232 61 626089 63 7 11 70625 17 8 351
936 G 701295 191 85 18 631462 28 25 16 69301 169
937 T 707754 44 637961 89 0 12 69359 19 3 267
938 A 712864 645479 41 4 96 66965 20 9 15 235
939 C 717992 89 209 649574 31 23 32 67869 10 155
940 A 724681 655129 32 8 98 69211 16 7 13 167
941 G 728165 66 468 18 658782 14 69 17 68561 170
942 C 733401 367 59 664521 18 46 23 68155 14 198
943 C 739873 204 62 670520 19 21 22 68824 11 190
944 T 745261 42 673104 116 5 14 71756 20 10 194
945 A 749430 677513 5 1 80 71569 33 10 15 204
946 A 754612 684678 54 2 77 69545 7 9 18 222
947 T 759457 52 690613 77 3 14 68434 15 10 239
948 C 763729 322 57 693770 24 66 38 69259 7 186
949 A 767801 695032 28 4 148 72299 33 14 27 216
950 G 771554 58 187 26 699453 15 47 19 71570 179
951 A 773597 699901 70 7 87 73100 22 19 21 370
952 C 777490 60 79 702562 22 37 28 74492 5 205
953 C 783350 231 83 705766 29 40 42 76939 17 203
954 A 787954 709445 38 6 161 77997 19 11 50 227
955 A 790715 713711 27 1 51 76584 30 7 44 260
956 A 794114 715761 59 1 65 77936 19 34 16 223
957 T 797518 28 718089 169 1 33 78936 32 14 216
958 G 800169 92 427 36 723492 22 111 13 75795 181
959 A 803323 727185 81 4 123 75633 40 23 48 186
960 G 805119 61 184 32 727995 33 35 39 76525 215
961 A 808312 727884 38 2 86 80002 23 39 12 226
962 A 811210 728502 41 3 80 82296 10 16 33 229
963 T 813411 70 730341 106 3 18 82537 27 11 298
964 C 816291 267 51 732519 16 56 12 83142 12 216
965 C 820392 201 105 733448 36 51 41 86280 13 217
966 A 822872 733321 36 10 162 89040 39 8 22 234
967 G 823588 92 380 32 734411 18 69 30 88323 233
968 C 826790 515 117 738201 33 86 24 87616 12 186
969 A 828740 739488 75 6 122 88505 14 14 34 482
970 C 831138 78 96 739349 19 19 20 91337 16 204
971 A 832320 738099 92 6 95 93623 31 9 19 346
972 C 833862 77 85 738976 18 41 38 94375 12 240
973 A 836389 736738 25 9 117 99192 13 9 29 257
974 A 837928 736724 53 11 132 100629 56 7 34 282
975 G 837072 34 509 17 734336 13 92 14 101858 199
976 A 836935 734293 53 6 95 102186 25 12 22 243
977 G 834957 75 65 17 734947 21 24 17 99570 221
978 T 834452 72 732222 87 3 30 101427 43 14 554
979 C 835072 212 79 729496 32 82 27 104904 20 220
980 A 837154 729021 36 3 100 107680 13 9 30 262
981 A 835445 726468 59 3 164 108299 34 16 48 354
982 C 836173 85 58 724803 20 48 80 110846 22 211
983 T 838277 52 723309 82 2 45 114461 30 71 225
984 G 836669 85 186 22 721990 31 67 85 113970 233
985 G 834989 57 65 12 722215 32 33 13 112342 220
986 T 833973 53 724224 84 8 58 108558 57 139 792
987 G 832934 78 62 21 724021 31 44 106 108374 197
988 T 834159 56 726513 77 4 132 106980 36 38 323
989 G 833603 97 219 31 726604 43 69 28 106254 258
990 G 832782 47 271 21 724739 128 91 29 107238 218
991 A 831809 718525 54 2 80 112825 48 23 29 223
992 T 831942 47 714515 88 3 36 116866 63 28 296
993 G 828230 133 148 29 715006 69 58 22 112540 225
994 G 825396 119 357 26 717011 67 83 21 107458 254
995 C 824529 346 171 718706 36 114 68 104849 28 211
996 A 824357 719884 35 1 97 104001 38 16 29 256
997 T 823592 58 719522 120 0 22 103553 53 22 242
998 G 821311 147 372 40 719442 54 132 17 100853 254
999 C 818870 379 154 717862 28 79 55 100000 29 284
1000 C 819334 230 121 712664 23 86 38 105926 8 238
1001 A 821746 710354 52 2 70 110978 38 18 24 210
1002 T 819150 42 706769 92 2 20 111929 36 19 241
1003 T 817681 45 703744 44 3 35 113423 136 12 239
1004 C 816756 183 42 700909 34 56 44 115306 17 165
1005 T 816600 53 697734 157 7 146 118205 45 14 239
1006 G 811838 147 640 45 694244 46 125 136 116260 195
1007 C 810249 260 136 695864 25 134 32 113517 46 235
1008 C 810656 162 265 691282 22 63 93 118501 19 249
1009 G 812804 147 365 10 688915 108 133 113 122823 190
1010 C 813336 553 56 688806 18 198 53 123427 27 198
1011 A 814358 689525 23 1 85 124365 25 36 83 215
1012 T 814380 19 687410 78 3 16 126564 32 30 228
1013 T 816337 17 686194 73 4 30 129706 35 12 266
1014 T 816747 19 684960 166 7 32 131240 37 47 239
1015 G 812219 52 270 24 685019 62 116 35 126437 204
1016 A 812372 685588 54 2 97 126306 35 21 35 234
1017 A 811460 685267 37 13 138 125664 58 25 35 223
1018 G 806942 47 116 15 682004 37 59 25 124483 156
1019 A 805201 678133 74 3 81 126594 22 27 29 238
1020 T 802851 48 677463 55 3 22 124998 33 16 213
1021 C 801359 76 42 676203 14 66 32 124703 24 199
1022 T 803881 36 676564 105 3 79 126842 42 24 186
1023 A 803160 675409 6 8 101 127305 30 13 36 252
1024 A 802620 677885 29 6 66 124266 63 27 29 249
1025 G 800598 41 459 21 676861 27 106 20 122878 185
1026 A 798159 678215 58 4 97 119488 33 14 25 225
1027 G 796178 35 67 15 679675 23 31 21 116125 186
1028 T 797525 30 678508 52 1 76 117364 51 108 1335
1029 A 797276 681214 48 0 55 115689 22 11 23 214
1030 T 797990 52 679066 52 6 16 118528 26 13 231
1031 T 798816 82 679948 65 0 32 118419 31 14 225
1032 A 802006 678885 64 3 102 122662 29 17 29 215
1033 A 802286 674569 23 2 44 127365 18 10 22 233
1034 G 802346 35 429 18 671783 27 155 22 129713 164
1035 C 801965 425 47 668605 14 135 21 132505 29 184
1036 T 802068 11 666995 97 6 16 134606 42 20 275
1037 T 800828 70 668486 79 2 49 131860 25 29 228
1038 C 797293 228 74 666768 19 86 78 129835 32 173
1039 A 794535 664162 51 7 104 129905 20 23 37 226
1040 T 792553 64 661316 83 1 56 130800 28 20 185
1041 C 793536 269 56 655968 21 213 50 136712 30 217
1042 A 794674 652237 39 2 99 141955 36 26 40 240
1043 A 792912 653630 33 1 59 138854 27 11 64 233
1044 A 792309 653017 40 22 146 138669 102 26 57 230
1045 G 790488 45 357 15 654808 31 142 17 134865 208
1046 G 786603 68 223 17 657007 30 79 16 128964 199
1047 G 783674 52 211 30 659361 36 76 26 123638 244
1048 A 778830 656953 46 0 99 121362 30 19 46 275
1049 C 777757 64 107 655459 16 33 67 121743 44 224
1050 G 780735 132 213 21 654938 71 85 34 125060 181
1051 A 783142 657403 46 2 69 125280 39 11 44 248
1052 A 783108 656143 66 12 103 126481 57 16 35 195
1053 G 779284 57 155 15 654612 39 62 28 124094 222
1054 G 777252 65 36 17 654436 44 33 23 122373 225
1055 T 776322 54 652388 79 12 72 122178 47 206 1286
1056 G 772467 122 347 11 650025 47 87 27 121623 178
1057 C 774131 274 92 654385 20 86 28 119031 21 194
1058 T 777700 47 657241 126 6 60 119876 62 21 261
1059 C 779501 438 115 657993 22 120 57 120484 34 238
1060 C 781711 231 60 654775 22 127 36 126187 20 253
1061 C 785244 373 80 653296 22 186 43 130997 23 224
1062 A 787662 654263 43 5 78 132957 47 22 40 207
1063 A 785160 654030 41 5 77 130631 98 11 40 227
1064 G 783389 36 437 24 654181 32 164 22 128334 159
1065 A 784976 664473 23 3 78 120018 81 26 67 207
1066 G 782000 69 443 22 666291 70 153 19 114709 224
1067 G 777945 69 231 29 663691 75 122 19 113469 240
1068 G 775302 139 213 22 658664 29 121 15 115867 232
1069 A 775834 656223 53 2 104 119063 79 14 50 246
1070 A 775837 655793 24 2 109 119533 82 9 51 234
1071 G 773373 43 461 19 655967 43 109 19 116524 188
1072 C 773239 375 37 654694 14 152 26 117725 25 191
1073 T 774718 17 656941 92 3 85 117296 32 7 245
1074 T 775000 22 657537 83 3 17 117021 85 8 224
1075 T 774444 44 658119 84 5 37 115897 28 9 221
1076 C 774565 174 62 660069 29 72 32 113935 16 176
1077 C 776462 154 113 663022 26 99 43 112749 33 223
1078 A 775699 663513 89 5 73 111557 50 32 27 353
1079 C 776277 83 28 663470 12 42 16 112443 9 174
1080 T 778293 41 664636 85 2 42 113251 41 6 189
1081 A 778711 659591 52 4 89 118616 90 33 28 208
1082 G 777377 42 555 32 657917 25 162 16 118456 172
1083 A 777718 659176 42 3 69 118119 74 10 32 193
1084 G 777931 48 208 17 662892 25 107 8 114411 215
1085 G 776962 40 492 19 663182 31 126 23 112830 219
1086 A 778647 667246 40 4 79 110980 27 6 31 234
1087 G 775895 38 54 13 669364 109 40 19 106096 162
1088 T 776455 46 672434 80 2 140 102931 95 77 650
1089 T 776649 69 673429 91 4 85 102614 24 91 242
1090 C 777790 230 80 674991 32 86 34 102110 26 201
1091 A 780820 675927 42 5 125 104297 90 62 36 236
1092 A 781206 677450 47 6 75 103213 148 10 26 231
1093 A 779479 676904 41 4 48 102128 59 75 22 198
1094 T 779239 41 677231 90 2 15 101524 102 11 223
1095 T 781743 34 680700 87 2 19 100531 68 33 269
1096 G 783401 98 376 24 682812 30 158 16 99700 187
1097 C 785495 223 46 683274 22 46 20 101674 14 176
1098 T 788080 19 683744 117 4 16 103893 44 13 230
1099 T 789399 67 682361 92 11 28 106534 22 10 274
1100 C 790942 213 54 682103 25 61 43 108218 21 204
1101 C 794050 231 95 681683 34 138 33 111587 28 221
1102 A 794367 680779 31 7 94 113119 25 21 21 270
1103 A 792975 680487 30 3 67 112141 14 7 24 202
1104 T 793163 38 682998 85 0 28 109756 26 13 219
1105 G 794567 81 164 25 684027 39 61 30 109974 166
1106 A 794678 687041 49 3 56 107241 15 8 23 242
1107 A 794337 687071 27 6 66 106848 17 9 27 266
1108 A 796468 686146 15 4 85 109941 13 8 18 238
1109 A 798408 686991 64 1 44 111017 16 11 26 238
1110 T 800791 21 689051 80 1 25 111370 19 9 215
1111 A 803890 691989 41 2 76 111509 19 8 21 225
1112 T 806419 51 694780 74 4 18 111231 24 8 229
1113 G 806968 111 122 33 698164 40 126 21 108132 219
1114 G 805041 64 112 31 698383 16 43 29 106169 194
1115 A 806037 699048 46 3 159 106432 63 12 28 246
1116 G 806436 42 199 21 701337 18 63 10 104580 166
1117 A 808018 701764 71 5 130 105532 35 37 26 418
1118 C 808792 58 41 702229 15 39 48 106144 24 194
1119 T 811181 22 703643 66 0 34 107197 19 3 197
1120 A 812185 704444 51 1 75 107317 23 46 29 199
1121 T 813341 61 708037 81 3 32 104847 23 11 246
1122 G 813110 104 204 32 709639 50 120 54 102674 233
1123 G 811231 67 227 18 709250 66 65 20 101284 234
1124 A 811361 709660 55 6 96 101191 27 8 78 240
1125 A 813111 710628 41 2 93 102016 54 8 31 238
1126 T 813788 42 710850 81 3 18 102521 25 17 231
1127 C 816485 268 70 712429 19 83 36 103344 32 204
1128 A 819498 710970 57 5 115 107998 32 18 44 259
1129 A 818369 708890 50 2 83 109021 28 19 35 241
1130 G 814460 52 91 18 708354 32 43 16 105677 177
1131 T 815367 72 708067 74 7 51 106660 33 11 392
1132 A 817337 709116 63 5 67 107633 32 26 36 359
1133 C 817401 84 95 708180 21 29 30 108727 15 220
1134 A 819797 709677 103 4 84 109399 31 32 33 434
1135 C 820784 65 42 710639 17 39 24 109741 22 195
1136 T 822877 50 709804 77 5 31 112575 37 6 292
1137 T 824969 56 709239 132 1 25 115193 44 12 267
1138 G 823648 71 230 33 707002 29 85 19 115997 182
1139 A 825261 706434 52 4 78 118350 26 19 33 265
1140 A 825943 706189 51 1 121 119191 82 9 35 264
1141 C 826231 76 64 708201 20 40 68 117535 21 206
1142 T 829039 18 709868 101 5 14 118748 78 14 193
1143 G 829998 102 452 28 712049 31 125 81 116963 167
1144 A 831045 709516 48 2 117 121035 53 12 29 233
1145 G 830416 59 59 19 706634 20 86 17 123347 175
1146 A 830813 707561 48 3 70 122799 37 13 30 252
1147 A 831381 709124 16 1 86 121825 15 17 66 231
1148 G 830500 39 361 12 709207 14 114 22 120548 183
1149 C 830717 457 91 711528 21 109 60 118198 21 232
1150 A 833618 711198 58 10 197 121820 61 14 38 222
1151 G 831047 37 197 17 710500 26 76 30 119937 227
1152 G 831441 88 64 18 710999 38 33 25 119933 243
1153 T 832928 73 709078 81 2 57 122720 35 80 802
1154 A 833323 710860 60 4 90 121944 40 14 30 281
1155 C 833252 56 45 711175 10 37 23 121687 24 195
1156 T 837464 44 712328 100 17 34 124644 38 15 244
1157 G 837873 92 421 27 714230 39 118 16 122671 259
1158 G 835317 99 190 21 712318 45 90 23 122286 245
1159 G 833099 114 373 31 712358 40 107 17 119817 242
1160 C 833630 430 99 709232 23 106 41 123374 32 293
1161 C 834919 198 122 709455 17 52 48 124751 22 254
1162 A 835737 707129 84 4 78 128119 35 19 37 232
1163 T 835747 23 704671 81 3 41 130676 28 18 206
1164 A 837165 705274 5 2 142 131405 57 18 37 225
1165 A 840550 710034 30 15 118 129974 81 20 48 230
1166 G 839604 47 231 14 706326 39 120 16 132599 212
1167 G 839821 106 194 19 705754 39 75 19 133362 253
1168 A 839963 706879 86 5 82 132418 51 34 39 369
1169 C 841161 45 69 706929 18 43 26 133749 20 262
1170 C 845869 199 89 708651 21 102 29 136495 26 257
1171 A 849558 713498 58 6 167 135479 39 20 55 236
1172 G 849760 37 144 15 713377 40 59 15 135877 196
1173 A 850529 714194 31 0 53 135896 50 8 37 260
1174 A 851705 715694 42 2 64 135597 33 11 42 220
1175 G 852232 35 58 11 718282 29 30 45 133593 149
1176 T 854154 64 720543 74 3 52 132489 50 69 810
1177 G 854418 96 204 28 723535 34 157 30 130100 234
1178 G 852703 41 683 36 724361 28 162 29 127138 225
1179 A 854248 727446 59 6 149 126204 58 33 54 239
1180 G 852847 72 192 30 727611 30 128 24 124518 242
1181 G 850945 60 187 38 728920 29 89 30 121352 240
1182 A 850220 727184 44 4 93 122523 30 29 34 279
1183 A 850929 727618 17 6 117 122835 39 13 31 253
1184 A 850718 728389 36 30 82 121796 18 25 26 316
1185 C 850852 76 109 730623 13 48 59 119659 31 234
1186 A 848988 729785 60 11 103 118060 39 97 32 801
1187 C 849477 56 59 730092 21 42 57 118857 22 271
1188 C 851009 194 81 729425 26 86 77 120873 21 226
1189 A 852526 729345 25 6 73 122783 26 18 32 218
1190 A 851552 728575 24 5 61 122576 13 26 28 244
1191 T 850841 68 732532 65 2 45 117717 43 18 351
1192 C 849463 260 54 725937 18 99 50 122807 26 212
1193 A 850254 723045 39 4 105 126714 22 18 31 276
1194 A 848795 721954 46 5 89 126262 36 22 33 348
1195 C 851587 85 78 721291 21 73 42 129772 17 208
1196 A 857162 718668 36 6 107 138038 33 16 50 208
1197 G 856566 38 491 17 718912 34 149 21 136705 199
1198 A 856706 721305 36 2 97 134874 81 17 50 244
1199 G 853895 64 411 16 721941 40 146 18 130997 262
1200 G 846937 99 106 25 720878 52 72 25 125387 293
1201 G 843711 78 323 21 720406 31 84 24 122513 231
1202 C 844724 348 154 722412 36 124 43 121388 22 197
1203 A 851266 724556 36 8 95 126207 31 28 48 257
1204 T 852049 50 724337 63 1 24 127281 31 18 244
1205 C 854456 233 39 721961 12 87 42 131868 23 191
1206 T 857954 40 721576 232 3 73 135693 57 15 265
1207 G 854123 88 1342 37 722127 36 287 28 129968 210
1208 C 851928 314 321 724551 36 95 204 126130 36 241
1209 G 852076 170 461 24 725447 76 186 37 125384 291
1210 G 852212 90 182 31 727974 32 92 23 123520 268
1211 G 850168 227 404 34 733544 91 101 38 115483 246
1212 C 849678 485 138 732722 42 87 104 115798 25 277
1213 C 853872 178 99 733281 13 71 86 119899 15 230
1214 A 858264 731629 34 13 93 126112 30 29 58 266
1215 A 857878 729644 56 4 91 127712 37 19 61 254
1216 A 861151 728369 46 1 68 132306 53 19 34 255
1217 T 863239 44 728512 65 3 13 134313 34 29 226
1218 C 866546 315 71 735330 15 91 56 130455 17 196
1219 A 866588 734268 30 9 143 131793 37 15 46 247
1220 G 864765 85 485 31 735383 20 135 34 128400 192
1221 C 864723 405 116 736594 23 116 53 127183 21 212
1222 A 865667 737250 60 2 92 127992 24 15 30 202
1223 T 865934 30 737637 93 6 39 127857 23 13 236
1224 A 868512 740553 86 5 95 127392 14 5 52 310
1225 C 869312 53 77 738182 24 71 56 130617 14 218
1226 A 872622 736178 9 5 79 136028 38 8 28 249
1227 A 874416 737077 58 4 81 136496 65 35 75 525
1228 C 876018 52 43 741090 12 36 48 134450 60 227
1229 C 878736 190 44 745025 17 66 12 133068 68 246
1230 T 883360 44 744601 117 5 96 138182 30 15 270
1231 A 885044 743945 31 1 78 140434 44 16 88 407
1232 C 888313 76 108 744809 16 101 56 142905 21 221
1233 G 892753 98 65 22 747399 42 115 17 144757 238
1234 T 895520 46 748032 88 3 34 146842 35 23 417
1235 T 898298 18 747512 98 1 25 150283 43 11 307
1236 C 898478 176 42 748992 21 48 30 148970 20 179
1237 T 903397 72 751437 132 6 91 151331 35 17 276
1238 C 904395 508 100 752943 30 146 55 150383 31 199
1239 A 904737 753857 39 9 177 150306 69 11 42 227
1240 G 898872 51 96 16 755379 29 40 27 143050 184
1241 T 898286 76 759981 91 5 46 137648 37 27 375
1242 A 897973 762652 76 5 97 134723 54 17 38 311
1243 C 899972 105 84 763498 26 46 70 135896 30 217
1244 A 901964 762743 63 10 96 138694 62 21 28 247
1245 G 901020 63 378 24 764132 77 110 28 135981 227
1246 A 899901 761416 53 1 99 137914 70 15 92 241
1247 G 897327 43 175 34 759934 36 121 28 136725 231
1248 A 894967 763294 34 2 113 131121 39 14 82 268
1249 A 893700 766577 56 4 106 126538 79 12 26 302
1250 A 891778 767436 36 2 80 123801 24 106 23 270
1251 T 890768 37 768231 68 3 40 121915 66 111 297
1252 C 891542 159 41 770292 19 71 153 120604 15 188
1253 T 892660 61 772644 146 9 121 119330 51 5 293
1254 C 891300 399 54 773077 26 67 34 117236 130 277
1255 C 891355 231 55 769902 18 97 15 120683 103 251
1256 C 890234 462 46 770619 15 181 106 118561 15 229
1257 T 888164 46 771452 125 1 76 116146 41 18 259
1258 T 885240 36 772964 81 7 59 111733 21 45 294
1259 T 881294 20 774087 71 1 16 106754 19 24 302
1260 T 878580 54 772750 128 4 56 105271 40 15 262
1261 G 873391 101 296 29 772748 37 83 34 99817 246
1262 A 869503 772081 92 6 112 96855 33 19 21 284
1263 C 868449 67 173 771412 31 51 31 96447 19 218
1264 A 870096 770600 55 6 143 98979 41 4 28 240
1265 G 865623 72 228 32 768753 36 55 10 96233 204
1266 A 863916 768824 34 2 74 94683 32 9 25 233
1267 A 860780 764839 86 3 83 95398 18 13 25 315
1268 C 857668 69 77 763641 12 45 30 93563 13 218
1269 A 854061 760947 46 3 73 92676 25 7 22 262
1270 A 850033 759157 53 4 92 90261 12 20 24 410
1271 C 845788 57 55 757764 13 18 10 87616 12 243
1272 C 843722 147 61 755753 22 94 18 87395 13 219
1273 A 841454 754964 56 1 63 86108 19 6 24 213
1274 T 837330 69 750693 80 3 13 86218 14 9 231
1275 T 833228 7 748957 72 6 22 83894 16 19 235
1276 A 829821 746283 37 3 65 83153 17 11 27 225
1277 T 825255 71 741867 90 6 22 82907 22 15 255
1278 G 819432 127 157 35 738252 25 57 15 80517 247
1279 G 815530 86 334 29 735383 23 63 20 79375 217
1280 C 813322 371 188 730120 45 81 35 82256 12 214
1281 A 808583 725321 30 2 153 82826 10 5 21 215
1282 G 801977 106 446 26 719137 22 65 20 81969 186
1283 C 797186 438 83 713941 15 97 16 82398 15 183
1284 A 791775 710643 40 4 79 80756 19 3 24 207
1285 T 787400 33 703574 81 2 13 83379 17 21 280
1286 T 783163 54 698494 81 3 36 84249 16 10 220
1287 C 778771 165 103 693167 31 76 31 84954 36 208
1288 A 776016 688167 44 6 110 87434 17 17 27 194
1289 A 769432 681717 39 2 68 87328 10 11 34 223
1290 T 764959 44 676154 55 3 29 88430 15 8 221
1291 G 759770 105 392 21 669900 40 79 14 88998 221
1292 G 752176 86 248 24 663095 31 59 15 88387 231
1293 G 747358 94 220 27 658043 20 67 19 88667 201
1294 A 741628 651986 45 2 111 89095 43 8 31 307
1295 A 736313 647590 49 0 95 88314 15 5 53 192
1296 T 730137 47 642582 52 3 27 87211 12 14 189
1297 A 724664 638081 61 2 86 86107 52 11 29 235
1298 C 719780 76 106 634298 23 69 27 84948 20 213
1299 A 714457 631733 50 10 152 82207 54 12 30 209
1300 G 704509 41 521 18 623714 22 61 10 79962 160
1301 A 700678 618455 32 5 102 81770 37 10 31 236
1302 G 694865 88 414 14 613377 17 63 29 80704 159
1303 G 688136 56 452 15 609674 41 60 14 77642 182
1304 G 681239 73 231 18 603902 35 44 14 76715 207
1305 G 674491 60 310 20 596744 36 64 7 77073 177
1306 A 666536 589044 54 8 123 76960 23 8 47 269
1307 G 660161 96 184 23 582141 33 40 13 77467 164
1308 A 655363 576169 38 4 78 78740 11 17 36 270
1309 A 649836 569326 40 3 67 80117 21 9 24 229
1310 C 643356 52 63 562846 14 60 32 80076 18 195
1311 A 636701 557096 31 2 60 79316 21 1 15 159
1312 T 630928 24 550878 61 3 15 79737 30 10 170
1313 C 625239 148 22 545425 12 56 18 79397 9 152
1314 T 619213 50 539837 119 5 56 78925 23 15 183
1315 G 611977 80 213 27 534253 26 46 12 77164 156
1316 A 605755 529758 63 9 64 75631 56 4 17 153
1317 C 600009 45 85 524281 14 86 25 75314 7 152
1318 A 595238 517908 39 7 81 76958 50 8 28 159
1319 T 588767 31 511765 70 2 21 76718 25 5 130
1320 G 580163 60 540 27 505524 49 77 44 73712 130
1321 A 572250 500451 34 5 84 71460 12 39 27 138
1322 G 565285 62 179 12 493727 18 56 37 71049 145
1323 G 558886 26 153 17 488177 55 31 13 70263 151
1324 A 552506 481724 54 3 63 70082 32 10 36 502
1325 C 547141 39 61 477032 13 33 30 69743 11 179
1326 C 540781 110 114 470331 10 63 60 69921 19 153
1327 G 535451 96 147 19 464731 62 60 5 70207 124
1328 A 530690 459988 27 0 67 70423 23 7 16 139
1329 A 524738 455462 16 0 75 69002 20 6 17 140
1330 A 519737 450361 14 2 36 69156 6 16 22 124
1331 T 515118 25 444927 39 1 23 69932 17 15 139
1332 C 509247 147 46 439234 13 87 20 69549 24 127
1333 A 502808 433412 32 4 53 69135 13 2 26 131
1334 T 497020 26 426767 44 1 28 70020 17 8 109
1335 A 491078 420149 2 3 87 70668 2 6 31 130
1336 A 486205 412275 17 3 56 73688 13 4 25 124
1337 G 479598 26 129 11 404827 24 37 10 74413 121
1338 G 473378 17 129 10 399103 24 30 17 73936 112
1339 A 467049 392856 52 1 46 73926 13 8 20 127
1340 T 461654 16 385044 42 2 11 76375 12 17 135
1341 G 455052 39 130 12 378606 24 30 12 76089 110
1342 A 448148 371613 34 2 50 76269 29 11 33 107
1343 T 441243 36 366929 34 2 16 74069 10 12 135
1344 G 435780 61 67 15 361254 34 70 25 74160 94
1345 G 428900 26 86 9 352675 48 77 11 75875 93
1346 A 420490 344831 23 2 54 75387 16 39 47 91
1347 A 414625 338290 15 2 49 76083 15 17 62 92
1348 A 408781 330883 4 1 37 77656 13 42 49 96
1349 G 403797 30 26 5 324899 22 40 42 78627 106
1350 T 398909 32 319026 52 4 94 79002 61 143 495
1351 G 391436 64 176 16 311302 38 36 38 79682 84
1352 C 383411 111 95 304523 16 79 54 78426 21 86
1353 A 373047 296244 15 1 58 76589 10 13 35 82
1354 A 366946 288641 12 3 37 78146 12 6 32 57
1355 G 358132 31 84 10 282633 48 17 7 75196 106
1356 A 349682 277313 27 2 26 72136 18 8 13 139
1357 C 343857 25 25 270147 6 27 13 73518 13 83
1358 C 337788 78 30 259888 8 111 38 77544 15 76
1359 A 330888 249697 27 4 58 80971 41 2 27 61
1360 G 323258 18 69 5 244345 21 22 8 78733 37
1361 A 317305 239001 11 0 19 78167 6 2 22 77
1362 A 310069 229258 17 3 32 80665 9 4 19 62
1363 G 301232 14 42 4 221037 19 35 6 80033 42
1364 A 294356 212414 12 0 10 81831 11 7 17 54
1365 T 290338 17 201785 18 1 21 88402 20 17 57
1366 G 284953 22 33 7 193217 32 23 13 91563 43
1367 T 281333 20 185224 26 3 67 95706 30 123 134
1368 G 276475 24 17 5 179495 47 21 20 96815 31
1369 T 272337 23 175725 25 1 34 96393 28 33 75
1370 C 272711 51 13 173776 9 80 32 98686 18 46
1371 T 409173 13 247504 77 0 122 161276 108 19 54
1372 T 411273 17 246670 63 1 70 164300 63 16 73
1373 T 410136 32 251506 56 1 35 158275 87 79 65
1374 C 414710 107 25 255019 9 139 113 159205 35 58
1375 C 429604 168 69 255247 18 312 65 173628 42 55
1376 A 423118 255760 26 9 193 166376 298 195 187 74
1377 G 420562 52 236 10 256346 154 458 44 163210 52
1378 G 425502 0 19 1 256768 42 221 64 168298 89
1379 G 425364 59 147 20 255050 84 142 43 169771 48
1380 G 422825 55 655 14 251865 41 452 68 169595 80
1381 C 433249 309 111 252204 25 259 883 179180 184 94
1382 G 447903 95 317 29 252172 162 647 211 194173 97
1383 G 445191 65 420 24 252697 75 490 33 191327 60
1384 G 448758 93 222 31 252400 64 525 38 195294 91
1385 G 448019 66 101 19 254275 93 257 27 193071 110
1386 A 454935 252647 32 5 40 188208 73 48 7306 6576
1387 G 458589 21 21 10 264663 69 88 32 193630 55
1388 T 465235 4 252754 22 6 254 184358 85 11437 16315
1389 C 474580 54 8 279775 1 88 62 194324 111 157
1390 T 484056 22 297953 58 5 90 185661 103 24 140
1391 T 487984 22 296381 50 1 43 191352 45 20 70
1392 C 493905 80 57 300572 13 143 596 191915 24 505
1393 G 500816 68 210 21 310429 136 446 190 188965 351
1394 A 503727 316693 8 2 55 186117 53 59 267 473
1395 G 507459 14 225 7 323200 43 198 31 183605 136
1396 C 511930 211 25 339377 13 161 27 171521 159 436
1397 T 518302 9 360684 36 4 39 156817 208 52 453
1398 C 520897 215 28 364173 9 148 40 156122 28 134
1399 T 523684 19 370450 53 1 48 152801 91 20 201
1400 C 525263 204 89 372833 9 170 165 151674 15 104
1401 G 525679 78 128 11 381302 144 157 246 143312 301
1402 G 525029 24 121 21 388829 33 60 34 135813 94
1403 A 524070 394700 22 2 77 125768 31 22 1129 2319
1404 C 523811 43 76 408504 16 82 64 114867 24 135
1405 G 522653 78 123 21 417941 39 60 56 104234 101
1406 A 521676 424859 31 3 45 96099 21 19 176 423
1407 A 520736 432320 9 0 59 88215 7 0 38 88
1408 A 519432 441018 12 0 43 78177 14 10 13 145
1409 A 517940 446476 16 8 202 71020 15 16 37 150
1410 G 515595 39 107 15 445297 2497 17 8 60179 7436
1411 G 514040 45 222 14 458196 19 46 16 55342 140
1412 C 512507 215 75 465413 26 39 13 46276 165 285
1413 A 510558 468780 18 2 99 41454 5 14 26 160
1414 G 507650 44 387 15 472299 28 35 10 34756 76
1415 C 506157 279 174 475218 24 37 17 30255 33 120
1416 G 504381 70 529 13 477803 18 36 7 25834 71
1417 A 502804 479016 17 1 36 23184 6 3 137 404
1418 G 500905 59 394 28 479564 10 25 4 20750 71
1419 C 499412 271 114 480034 17 16 13 18271 105 571
1420 C 498257 118 56 481485 21 3 5 16388 3 178
1421 C 497699 287 87 481221 22 51 26 15899 2 104
1422 G 495972 81 72 18 480385 19 5 130 14779 483
1423 A 494879 479532 31 1 51 14415 3 27 123 696
1424 T 493911 48 478971 49 2 73 14392 6 18 352
1425 C 492807 54 96 478058 14 18 10 14392 8 157
1426 G 491106 109 77 16 477616 23 8 22 13096 139
1427 T 489655 29 475671 89 8 3 12305 18 220 1312
1428 G 488219 78 266 16 476198 6 11 0 11579 65
1429 C 487094 188 58 474966 24 3 2 11456 39 358
1430 C 486029 131 37 474252 17 11 2 11490 2 87
1431 T 485459 32 473307 86 2 14 11414 121 2 481
1432 T 484289 30 472760 45 3 5 11201 4 1 240
1433 C 482995 124 33 471671 14 3 54 10861 3 232
1434 C 481842 142 43 470778 15 18 17 10673 1 155
1435 T 481027 18 470391 82 14 20 10042 75 3 382
1436 T 479868 35 469977 53 5 5 9697 2 8 86
1437 T 478522 23 469087 68 4 0 9241 1 1 97
1438 G 477207 61 163 28 465573 3 404 9 8311 2655
1439 A 476266 467396 66 5 69 8355 9 3 21 342
1440 C 475299 68 78 466951 18 4 2 8011 6 161
1441 A 474895 466568 31 3 54 8112 6 8 2 111
1442 T 474225 23 465933 59 3 7 7970 4 3 223
1443 G 473641 56 530 21 465329 6 25 1 7580 93
1444 A 472782 465045 50 2 75 7238 1 2 8 361
1445 G 471981 41 61 18 464849 2 1 2 6933 74
1446 T 471309 41 455873 63 2 14 6334 0 380 8602
1447 A 470528 463871 9 1 34 6299 1 2 1 310
1448 A 469659 463714 29 3 39 5751 0 2 2 119
1449 T 468767 36 462882 56 2 48 5409 0 0 334
1450 G 468451 67 190 24 462567 7 9 2 5455 130
1451 A 467774 462054 51 4 55 5251 0 0 4 355
1452 A 467260 461884 30 8 45 5201 0 1 1 90
1453 G 466756 36 122 17 461327 62 1 0 4869 322
1454 G 466305 28 78 17 461135 2 3 0 4860 182
1455 A 465827 460163 24 0 42 4671 0 16 27 884
1456 T 465357 28 460477 43 0 29 4519 1 3 257
1457 C 464981 44 41 460348 9 3 3 4422 5 106
1458 T 464724 40 459984 55 4 8 4426 0 20 187
1459 T 464321 5 459842 64 1 21 4208 3 0 177
1460 A 463850 459394 19 0 40 3909 57 0 1 430
1461 T 463431 35 459476 40 0 1 3695 16 0 168
1462 T 463122 20 459254 62 3 2 3528 2 13 238
1463 T 462822 37 459180 43 0 6 3452 0 7 97
1464 C 462306 110 31 455947 12 1 123 2979 6 3097
1465 T 462013 19 458813 77 3 4 2952 6 0 139
1466 T 461625 25 458673 37 1 2 2691 0 0 196
1467 C 461164 191 86 457720 11 1 25 2354 1 775
1468 G 460938 82 136 14 458215 11 3 2 2280 195
1469 G 460594 32 261 17 458132 2 5 2 2077 66
1470 A 460340 456581 29 0 110 1943 4 1 33 1639
1471 G 459992 27 112 12 457916 5 1 0 1804 115
1472 A 459757 457581 54 3 71 1674 0 5 5 364
1473 C 459434 40 61 457556 19 5 3 1554 1 195
1474 A 459113 457428 20 2 67 1465 1 3 0 127
1475 A 458714 457228 28 1 30 1330 3 0 0 94
1476 T 458101 36 455566 61 3 19 1184 1 0 1231
1477 G 457456 80 210 22 455850 0 2 2 1112 178
1478 C 456792 244 87 455286 20 1 1 996 2 155
1479 A 456264 454909 36 4 110 917 0 0 0 288
1480 G 455590 28 289 15 454303 2 0 0 852 101
1481 A 454455 453369 22 1 62 812 0 0 2 187
1482 G 453189 40 176 8 452084 2 1 0 769 109
1483 G 451608 36 208 16 450429 2 1 0 742 174
1484 A 449162 446735 22 5 61 709 0 0 4 1626
1485 G 446016 39 60 13 445179 5 0 0 689 31
1486 T 444385 38 422742 55 0 5 607 0 64 20874
1487 A 442703 441814 48 3 69 681 1 0 3 84
1488 C 441826 52 88 440640 29 2 0 682 0 333
1489 G 439168 86 121 25 438117 6 0 0 699 114
1490 A 434861 433813 55 0 73 742 1 2 4 171
1491 C 433356 46 51 432269 16 7 0 782 3 182
1492 A 430434 429375 21 3 37 885 0 0 6 107
1493 A 427499 426380 22 0 35 978 1 0 1 82
1494 T 423346 29 421712 34 1 9 1046 2 0 513