# amino-acid counts among definitively called codons
# POSITION TOTAL_COUNTS WT N_A N_C N_D N_E N_F N_G N_H N_I N_K N_L N_M N_N N_P N_Q N_R N_S N_T N_V N_W N_Y N_STOP
1 997739 M 1 0 0 0 0 0 0 574 85 99 996723 0 0 0 8 0 135 114 0 0 0
2 1002298 A 998682 0 0 1688 0 67 0 0 0 0 0 0 36 0 0 1506 59 260 0 0 0
3 1003835 S 2 34 0 0 133 0 0 0 0 0 0 0 121 0 0 1003327 37 0 0 181 0
4 1005205 Q 0 0 0 107 0 0 78 0 1663 55 0 0 6 1002894 261 0 0 0 0 0 141
5 1007212 G 45 367 148 0 2 1005908 0 0 0 0 0 0 0 0 36 73 0 633 0 0 0
6 1008042 T 192 0 0 0 0 0 0 95 0 0 0 116 10 0 0 99 1007530 0 0 0 0
7 1010678 K 0 0 0 109 0 0 0 33 1010296 0 0 84 0 7 99 0 7 0 0 0 43
8 1014175 R 0 0 0 0 0 35 0 0 0 189 0 0 33 127 1013637 0 0 0 0 0 154
9 1017587 S 1 31 0 0 60 1 0 0 0 0 0 0 128 0 0 1017117 69 0 0 180 0
10 1020462 Y 0 121 4 0 37 0 121 0 0 0 0 7 0 0 0 1 0 1 0 1019965 205
11 1024735 E 1 0 73 1023538 0 109 0 0 215 0 0 0 0 44 1 0 0 72 0 0 682
12 1030216 Q 0 0 0 36 0 0 576 0 163 64 0 0 15 1029106 138 0 0 0 0 0 118
13 1036433 M 0 0 0 0 0 0 0 582 76 70 1035446 0 0 0 5 0 128 126 0 0 0
14 1034161 E 8 0 495 1032386 0 308 0 0 96 0 0 0 0 46 0 0 1 79 0 0 742
15 1028412 T 140 0 0 0 0 0 0 70 0 0 0 157 5 0 0 134 1027906 0 0 0 0
16 1018936 D 8 0 1017421 116 0 223 46 0 0 0 0 149 0 0 0 0 1 106 0 866 0
17 998191 G 50 0 0 88 0 996446 0 0 2 0 0 0 0 0 174 0 0 900 0 0 531
18 988810 E 3 0 46 987948 0 117 0 0 166 0 0 0 0 38 0 0 0 31 0 0 461
19 963428 R 1 208 0 0 0 52 307 1 0 1863 0 0 71 0 960790 133 1 0 1 0 0
20 935631 Q 0 0 0 46 0 0 498 0 470 74 0 0 5 934101 264 0 0 0 0 0 173
21 901553 N 1 0 84 0 0 0 1 35 56 1 0 901223 0 0 0 103 0 0 0 49 0
22 852830 A 850546 0 733 1 0 51 0 0 0 2 0 0 53 0 0 1076 189 179 0 0 0
23 830950 T 101 0 0 0 0 0 0 48 0 0 0 109 9 0 0 116 830567 0 0 0 0
24 797951 E 3 0 52 797054 0 151 0 0 120 0 0 0 0 47 0 0 0 36 0 0 488
25 755995 I 0 0 0 0 35 0 0 755689 0 2 45 47 0 0 0 2 90 85 0 0 0
26 729615 R 0 0 0 0 0 195 0 737 52 0 0 0 0 0 728500 29 43 0 0 0 59
27 703622 A 702145 0 0 702 0 42 0 0 0 0 0 0 20 0 0 523 72 117 0 0 1
28 688055 S 3 30 0 0 55 0 0 0 0 0 0 0 82 0 0 687407 52 0 0 426 0
29 669649 V 73 0 42 1 135 3 0 133 0 20 0 0 0 0 0 0 0 669242 0 0 0
30 645186 G 28 0 0 76 0 644161 0 0 2 0 0 0 0 0 251 0 0 314 0 0 354
31 628127 K 0 0 0 82 0 0 0 36 627880 0 0 24 0 3 70 0 4 0 0 0 28
32 595835 M 0 0 0 0 0 0 0 409 23 30 595251 0 0 0 4 0 71 47 0 0 0
33 574532 I 0 0 0 0 42 0 0 574293 0 1 6 50 0 0 0 2 60 78 0 0 0
34 576909 G 12 284 70 0 0 576347 0 0 0 0 0 0 0 0 25 87 0 84 0 0 0
35 413617 G 20 0 1 41 0 412957 0 0 1 1 0 0 0 0 108 0 0 245 0 0 243
36 433071 I 0 0 0 0 16 0 0 432934 0 0 2 18 0 0 0 0 42 59 0 0 0
37 445051 G 35 0 0 34 0 444532 0 0 1 3 0 0 0 0 70 0 0 167 0 0 209
38 461691 R 0 0 0 0 0 18 0 0 0 260 0 0 17 71 461225 0 0 0 0 0 100
39 477050 F 0 4 0 0 476587 0 0 33 0 359 0 0 0 0 0 40 0 1 0 26 0
40 496889 Y 0 79 1 0 39 0 92 0 0 0 0 42 0 0 0 5 0 0 0 496539 92
41 515762 I 0 0 0 0 28 0 0 515552 0 1 17 40 0 0 0 1 63 60 0 0 0
42 538474 Q 0 0 0 22 0 0 17 0 272 37 0 0 5 537977 69 0 0 0 0 0 75
43 559129 M 0 0 0 0 0 0 0 165 27 35 558807 0 0 0 5 0 46 44 0 0 0
44 586073 C 0 584552 0 0 737 7 0 0 0 1 0 0 0 0 89 94 0 0 38 124 431
45 606582 T 77 0 0 0 0 0 0 99 0 0 0 67 7 0 0 75 606257 0 0 0 0
46 627375 E 1 0 38 626704 0 43 0 0 163 0 0 0 0 18 0 0 0 24 0 0 384
47 647866 L 0 0 0 0 61 0 34 76 0 647555 0 0 124 0 4 0 0 12 0 0 0
48 665532 K 0 0 0 94 0 0 0 16 665262 0 0 67 0 4 65 0 0 0 0 0 24
49 675688 L 0 0 0 0 47 0 31 65 0 675430 0 0 96 0 3 0 0 16 0 0 0
50 690803 S 0 50 0 0 0 155 0 75 0 0 0 46 0 0 100 690365 12 0 0 0 0
51 708050 D 1 0 707329 51 0 78 27 0 0 0 0 70 0 0 0 0 0 46 0 448 0
52 724598 Y 0 70 1 0 57 1 54 0 0 0 0 13 0 0 0 0 0 0 0 724337 65
53 749288 E 7 0 583 746642 0 160 0 0 107 0 0 0 0 52 0 0 0 54 0 1 1682
54 763387 G 27 0 0 215 0 762105 0 0 1 1 0 0 0 0 129 0 0 376 0 0 533
55 771011 R 0 0 0 0 0 9 0 0 0 327 0 0 21 140 770320 0 0 0 194 0 0
56 778937 L 0 0 0 0 189 0 0 0 0 778515 53 0 0 0 0 107 0 10 3 0 60
57 789877 I 0 0 0 0 82 0 0 789499 2 2 21 69 1 0 0 4 110 87 0 0 0
58 800027 Q 0 0 0 25 0 0 38 0 229 31 0 0 85 799426 100 0 0 0 0 0 93
59 798558 N 0 0 79 0 1 0 3 57 136 0 0 798123 0 0 0 97 37 0 0 25 0
60 802830 S 0 9 0 0 0 92 0 975 0 0 0 50 0 0 850 800823 31 0 0 0 0
61 806389 L 0 0 0 0 69 0 0 42 3 806124 0 0 0 0 0 84 0 3 0 1 63
62 817829 T 92 0 0 0 0 0 0 79 104 0 0 0 4 0 23 73 817454 0 0 0 0
63 830160 I 0 0 0 0 0 0 0 829768 45 56 138 1 0 0 2 0 81 69 0 0 0
64 840884 E 8 0 656 839116 0 135 0 0 76 0 0 0 0 44 1 0 0 59 0 0 789
65 840940 R 0 0 0 0 0 122 0 400 67 0 0 0 0 0 840189 59 38 0 0 0 65
66 842674 M 0 0 0 0 0 0 0 557 60 64 841805 1 0 0 6 0 87 94 0 0 0
67 833022 V 133 0 0 112 0 13 0 0 0 118 86 0 0 0 0 0 0 832560 0 0 0
68 834034 L 0 0 0 0 68 0 40 662 0 833115 0 0 114 0 11 0 0 24 0 0 0
69 828616 S 3 37 0 1 53 0 0 0 0 0 0 0 139 0 0 827615 51 0 0 717 0
70 819908 A 818081 0 589 0 0 21 0 1 0 1 0 0 30 0 0 982 161 42 0 0 0
71 813232 F 0 8 0 0 812946 0 0 35 0 134 0 0 0 0 0 81 0 2 0 26 0
72 806431 D 1 0 805496 122 3 139 43 0 0 0 0 101 0 0 0 0 0 54 0 472 0
73 807394 E 7 0 60 806510 0 127 0 0 137 0 0 0 0 37 0 0 0 59 0 0 457
74 823320 R 0 0 0 0 0 124 0 1 51 0 509 0 0 0 821872 689 30 0 44 0 0
75 822784 R 0 0 0 0 0 135 0 307 71 0 0 0 0 0 822083 59 41 0 0 0 88
76 822779 N 0 0 92 0 0 0 3 46 44 0 0 822464 0 0 0 83 5 0 0 42 0
77 819577 K 0 0 0 100 0 0 0 48 819279 1 0 53 0 3 62 0 5 0 0 0 26
78 828175 Y 0 99 0 0 48 0 88 0 0 0 0 50 0 0 0 7 0 0 0 827750 133
79 834166 L 0 0 0 0 31 0 58 385 0 833531 0 0 123 0 9 0 0 29 0 0 0
80 824252 E 4 0 46 823390 0 96 0 0 86 0 0 0 0 54 0 0 0 57 0 0 519
81 822542 E 1 0 56 821889 0 90 0 0 75 0 0 0 0 35 0 0 0 56 0 0 340
82 821621 H 0 0 26 0 0 0 821173 0 0 54 0 116 5 52 84 0 0 0 0 111 0
83 821676 P 36 0 0 0 1 0 503 0 0 94 0 1 820531 2 33 89 386 0 0 0 0
84 834878 S 0 6 0 0 0 123 0 102 0 0 0 80 0 0 80 834470 17 0 0 0 0
85 835507 A 831955 0 0 736 0 42 0 0 0 1 0 0 55 0 0 2322 114 282 0 0 0
86 834848 G 38 0 0 162 0 832836 0 0 1 0 0 0 0 0 174 1 0 675 961 0 0
87 838174 K 0 0 0 143 0 0 0 49 837749 0 3 76 0 3 116 0 3 0 0 0 32
88 844825 D 4 0 844382 64 3 84 15 0 0 0 0 49 0 0 0 0 0 69 0 155 0
89 847245 P 27 0 0 0 3 0 233 0 0 53 0 0 846671 2 33 49 174 0 0 0 0
90 849930 K 0 0 0 105 0 0 0 0 849551 0 27 154 0 0 81 0 4 0 0 0 8
91 847428 K 0 0 0 93 0 0 0 27 847167 0 0 17 0 2 82 0 4 0 0 0 36
92 840877 T 81 0 0 0 0 0 0 40 0 0 0 89 25 0 0 55 840587 0 0 0 0
93 842764 G 34 0 0 68 0 841664 0 0 0 0 0 0 1 1 148 0 0 377 0 0 471
94 840334 G 20 0 0 78 0 839523 0 0 0 0 0 0 0 0 116 0 0 315 0 0 282
95 834765 P 28 0 0 0 0 0 380 0 0 46 0 0 834077 0 21 105 108 0 0 0 0
96 830758 I 0 0 0 0 0 0 0 830396 75 55 77 0 0 0 3 0 68 84 0 0 0
97 825457 Y 0 76 3 0 70 0 101 0 0 0 0 57 0 0 1 2 0 0 0 825003 144
98 824466 R 0 0 0 0 0 173 0 1 63 0 492 0 0 0 822845 814 25 0 53 0 0
99 816767 R 0 0 0 0 0 163 0 1170 76 0 0 0 0 0 815195 43 35 1 0 0 84
100 807667 V 83 0 0 109 0 10 0 95 0 90 0 0 0 1 0 0 0 807279 0 0 0
101 810710 N 0 0 81 1 0 0 2 44 125 0 0 810326 0 0 0 75 27 0 0 29 0
102 806603 G 33 0 0 75 0 805491 0 0 0 0 0 0 0 0 185 0 0 376 0 0 443
103 810072 K 0 0 0 121 0 0 0 0 809630 0 29 96 0 1 154 0 4 1 0 0 36
104 803352 W 0 518 0 0 0 5 0 0 0 356 0 0 0 0 138 36 0 0 802134 0 165
105 796999 M 0 0 0 0 0 0 0 1250 86 88 795325 0 0 0 8 0 109 133 0 0 0
106 789319 R 0 0 0 0 0 139 0 533 87 0 0 0 1 0 788381 75 27 1 0 0 75
107 784902 E 4 0 81 784213 0 93 0 0 100 0 0 0 0 28 0 2 0 36 0 0 345
108 784466 L 0 0 0 0 58 0 57 64 0 784152 0 0 113 0 5 0 0 17 0 0 0
109 774828 I 0 0 0 0 42 0 0 774491 0 5 23 81 0 0 0 2 92 92 0 0 0
110 762623 L 0 0 0 0 54 0 27 452 0 762000 0 0 74 0 3 0 0 13 0 0 0
111 755379 Y 0 91 1 0 44 0 70 0 0 0 0 12 0 0 0 1 0 0 0 755076 84
112 741159 D 7 0 740279 149 0 114 49 0 0 0 0 102 0 0 0 0 0 106 0 353 0
113 727531 K 0 0 0 88 0 0 0 24 727258 0 0 40 0 4 76 0 1 0 0 0 40
114 728163 E 2 0 31 727701 0 92 0 0 35 0 0 0 0 13 0 0 0 32 0 0 257
115 724419 E 1 0 24 723879 0 100 0 0 56 0 0 0 0 24 0 0 0 42 0 0 293
116 715499 I 0 0 0 0 0 0 0 715164 39 39 118 1 0 0 1 0 59 78 0 0 0
117 716769 R 0 0 0 0 0 93 0 0 64 0 280 0 0 0 715648 637 7 0 40 0 0
118 715928 R 0 0 0 0 0 47 0 0 1 534 0 0 30 126 715067 0 0 0 0 0 123
119 711783 I 0 0 0 0 20 1 0 711535 0 2 21 47 0 0 0 3 71 83 0 0 0
120 713861 W 0 1214 0 0 3 4 0 0 1 307 0 0 0 0 178 27 0 0 711940 0 187
121 711875 R 0 173 0 0 0 50 174 0 0 1044 0 0 42 0 709236 1156 0 0 0 0 0
122 710125 Q 0 0 0 34 0 0 39 0 299 40 0 0 9 709539 88 0 0 0 0 0 77
123 709009 A 707496 0 938 1 0 26 0 0 0 0 0 0 24 0 0 440 57 27 0 0 0
124 716120 N 0 0 100 0 0 0 2 58 61 0 0 715828 0 0 0 58 6 0 0 7 0
125 719901 N 0 0 95 0 0 0 5 34 50 0 0 719614 0 0 0 71 5 0 0 27 0
126 712649 G 29 271 71 0 0 712103 0 0 0 0 0 1 0 0 20 99 0 55 0 0 0
127 714609 D 4 0 713819 109 0 90 39 0 0 0 0 106 0 0 1 0 0 46 0 395 0
128 714860 D 2 0 714126 52 0 56 23 0 0 0 0 132 0 0 0 0 0 47 0 422 0
129 726028 A 724216 0 0 791 0 39 0 0 0 0 0 0 39 0 0 539 165 239 0 0 0
130 730252 T 83 0 0 0 0 0 0 0 103 0 141 0 5 0 19 38 729863 0 0 0 0
131 729565 A 727003 0 1536 0 0 42 0 0 0 0 0 0 29 0 1 792 107 55 0 0 0
132 722064 G 22 379 88 1 0 721349 0 0 0 0 0 1 0 0 23 109 0 92 0 0 0
133 724476 L 0 0 0 0 0 0 0 0 0 723921 322 0 173 28 5 0 0 27 0 0 0
134 722757 T 107 0 0 0 0 0 0 69 0 0 0 75 10 0 0 83 722413 0 0 0 0
135 730818 H 0 0 53 1 0 0 728853 0 1 87 0 1503 14 117 93 0 0 0 0 96 0
136 740018 M 0 0 0 0 0 1 0 510 57 40 739181 0 0 0 7 0 94 128 0 0 0
137 749947 M 0 0 0 0 0 0 0 243 56 60 749376 0 0 0 7 0 89 116 0 0 0
138 748827 I 0 0 0 0 43 0 0 748533 0 4 26 53 0 0 0 1 81 86 0 0 0
139 756303 W 0 707 0 0 0 5 0 0 0 280 0 0 0 0 249 30 0 0 754750 0 282
140 759761 H 0 1 63 0 0 0 758428 0 0 46 0 908 4 31 129 1 0 0 0 150 0
141 765144 S 3 36 0 0 71 0 0 0 0 0 0 0 126 0 0 764417 25 0 0 466 0
142 763679 N 0 0 103 0 0 0 5 31 37 0 0 763413 0 0 0 65 4 0 0 21 0
143 764887 L 0 0 0 0 690 0 0 0 0 764015 44 0 0 0 1 101 0 2 3 0 31
144 765577 N 0 0 125 0 0 0 5 19 93 0 0 765172 0 0 0 118 1 0 0 44 0
145 759788 D 1 0 759028 66 0 87 24 0 0 0 0 84 0 0 0 0 0 78 0 420 0
146 758876 A 757238 0 1 834 0 54 0 0 0 0 0 0 41 0 0 427 127 154 0 0 0
147 759182 T 76 0 0 0 0 0 0 32 0 0 0 61 2 0 0 70 758941 0 0 0 0
148 755767 Y 0 71 4 0 32 0 84 0 0 0 0 12 0 0 0 1 0 0 0 755504 59
149 758939 Q 0 0 0 31 0 0 1009 0 438 83 0 0 18 757030 237 0 0 0 0 0 93
150 748262 R 0 0 0 0 0 140 0 0 113 0 376 0 0 0 747174 404 25 0 30 0 0
151 740465 T 97 0 0 0 0 0 0 108 113 0 0 0 11 0 33 83 740020 0 0 0 0
152 744437 R 0 0 0 0 0 101 0 339 55 0 1 0 0 0 743848 25 20 0 0 0 48
153 752310 A 750697 0 740 0 0 32 0 0 0 0 0 0 29 0 0 722 52 38 0 0 0
154 753173 L 0 0 0 0 51 0 32 466 0 752511 0 0 87 0 2 0 0 24 0 0 0
155 751402 V 91 0 76 0 100 1 0 87 0 14 0 0 0 0 0 0 0 751033 0 0 0
156 749369 R 0 182 0 0 1 32 220 0 0 769 0 0 40 2 747587 536 0 0 0 0 0
157 751095 T 93 0 0 0 1 0 0 134 0 0 0 73 9 0 0 93 750692 0 0 0 0
158 745120 G 19 0 0 89 0 743727 0 0 0 0 0 0 0 0 282 0 0 464 0 0 539
159 746663 M 0 0 0 0 0 0 0 355 33 51 746031 1 0 0 1 0 97 94 0 0 0
160 758961 D 8 0 758543 76 0 97 14 1 0 0 0 62 0 0 0 0 0 28 0 131 1
161 761289 P 23 0 0 0 0 0 280 0 0 68 0 0 760636 0 30 87 165 0 0 0 0
162 767305 R 0 0 0 0 0 186 0 0 78 0 469 0 0 0 766185 345 27 1 14 0 0
163 775455 M 0 0 0 0 0 0 0 244 28 70 774937 0 0 0 3 0 74 99 0 0 0
164 772597 C 0 770900 0 0 759 12 0 0 0 1 0 0 0 0 106 107 0 0 39 182 491
165 771563 S 15 34 0 0 77 1 1 0 0 0 0 0 107 0 0 770479 41 0 0 808 0
166 773514 L 0 0 0 0 0 0 0 1 0 772440 785 0 164 52 10 0 0 62 0 0 0
167 781721 M 0 0 0 0 0 0 0 844 58 69 780547 0 0 0 5 0 113 85 0 0 0
168 785304 Q 0 0 0 40 0 0 39 0 901 46 0 0 7 784017 153 0 0 0 0 0 101
169 781358 G 33 362 96 0 0 780707 0 0 0 0 0 0 0 0 20 46 1 93 0 0 0
170 788702 S 4 0 0 0 0 0 0 0 0 110 0 0 88 0 0 787820 50 0 0 0 630
171 790700 T 89 0 0 0 0 0 0 46 0 0 0 85 6 0 0 76 790398 0 0 0 0
172 792660 L 0 0 0 0 44 0 55 1002 0 791382 0 0 150 0 3 0 0 24 0 0 0
173 792584 P 21 0 0 0 0 0 947 0 0 51 0 0 790912 0 33 73 547 0 0 0 0
174 797476 R 0 0 0 0 0 136 0 0 44 0 461 0 0 0 796346 434 24 0 31 0 0
175 797569 R 0 0 0 0 0 119 0 0 58 0 384 0 0 0 796825 120 9 0 54 0 0
176 800485 S 2 35 0 0 69 0 1 0 0 0 0 0 109 0 0 799944 58 0 0 267 0
177 814577 G 37 0 0 69 0 813304 0 0 0 0 0 0 0 0 194 0 0 669 0 0 304
178 825658 A 822948 0 654 0 0 23 0 0 0 1 0 0 24 0 0 1790 84 132 0 2 0
179 838454 A 834933 0 0 2182 0 45 0 0 0 0 0 0 18 0 0 917 265 93 0 0 1
180 834800 G 21 389 104 0 0 834160 0 0 0 0 0 0 0 0 16 34 0 76 0 0 0
181 833424 A 831488 0 602 0 0 19 0 1 0 0 0 0 27 0 0 1049 133 105 0 0 0
182 841296 A 838906 0 0 835 0 49 0 0 0 0 0 0 44 0 0 929 256 277 0 0 0
183 842140 V 95 0 61 1 99 8 0 61 0 25 0 0 0 0 0 0 0 841790 0 0 0
184 858597 K 0 0 0 119 0 0 0 49 858219 0 0 78 0 4 72 0 2 0 0 0 54
185 864577 G 26 0 0 61 0 862858 0 0 0 1 0 0 0 0 75 0 1 1084 1 0 470
186 871582 V 85 0 52 0 76 5 0 64 0 22 0 0 0 0 0 0 0 871278 0 0 0
187 876814 G 37 0 0 73 0 875488 0 0 2 1 0 0 1 0 158 0 0 537 0 0 517
188 879604 T 139 0 0 0 0 0 0 96 120 0 0 0 4 0 32 74 879139 0 0 0 0
189 890766 M 0 0 0 0 0 0 0 517 55 67 889947 1 0 0 4 0 88 87 0 0 0
190 890496 V 97 0 1 116 0 13 0 0 0 115 80 0 0 0 0 0 0 890074 0 0 0
191 893521 M 0 0 0 0 0 0 0 613 67 115 892478 0 0 0 4 0 126 118 0 0 0
192 895952 E 3 0 53 895050 0 144 0 0 74 0 0 0 0 38 0 0 0 60 0 0 530
193 896812 L 0 0 0 0 474 0 0 0 0 896167 39 0 0 0 0 82 0 2 7 0 41
194 898323 V 92 0 110 0 107 10 0 92 0 25 0 0 0 0 0 0 0 897887 0 0 0
195 892872 R 0 0 0 0 0 177 0 486 66 0 0 0 0 1 891979 45 34 0 0 0 84
196 891658 M 0 0 0 0 0 0 0 287 73 50 891055 0 0 0 1 0 91 101 0 0 0
197 890386 I 0 0 0 0 71 0 0 889936 0 1 38 90 0 0 0 3 125 122 0 0 0
198 885770 K 0 0 0 117 0 0 0 14 885450 0 0 72 0 3 97 0 5 0 0 0 12
199 881295 R 0 127 0 0 0 17 165 0 0 139 0 0 17 0 880724 106 0 0 0 0 0
200 885534 G 24 1 0 88 0 883719 0 0 1 1 0 0 0 0 147 0 0 370 1181 0 2
201 875585 I 0 0 0 0 88 0 0 875169 1 1 40 39 0 0 0 4 94 149 0 0 0
202 868860 N 0 0 173 0 0 0 7 35 67 0 0 868447 0 0 0 92 3 0 0 36 0
203 867277 D 3 0 866718 75 0 102 25 0 0 1 0 87 0 0 0 0 0 100 0 166 0
204 863702 R 0 0 0 0 1 22 0 0 0 563 0 0 41 196 862686 0 0 0 193 0 0
205 854851 N 0 1 119 0 0 0 4 29 73 0 0 854476 0 0 0 125 3 0 0 21 0
206 840079 F 0 1 0 0 839507 0 0 29 0 442 0 0 0 0 0 75 0 2 0 23 0
207 823026 W 0 1311 0 0 0 4 0 0 0 553 0 0 0 0 262 38 0 0 820702 0 156
208 813399 R 0 0 0 0 0 168 0 0 72 1 890 0 0 0 811109 1085 15 0 59 0 0
209 801961 G 19 501 131 0 0 801062 0 0 0 0 0 0 0 0 34 114 0 100 0 0 0
210 804424 E 11 0 392 802575 0 183 0 0 149 1 0 0 0 55 0 0 0 87 0 2 969
211 800677 N 0 0 112 0 0 0 0 73 48 0 0 800312 0 0 0 92 1 0 0 39 0
212 802127 G 41 0 0 85 0 801066 0 0 0 1 0 0 0 0 149 0 0 430 0 0 355
213 794720 R 0 0 0 0 0 46 1 0 0 442 0 0 28 187 793785 0 0 0 0 0 231
214 781795 K 0 0 0 103 0 0 0 20 781545 0 0 29 0 0 72 0 2 0 0 0 24
215 776176 T 70 0 0 0 0 0 0 54 86 0 0 0 35 0 27 68 775836 0 0 0 0
216 769493 R 0 0 0 0 0 107 0 266 45 0 0 0 0 0 768961 34 40 0 0 0 40
217 764765 I 0 0 0 0 37 0 0 764510 0 0 4 54 0 0 0 4 81 75 0 0 0
218 763800 A 762487 0 423 0 1 30 0 0 0 0 0 1 19 0 0 722 64 53 0 0 0
219 771628 Y 0 66 5 0 32 0 94 0 0 1 0 6 1 0 0 2 0 0 0 771334 87
220 775859 E 0 0 38 775127 0 110 0 0 99 1 0 0 0 32 0 0 0 41 0 0 411
221 780737 R 0 0 0 0 0 113 0 281 60 0 0 0 0 0 780196 35 28 0 0 0 24
222 771803 M 0 0 0 0 0 0 0 240 46 38 771314 0 0 0 2 0 68 95 0 0 0
223 767610 C 0 765872 0 0 687 16 0 0 0 0 0 0 0 0 138 102 0 0 40 120 635
224 770192 N 0 0 100 1 0 0 3 76 104 0 0 769761 0 0 0 93 4 0 0 50 0
225 774542 I 0 0 0 0 43 0 0 774315 0 2 1 34 0 0 0 3 78 66 0 0 0
226 779309 L 0 0 0 0 84 0 72 310 0 778669 0 0 138 0 4 1 0 30 0 1 0
227 778566 K 0 0 0 111 0 0 0 33 778246 0 0 30 0 4 90 2 5 0 0 0 45
228 773144 G 34 0 0 101 0 771658 0 0 0 0 0 0 0 0 49 0 0 474 828 0 0
229 776716 K 0 0 0 121 0 0 0 27 776360 0 0 42 0 1 115 0 6 0 0 0 44
230 779484 F 0 4 0 0 779164 0 0 49 1 148 0 0 0 0 0 85 0 6 0 27 0
231 781799 Q 0 0 0 36 0 0 39 0 473 28 0 0 4 780906 217 0 0 0 0 0 96
232 785633 T 82 0 0 0 0 0 0 23 0 0 0 109 30 0 0 56 785333 0 0 0 0
233 785274 A 783196 1 748 0 0 27 0 0 0 0 0 2 37 0 0 1076 109 78 0 0 0
234 783263 A 781306 0 0 825 0 36 0 0 0 0 0 0 51 0 0 678 224 143 0 0 0
235 782929 Q 0 0 0 16 0 0 53 0 73 26 0 0 3 782577 79 0 0 0 0 0 102
236 782213 K 0 0 0 71 0 0 0 37 781993 0 0 20 0 1 69 0 1 0 0 0 21
237 781985 A 780474 0 0 818 0 36 0 0 0 0 0 0 29 0 0 424 77 127 0 0 0
238 779306 M 0 0 0 0 0 0 0 590 49 40 778454 1 0 0 5 0 76 91 0 0 0
239 773420 M 0 0 0 0 0 0 0 363 70 84 772691 1 0 0 7 0 105 99 0 0 0
240 763933 D 17 0 763392 71 0 119 18 0 0 0 0 73 0 0 0 0 0 72 0 171 0
241 759499 Q 0 0 0 37 1 0 34 0 125 45 0 0 8 759037 142 0 0 0 0 0 70
242 750377 V 84 0 0 69 0 11 0 0 0 126 48 0 0 0 0 0 0 750039 0 0 0
243 748916 R 0 0 0 0 0 163 0 827 105 0 0 0 0 0 747638 90 33 0 0 0 60
244 731650 E 4 0 680 730095 0 140 0 0 82 0 0 0 0 29 0 0 0 30 0 0 590
245 717376 S 0 13 1 0 0 118 0 1639 0 0 0 68 0 0 648 714864 25 0 0 0 0
246 704202 R 1 0 0 0 0 22 0 0 0 403 0 0 22 258 703303 1 0 0 192 0 0
247 690664 N 0 0 86 0 0 0 0 42 95 0 0 690320 0 1 0 89 1 0 0 30 0
248 671726 P 14 0 0 0 0 0 0 0 0 133 0 0 670504 692 24 42 317 0 0 0 0
249 651081 G 18 0 0 54 0 649720 0 0 0 0 0 0 0 0 82 0 0 499 708 0 0
250 637208 N 0 0 97 0 0 0 3 25 33 0 0 636932 0 0 0 83 1 0 0 34 0
251 628264 A 626745 0 570 1 0 23 0 0 0 0 0 0 30 0 0 666 126 103 0 0 0
252 615389 E 2 0 64 613793 0 87 0 0 71 0 0 0 0 45 0 0 1 11 1 0 1314
253 600247 F 0 2 0 0 599688 0 0 35 0 442 0 0 0 0 0 49 0 4 0 27 0
254 579714 E 5 0 35 579003 0 78 0 0 101 0 0 0 0 21 0 0 0 57 0 0 414
255 555988 D 1 0 555711 41 0 58 12 0 0 0 0 37 0 0 0 0 0 31 0 97 0
256 532359 L 0 0 0 0 38 0 39 72 0 532081 0 0 107 0 8 0 0 14 0 0 0
257 511915 T 60 0 0 0 0 0 0 37 0 0 0 53 4 0 0 49 511712 0 0 0 0
258 495694 F 0 0 0 0 495525 0 0 17 0 70 0 0 0 0 0 60 0 0 0 22 0
259 482367 L 0 0 0 0 0 0 0 195 0 482053 0 0 55 38 1 0 0 25 0 0 0
260 466139 A 465060 0 0 456 0 28 0 0 0 0 0 1 22 0 0 436 65 71 0 0 0
261 448005 R 0 0 0 0 0 8 0 0 0 232 0 0 12 69 447575 0 1 0 107 0 1
262 428275 S 2 19 1 1 28 0 0 0 0 0 0 0 47 0 0 427978 43 0 0 156 0
263 396075 A 395046 0 1 383 0 33 0 0 0 0 0 0 26 0 0 410 84 92 0 0 0
264 378729 L 0 0 0 0 38 0 17 46 0 378553 0 0 64 0 1 0 0 10 0 0 0
265 353371 I 0 0 0 0 0 0 0 353202 19 23 39 0 0 0 1 0 39 48 0 0 0
266 333476 L 0 1 0 0 418 0 0 0 0 332974 26 0 0 0 0 42 0 0 2 0 13
267 315951 R 0 0 0 0 0 66 0 211 33 0 0 0 0 0 315595 13 11 0 0 0 22
268 305720 G 6 0 0 30 0 305243 0 0 0 0 0 0 0 0 53 0 0 143 245 0 0
269 286992 S 2 0 0 0 0 0 0 0 0 68 0 0 32 0 0 286699 26 0 11 0 154
270 269653 V 24 0 23 0 14 0 0 38 0 8 0 0 0 0 0 0 0 269546 0 0 0
271 256433 A 255940 0 131 0 0 10 0 0 0 0 0 0 13 0 0 238 65 36 0 0 0
272 248928 H 0 0 18 0 0 0 248363 0 0 35 0 378 6 49 38 0 0 0 0 41 0
273 233914 K 0 0 0 33 0 0 0 0 233798 0 9 28 0 1 37 0 0 0 0 3 5
274 224458 S 0 10 0 2 23 0 0 0 0 0 0 0 41 0 0 224254 6 0 0 122 0
275 219083 C 0 218420 0 0 330 1 0 0 0 0 0 0 0 0 16 21 0 0 19 24 252
276 213302 L 0 0 0 0 0 0 0 0 0 213154 101 0 14 18 1 0 0 14 0 0 0
277 209688 P 16 0 0 0 0 0 126 0 0 26 1 0 209240 0 14 32 233 0 0 0 0
278 205774 A 205023 0 234 0 0 11 0 0 0 0 0 0 22 0 0 367 64 53 0 0 0
279 200417 C 0 200228 0 0 27 11 0 0 0 0 0 0 0 0 86 13 0 0 1 38 13
280 207150 V 29 0 0 22 0 2 0 0 0 25 24 0 0 0 0 0 0 207048 0 0 0
281 218582 Y 0 39 1 0 35 0 33 0 0 0 0 13 0 0 0 0 0 0 0 218421 40
282 213196 G 8 0 0 67 0 212830 0 0 0 0 0 0 0 0 57 0 0 48 0 0 186
283 250155 P 22 0 0 0 0 0 303 0 0 30 0 0 249597 1 20 90 92 0 0 0 0
284 266828 A 264511 0 512 0 1 28 0 0 0 0 0 0 55 0 0 1423 182 116 0 0 0
285 274574 V 42 0 0 46 0 4 0 100 0 112 1 0 0 0 0 0 0 274269 0 0 0
286 283617 A 283173 0 243 0 0 8 0 0 0 0 0 0 7 0 0 142 11 33 0 0 0
287 293686 S 0 17 0 0 0 29 0 30 0 0 0 24 0 0 27 293554 5 0 0 0 0
288 306276 G 8 0 0 24 0 305733 0 0 0 0 0 0 0 0 65 0 0 160 286 0 0
289 329126 Y 0 39 2 0 24 0 56 0 0 0 0 20 0 0 0 5 0 0 0 328920 60
290 354462 D 1 0 354150 35 0 38 15 0 0 0 0 68 0 0 0 0 0 27 0 128 0
291 376652 F 0 2 0 0 376539 0 0 3 0 62 0 0 0 0 0 34 0 0 0 12 0
292 402875 E 1 0 18 402435 1 83 0 0 39 0 0 0 0 22 0 0 0 16 0 0 260
293 417151 R 0 0 0 0 0 66 0 0 42 0 458 0 0 0 416224 337 8 0 16 0 0
294 427972 E 2 0 452 426701 0 88 0 0 39 0 0 0 0 26 0 0 0 33 0 0 631
295 451818 G 21 0 0 107 0 451073 0 0 0 0 0 0 0 0 66 0 0 242 0 0 309
296 477289 Y 0 65 0 0 41 0 57 0 0 0 0 30 0 0 0 2 0 0 0 477037 57
297 501839 S 2 27 0 0 47 0 0 0 0 0 0 0 88 0 0 501001 44 0 0 630 0
298 530914 L 0 0 0 0 0 0 0 544 0 530241 1 0 51 41 3 0 0 33 0 0 0
299 545379 V 40 0 49 0 69 3 0 32 0 15 0 0 0 0 0 0 0 545171 0 0 0
300 559067 G 28 0 0 56 0 558147 0 1 0 0 0 0 0 0 169 0 0 299 0 0 367
301 575320 I 0 0 0 0 0 0 0 575037 32 28 118 1 0 0 1 0 47 56 0 0 0
302 604126 D 3 0 603602 109 0 65 22 0 0 0 0 48 0 0 0 1 0 56 0 220 0
303 629788 P 10 0 0 0 0 0 607 0 0 34 0 0 628685 0 14 65 373 0 0 0 0
304 653489 F 0 1 0 0 652738 0 0 41 0 577 0 0 0 0 0 87 0 3 0 42 0
305 676297 R 0 0 0 0 0 154 0 275 42 1 0 0 0 0 675685 69 24 0 0 0 47
306 691122 L 0 0 0 0 0 0 0 0 0 690853 100 0 101 48 6 0 0 14 0 0 0
307 714175 L 0 0 0 0 47 0 35 604 0 713315 0 0 140 1 13 0 0 20 0 0 0
308 737988 Q 0 0 0 39 0 0 31 0 654 22 0 0 5 737077 94 0 0 0 0 0 66
309 754194 N 0 0 78 0 0 0 4 41 127 0 0 753789 0 0 0 103 29 0 0 23 0
310 773854 S 0 31 0 0 0 88 0 1332 1 1 0 133 0 0 879 771345 44 0 0 0 0
311 783169 Q 0 0 0 16 0 0 30 0 267 47 0 0 8 782606 86 0 0 0 0 0 109
312 797904 V 75 0 0 57 0 8 0 0 0 103 59 0 0 0 0 0 0 797602 0 0 0
313 815038 Y 0 109 4 0 73 0 126 0 0 0 0 51 0 0 0 6 0 0 0 814492 177
314 829736 S 0 22 0 0 0 139 0 1094 0 0 0 73 0 0 856 827522 30 0 0 0 0
315 837873 L 0 0 0 0 0 0 0 293 0 837358 0 0 139 56 4 0 0 23 0 0 0
316 845512 I 0 0 0 0 59 0 0 845192 0 2 26 61 0 0 0 1 96 75 0 0 0
317 853112 R 0 0 0 0 0 183 0 336 74 1 0 0 0 0 852370 73 39 0 0 0 36
318 850251 P 28 0 0 0 0 0 0 0 0 96 0 0 849517 412 29 77 92 0 0 0 0
319 854258 N 0 0 75 0 0 0 2 44 37 0 0 853974 0 0 0 86 5 0 0 35 0
320 857844 E 8 0 431 855982 0 173 0 0 105 1 0 0 0 33 0 0 0 92 0 1 1018
321 850685 N 0 0 93 0 0 0 3 48 75 0 2 850339 0 0 0 94 1 0 0 30 0
322 850752 P 29 0 0 0 0 0 0 0 0 158 0 0 849530 450 38 54 493 0 0 0 0
323 851166 A 848981 0 0 1062 0 44 0 0 0 0 0 0 34 0 0 759 120 166 0 0 0
324 850862 H 0 0 17 0 0 0 850269 0 1 123 0 122 4 120 91 1 0 0 0 114 0
325 841383 K 0 0 0 127 0 0 0 1 840113 0 56 872 0 3 167 0 10 0 0 0 34
326 835336 S 0 59 0 0 0 105 0 89 0 0 0 87 0 0 92 834888 16 0 0 0 0
327 827814 Q 0 0 0 37 0 0 69 0 386 44 0 1 7 827089 119 0 0 0 0 0 62
328 819603 L 0 0 0 0 0 0 0 0 0 819308 117 0 95 49 3 0 0 31 0 0 0
329 825980 V 94 0 1 57 0 10 0 0 0 110 76 0 0 0 0 0 0 825632 0 0 0
330 830592 W 0 530 0 0 0 3 0 0 0 453 0 0 0 0 161 40 0 0 829221 0 184
331 818213 M 0 0 0 0 0 0 0 424 70 73 817453 0 0 0 1 0 88 104 0 0 0
332 819488 A 817532 0 2 873 0 61 0 0 0 0 0 0 31 0 0 598 201 189 0 0 1
333 821134 C 0 819013 0 0 954 1 0 0 0 0 0 0 0 0 175 132 0 0 33 159 667
334 810020 H 0 0 35 0 0 0 809417 3 0 55 0 256 3 39 77 0 0 0 0 135 0
335 800942 S 5 29 0 0 49 0 0 0 0 0 0 0 82 0 0 800344 53 0 0 380 0
336 794043 A 791257 1 534 0 1 34 0 0 0 0 0 0 56 0 0 1793 190 177 0 0 0
337 784694 A 782301 0 0 1182 0 34 0 0 0 0 0 0 21 0 0 851 222 83 0 0 0
338 782925 F 0 1 0 0 782651 0 0 34 0 122 0 0 0 0 0 90 0 3 0 24 0
339 783821 E 1 0 71 782796 0 139 0 0 76 0 0 0 0 50 0 0 0 62 0 0 626
340 774702 D 3 1 774315 33 0 95 10 0 0 0 0 55 0 0 0 1 0 59 0 130 0
341 772300 L 0 0 0 0 0 0 0 105 0 772005 0 0 112 48 4 0 0 26 0 0 0
342 776963 R 0 0 0 0 0 90 0 836 50 0 0 0 0 0 775869 55 28 0 0 0 35
343 779227 V 68 0 0 42 0 5 0 46 0 109 0 0 0 0 0 0 0 778957 0 0 0
344 781460 L 0 0 0 0 81 0 0 54 1 781187 0 0 0 0 0 73 0 3 0 0 61
345 772523 S 0 22 0 0 0 72 0 793 0 0 0 39 0 0 750 770819 28 0 0 0 0
346 769816 F 0 4 0 0 769037 0 0 10 0 606 0 0 0 0 0 98 0 2 0 59 0
347 765445 I 0 0 0 0 52 0 0 765080 0 3 38 82 1 0 0 3 82 104 0 0 0
348 760990 K 1 0 0 93 0 0 0 30 760671 1 0 66 0 4 71 0 1 0 0 0 52
349 766022 G 29 0 0 97 0 764729 0 0 0 0 0 0 0 0 51 0 0 499 616 0 1
350 767228 T 104 0 0 0 0 0 0 0 103 0 163 0 4 0 42 55 766757 0 0 0 0
351 766982 K 0 0 0 74 0 0 0 0 766340 0 63 328 0 4 105 0 16 0 0 0 52
352 760584 V 78 0 0 62 0 10 0 0 0 80 99 0 0 0 0 0 0 760255 0 0 0
353 772459 L 0 0 0 0 125 0 42 554 0 771533 0 0 167 0 5 0 0 33 0 0 0
354 775711 P 31 0 0 0 0 0 0 0 0 99 0 0 774083 843 34 76 545 0 0 0 0
355 778007 R 0 0 0 0 1 90 0 984 38 2 0 0 0 0 776736 54 61 0 0 0 41
356 790817 G 28 1 0 80 0 789212 0 0 0 0 2 0 0 0 86 0 0 559 849 0 0
357 778605 K 0 0 0 139 0 0 0 1 777377 0 30 884 0 1 130 0 4 0 0 0 39
358 782047 L 0 0 0 0 45 0 28 761 0 781060 0 0 137 0 3 0 0 13 0 0 0
359 789564 S 4 34 0 0 70 0 0 0 0 0 0 1 117 0 0 788865 51 0 0 421 1
360 800821 T 106 0 0 0 0 0 0 57 0 0 0 100 6 0 0 87 800465 0 0 0 0
361 795266 R 0 0 0 0 0 118 0 1136 48 0 0 0 0 0 793765 51 81 0 0 0 67
362 802145 G 27 0 0 52 0 800600 0 0 0 1 0 0 0 0 97 0 0 875 0 0 493
363 807916 V 93 0 56 0 102 3 0 55 0 24 0 0 0 0 0 0 0 807583 0 0 0
364 815177 Q 0 0 0 42 0 0 65 0 603 45 0 0 10 814211 108 0 0 0 0 0 93
365 821244 I 0 0 0 0 36 0 0 821002 0 4 7 43 0 0 0 2 81 69 0 0 0
366 829275 A 827767 0 429 1 0 23 0 0 0 0 0 0 38 0 0 860 103 54 0 0 0
367 826364 S 2 31 0 0 54 0 0 0 0 0 0 0 123 0 0 825599 84 0 0 471 0
368 826522 N 0 0 109 0 0 0 6 35 42 0 0 826214 0 0 0 69 1 0 0 46 0
369 833053 E 2 0 41 832334 0 91 0 0 97 0 0 0 0 18 1 0 0 39 0 0 430
370 830353 N 0 0 102 0 0 0 4 76 27 0 0 830037 0 0 0 83 3 0 0 21 0
371 835940 M 0 0 0 0 0 0 0 307 72 63 835320 0 0 0 3 0 85 90 0 0 0
372 844926 E 6 0 335 843983 0 209 0 0 87 0 0 0 0 27 0 0 0 50 0 0 229
373 846070 T 101 0 0 0 0 0 0 60 0 0 0 104 4 0 0 103 845698 0 0 0 0
374 851230 M 0 0 0 0 0 0 0 587 78 81 850261 0 0 0 7 0 116 100 0 0 0
375 852554 E 4 0 44 851699 0 131 0 0 77 0 0 0 0 31 0 0 0 75 0 0 493
376 851315 S 4 0 0 0 0 0 0 0 2 54 0 0 100 0 0 850524 51 0 0 0 580
377 844310 S 0 54 0 0 0 117 0 97 0 0 0 60 0 0 84 843871 27 0 0 0 0
378 838124 T 90 0 0 1 0 0 0 114 128 0 0 0 11 0 29 78 837671 2 0 0 0
379 838742 L 0 0 0 0 61 0 42 105 0 838397 0 0 108 0 4 0 0 24 0 0 1
380 832031 E 8 0 56 831040 0 105 0 0 108 0 0 0 0 42 0 0 0 53 0 0 619
381 832971 L 0 0 0 0 0 0 0 0 0 832679 101 0 145 15 7 0 0 24 0 0 0
382 830780 R 0 0 0 0 0 172 0 117 93 0 0 0 0 0 830290 44 26 0 0 0 38
383 828876 S 0 13 0 0 0 118 0 767 0 0 0 67 0 0 1029 826842 39 0 0 0 1
384 827321 R 0 0 0 0 0 198 0 0 44 0 359 0 0 0 826523 104 23 0 70 0 0
385 825685 Y 0 92 2 0 47 0 102 0 0 0 0 56 0 0 0 8 0 0 0 825263 115
386 824774 W 0 412 0 0 1 6 0 0 0 772 0 0 0 0 186 41 0 0 823110 0 246
387 822750 A 820520 0 885 0 1 42 0 0 0 0 0 0 41 0 0 1006 131 124 0 0 0
388 815356 I 0 0 0 0 0 0 0 814867 31 96 165 0 0 0 3 0 90 104 0 0 0
389 814389 R 0 0 0 0 0 150 0 0 66 0 445 0 0 0 813246 430 18 0 34 0 0
390 808798 T 86 0 0 0 0 0 0 83 0 0 0 74 5 0 0 96 808453 0 1 0 0
391 818014 R 0 0 0 0 0 184 0 320 43 0 0 0 0 0 817346 40 20 0 0 0 61
392 817981 S 0 48 0 0 0 112 0 81 0 0 0 61 0 0 73 817586 20 0 0 0 0
393 823466 G 41 0 0 52 0 821573 0 0 0 1 0 0 0 0 137 0 0 1237 0 0 425
394 826410 G 27 0 0 89 0 825447 0 0 0 0 0 0 0 0 107 0 0 379 0 0 361
395 822521 N 0 0 130 0 0 0 2 39 122 0 0 822052 0 0 0 97 41 0 0 38 0
396 822117 T 95 0 0 0 0 0 0 85 0 0 1 102 7 0 0 75 821752 0 0 0 0
397 824641 N 0 0 97 0 0 0 5 32 68 0 0 824330 0 0 0 77 1 0 0 31 0
398 816110 Q 0 0 0 36 0 0 51 0 487 29 0 0 3 815339 100 0 0 0 0 0 65
399 809197 Q 0 0 0 31 0 0 1026 0 128 45 0 0 7 807693 154 0 0 0 0 0 113
400 808182 R 0 0 0 0 0 136 0 1 109 0 678 1 0 0 806925 267 29 0 36 0 0
401 814332 A 812539 0 0 841 0 53 0 0 0 1 0 0 34 0 1 577 87 199 0 0 0
402 812414 S 3 26 0 0 44 0 1 0 0 0 1 0 92 0 0 811795 60 0 0 392 0
403 814726 A 810317 0 0 719 0 37 0 0 0 0 0 0 75 0 0 3053 112 413 0 0 0
404 823647 G 61 426 255 0 0 821788 0 0 0 0 0 0 0 0 24 130 0 963 0 0 0
405 835582 Q 0 0 0 25 0 0 53 0 266 52 0 0 18 834946 108 0 0 0 0 0 114
406 822961 I 0 0 0 0 59 0 0 822670 0 2 24 57 0 0 0 3 66 80 0 0 0
407 833806 S 0 35 0 0 1 146 0 972 0 0 0 110 0 0 802 831695 45 0 0 0 0
408 839647 I 0 0 0 0 0 0 0 839222 51 73 92 0 0 0 2 0 87 120 0 0 0
409 841696 Q 0 0 0 36 0 0 72 0 90 19 0 0 4 841293 84 0 0 0 0 0 98
410 847144 P 21 0 0 0 0 0 345 0 0 43 0 0 846563 0 22 61 89 0 0 0 0
411 852437 T 88 0 0 0 0 0 0 0 103 0 135 0 2 0 29 58 852022 0 0 0 0
412 860084 F 0 0 0 0 859378 0 0 53 0 513 0 0 0 0 0 100 0 5 0 35 0
413 865752 S 5 0 0 0 0 0 0 0 0 115 0 0 160 0 0 864303 49 0 0 0 1120
414 877949 V 111 0 0 49 0 6 0 61 0 167 0 0 0 0 0 0 0 877555 0 0 0
415 880537 Q 0 0 0 20 0 0 822 0 114 96 0 0 11 879204 144 0 0 0 0 0 126
416 879497 R 0 0 0 0 0 90 0 320 68 0 0 0 0 0 878879 40 36 0 0 0 64
417 893053 N 0 0 107 1 0 0 3 60 47 0 0 892673 0 1 1 91 5 0 0 64 0
418 900368 L 0 0 0 0 59 0 69 374 0 899645 0 0 199 0 3 0 0 19 0 0 0
419 901284 P 32 0 0 0 0 0 1020 0 0 60 0 0 899484 0 13 82 593 0 0 0 0
420 910458 F 0 1 0 0 910116 0 0 51 0 164 0 0 0 0 0 84 0 4 0 38 0
421 916748 D 5 1 915470 150 1 165 71 0 0 0 0 130 0 0 0 0 0 91 0 664 0
422 917250 R 0 0 0 0 0 182 0 460 104 0 0 0 0 0 916366 35 39 0 0 1 63
423 913754 T 141 0 0 0 0 0 0 116 99 0 0 0 5 0 29 71 913293 0 0 0 0
424 921296 T 122 0 0 0 0 0 0 61 0 0 0 115 3 0 0 84 920911 0 0 0 0
425 919581 I 0 0 0 0 47 0 0 919303 0 4 1 68 0 0 0 3 83 72 0 0 0
426 917432 M 0 0 0 0 0 0 0 485 109 63 916536 0 0 0 5 0 118 116 0 0 0
427 916172 A 913823 0 0 1122 0 84 1 0 0 1 0 0 33 0 0 745 96 267 0 0 0
428 901942 A 899848 0 0 907 0 28 0 0 0 0 0 0 40 0 0 882 128 109 0 0 0
429 890745 F 0 7 0 0 889943 0 0 37 0 582 0 0 0 0 0 111 0 2 0 63 0
430 876764 N 0 0 123 0 0 0 5 60 51 0 0 876381 0 0 0 81 3 0 0 60 0
431 858636 G 33 0 0 94 0 856825 0 0 1 0 0 0 0 0 155 0 0 653 875 0 0
432 841818 N 0 0 155 0 0 0 1 54 45 0 0 841394 0 0 0 100 2 0 0 67 0
433 829000 T 137 0 0 0 0 0 0 175 148 0 0 0 6 0 37 78 828419 0 0 0 0
434 810420 E 6 0 887 808189 0 104 0 0 83 0 0 0 0 48 0 1 0 53 0 0 1049
435 793276 G 28 0 0 121 0 791456 0 0 0 0 0 0 0 0 84 0 0 643 942 0 2
436 770098 R 0 0 0 0 0 161 0 405 100 1 0 0 0 0 769296 40 30 0 0 0 65
437 745497 T 88 0 0 0 1 0 0 91 80 0 0 0 10 0 25 55 745147 0 0 0 0
438 725030 S 2 32 0 0 43 0 0 0 0 0 0 0 70 0 0 724489 47 0 0 347 0
439 709882 D 1 0 708949 124 0 103 34 0 0 0 0 94 0 0 0 0 0 68 0 509 0
440 685484 M 0 0 0 0 0 0 0 1371 32 39 683856 0 0 0 1 0 82 103 0 0 0
441 663388 R 0 0 0 0 0 129 0 0 94 0 388 0 0 0 662399 320 18 0 40 0 0
442 637810 T 65 0 0 0 0 0 0 91 0 0 0 64 4 0 0 72 637514 0 0 0 0
443 620467 E 2 0 28 619730 0 97 0 0 185 0 0 0 0 21 0 0 0 38 0 0 366
444 598804 I 0 0 0 0 21 0 0 598613 0 0 18 20 0 0 0 1 70 61 0 0 0
445 574701 I 0 0 0 0 0 0 0 574398 30 46 96 0 0 0 0 0 66 65 0 0 0
446 546380 R 0 0 0 0 0 84 0 0 41 0 369 0 0 0 545545 309 14 0 18 0 0
447 518584 M 0 0 0 0 0 0 0 477 44 37 517905 0 0 0 4 0 49 68 0 0 0
448 497256 M 0 0 0 0 0 0 0 274 55 54 496723 0 0 0 5 0 67 78 0 0 0
449 468134 E 5 0 21 467697 0 89 0 0 60 0 0 0 0 20 0 0 0 16 0 0 226
450 442226 S 0 9 0 0 0 51 0 46 0 0 0 45 0 0 33 442028 13 1 0 0 0
451 413358 A 412351 0 0 311 0 34 0 0 0 0 0 0 24 0 0 401 98 139 0 0 0
452 389739 R 0 0 0 0 0 52 0 151 43 0 0 0 0 0 389414 46 13 0 0 0 20
453 352772 P 14 0 0 0 0 0 2 0 0 46 0 0 352474 133 16 45 42 0 0 0 0
454 324825 E 0 0 19 324605 0 29 0 2 18 0 0 0 0 4 0 0 0 11 0 0 137
455 286059 D 0 0 285831 17 2 34 9 0 0 0 0 20 0 0 0 0 0 18 0 128 0
456 252366 V 32 0 0 22 0 3 0 0 0 40 24 0 0 0 0 0 0 252244 1 0 0
457 235987 S 4 8 0 0 8 0 0 0 0 0 0 0 33 0 0 235798 27 0 0 109 0
458 298732 F 0 3 0 0 298327 0 0 22 0 288 0 0 0 0 0 61 0 0 0 31 0
459 298570 Q 0 0 0 22 0 0 450 0 239 46 0 0 17 297435 287 0 1 0 0 0 73
460 291038 G 24 1 0 87 0 290679 0 0 0 0 0 0 0 0 4 0 0 218 25 0 0
461 283791 R 0 1 0 0 0 15 1 0 0 579 0 0 30 110 282932 0 0 0 123 0 0
462 274619 G 22 0 0 63 0 273837 0 0 0 0 0 0 0 0 107 0 0 197 0 0 393
463 259788 V 33 0 4 0 31 0 0 33 0 9 0 0 0 0 0 0 0 259678 0 0 0
464 304366 F 0 1 0 0 304079 0 1 22 0 205 0 0 0 0 0 33 0 7 0 18 0
465 306437 E 0 0 308 305657 0 43 0 0 70 0 0 0 0 25 0 0 1 8 0 2 323
466 318333 L 0 0 0 0 20 0 4 330 0 317929 0 0 34 0 4 0 0 12 0 0 0
467 330486 S 1 0 0 0 0 0 0 0 0 98 0 0 42 0 0 329909 12 1 22 0 401
468 340471 D 1 0 340084 56 0 74 20 0 0 0 0 33 0 0 0 0 0 13 0 190 0
469 367220 E 0 0 10 366842 0 46 0 0 92 0 0 0 0 13 0 0 0 25 0 0 192
470 387235 K 0 0 0 28 0 1 0 0 386868 0 16 148 0 1 156 0 5 1 0 0 11
471 412280 A 411303 0 0 371 0 32 0 0 0 0 0 0 10 0 0 414 44 106 0 0 0
472 445722 A 444270 0 0 434 0 33 0 0 0 0 0 0 22 0 0 751 45 167 0 0 0
473 467988 S 0 13 0 0 0 31 0 729 0 0 0 51 1 0 400 466748 15 0 0 0 0
474 490271 P 21 0 0 0 0 0 1 0 0 93 0 0 489462 423 19 64 188 0 0 0 0
475 507671 I 0 0 0 0 31 0 0 507482 0 2 9 36 0 0 0 2 55 54 0 0 0
476 513038 V 89 0 0 30 1 1 0 0 0 129 112 0 0 0 0 0 0 512676 0 0 0
477 524201 P 21 0 0 0 0 0 169 0 0 36 0 0 523576 0 13 64 322 0 0 0 0
478 537175 S 2 31 0 0 53 0 0 0 0 0 0 0 74 0 0 536723 35 0 0 257 0
479 543161 F 0 1 0 0 542934 0 0 25 0 123 0 0 1 0 0 36 0 17 0 24 0
480 539798 D 5 0 539084 111 3 85 39 0 1 0 0 68 0 0 0 0 0 66 0 336 0
481 540896 M 0 0 0 0 0 0 0 1187 26 41 539467 0 0 0 5 0 92 78 0 0 0
482 534209 S 0 28 0 0 0 99 0 80 0 0 0 44 0 0 72 533867 19 0 0 0 0
483 536967 N 0 0 47 0 0 0 3 25 31 0 0 536788 0 0 0 55 1 0 0 17 0
484 535104 E 0 0 46 534465 0 59 0 0 68 0 0 0 0 30 0 0 0 47 0 0 389
485 533319 G 21 0 0 36 0 532864 0 0 0 0 0 0 0 0 70 0 0 118 0 0 210
486 532351 S 0 18 0 0 34 0 0 0 0 0 0 0 48 0 0 532146 27 0 0 78 0
487 531469 Y 0 38 1 0 22 0 91 0 0 0 0 6 0 0 0 3 0 0 0 531278 30
488 530129 F 0 1 0 0 529724 0 0 32 0 273 0 0 0 0 0 72 0 3 0 24 0
489 529739 F 0 0 0 0 529145 0 0 27 0 494 0 0 0 0 0 43 0 2 0 28 0
490 529180 G 31 0 0 59 0 528096 0 1 0 0 0 0 0 0 128 0 0 555 0 0 310
491 527975 D 1 0 527417 81 0 65 25 0 0 0 0 54 0 0 0 0 0 55 0 277 0
492 524680 N 0 0 71 0 0 0 1 33 34 0 0 524470 0 0 0 50 0 0 0 21 0
493 521870 A 520557 0 0 529 0 37 0 0 0 0 0 0 35 0 0 490 107 114 0 0 1
494 516837 E 1 0 361 515757 0 81 0 0 36 0 0 0 0 26 0 0 0 20 0 1 554
495 509632 E 2 0 91 508983 0 83 0 0 30 0 0 0 0 17 0 0 0 23 0 0 403
496 492477 Y 0 78 6 0 33 0 70 0 0 0 0 29 0 0 0 2 0 0 0 492155 104
497 496236 D 6 0 495576 124 0 89 30 0 1 0 0 113 0 0 0 0 0 63 0 234 0
498 486546 N 0 0 61 0 0 0 1 23 40 0 0 486345 0 0 0 47 2 0 0 27 0
