# nucleotide counts
# upper case indicates nucleotide called by both reads
# lower case indicates nucleotide called by one read with other ambiguous
# N indicates disagreement between reads, or both ambiguous
# POSITION WT COUNTS A T C G a t c g N
1 A 1002251 997792 94 5 115 4141 1 1 1 101
2 T 1004326 85 999305 136 8 1 4651 1 2 137
3 G 1006348 162 368 45 1000619 2 6 3 5011 132
4 G 1007865 59 1506 36 1000952 1 3 2 5219 87
5 C 1009311 1689 260 1001160 67 26 27 5949 2 131
6 G 1010315 217 132 46 1003383 0 10 2 6403 122
7 T 1011507 37 1004006 121 2 3 7082 2 2 252
8 C 1012669 181 133 1004390 34 1 5 7744 2 179
9 T 1013887 51 1005063 237 3 1 8383 7 3 139
10 C 1015259 1664 141 1003786 107 13 11 9143 2 392
11 A 1016611 1005915 55 6 261 9973 11 3 6 381
12 A 1017788 1006700 62 16 188 10690 16 2 4 110
13 G 1018298 73 369 36 1006939 6 12 7 10738 118
14 G 1019518 148 635 45 1007156 16 15 3 11405 95
15 C 1021157 1380 158 1007122 43 15 33 12297 2 107
16 A 1022296 1007925 73 10 192 12929 5 25 3 1134
17 C 1024012 116 95 1009829 26 26 8 13843 0 69
18 C 1025679 498 105 1010138 46 4 7 14768 26 87
19 A 1027970 1011078 43 7 109 16586 29 5 2 111
20 A 1029796 1012365 33 7 99 17161 2 25 2 102
21 A 1031524 1012865 36 48 104 17988 28 0 1 454
22 C 1033609 139 154 1014173 35 7 26 18983 1 91
23 G 1035137 127 189 33 1015137 2 26 33 19461 129
24 A 1037215 1016457 34 1 90 20428 2 2 5 196
25 T 1039378 69 1017785 128 2 7 21186 5 0 196
26 C 1041005 182 60 1019275 32 1 8 21374 2 71
27 T 1043504 68 1020194 105 7 4 22794 8 0 324
28 T 1045952 7 1020755 121 5 0 24964 7 0 93
29 A 1048319 1021848 39 1 123 26100 11 0 8 189
30 C 1051704 154 208 1023361 51 15 68 27608 2 237
31 G 1053682 215 682 45 1024058 4 49 5 28502 122
32 A 1056615 1026666 72 1 110 29624 7 0 6 129
33 A 1058960 1028452 67 7 119 30165 5 1 9 135
34 C 1062446 163 118 1030291 36 7 22 31293 4 512
35 A 1066433 1032670 64 15 138 33381 24 3 5 133
36 G 1068495 54 543 36 1033967 4 40 7 33587 257
37 A 1070370 1036727 65 5 126 33292 6 4 5 140
38 T 1073694 76 1038482 128 5 4 34672 6 4 317
39 G 1075377 137 393 57 1040857 7 82 4 33669 171
40 G 1077779 97 743 46 1042879 5 58 3 33835 113
41 A 1081302 1039789 79 9 310 40805 50 0 14 246
42 G 1083922 100 464 33 1038676 9 26 2 44270 342
43 A 1087132 1039232 93 5 142 47344 10 4 10 292
44 C 1091034 158 71 1038458 42 15 5 52101 1 183
45 T 1096972 67 1034745 141 6 5 61789 9 5 205
46 G 1100200 153 883 47 1030529 20 116 9 68087 356
47 A 1103628 1028108 109 9 228 74953 12 10 9 190
48 T 1107445 110 1025210 114 8 13 81853 14 5 118
49 G 1109379 140 543 37 1014623 20 150 17 93747 102
50 G 1112134 92 912 50 1008789 27 138 13 101977 136
51 A 1115343 1004426 78 11 290 110207 140 4 45 142
52 G 1118031 170 468 39 1004207 37 80 27 112635 368
53 A 1123212 998419 31 3 117 124467 23 8 15 129
54 A 1126656 994048 37 9 127 132212 13 10 30 170
55 C 1131331 140 220 987160 54 42 69 143535 14 97
56 G 1131261 314 1896 74 975762 76 334 27 152603 175
57 C 1133045 1969 76 967539 39 336 29 162956 24 77
58 C 1136797 485 178 958319 47 138 50 177449 14 117
59 A 1140892 952237 75 6 269 187949 103 15 72 166
60 G 1137499 54 475 30 946276 32 187 21 190336 88
61 A 1136305 935002 51 2 89 200949 51 11 60 90
62 A 1132759 919898 38 3 104 212557 26 12 34 87
63 T 1132892 55 909235 119 3 30 223195 36 34 185
64 G 1123892 197 1128 55 889401 90 389 27 232458 147
65 C 1122383 756 185 875999 53 263 111 244923 26 67
66 C 1123455 317 135 859651 29 224 102 262895 33 69
67 A 1127441 846584 92 9 102 279871 67 39 86 591
68 C 1123255 111 49 839503 24 101 58 283312 32 65
69 T 1125839 67 841254 178 11 113 283969 95 28 124
70 G 1122481 125 510 50 831847 110 218 62 289481 78
71 A 1116765 821666 36 3 154 294663 73 13 71 86
72 A 1111520 811908 50 2 98 299234 66 13 77 72
73 A 1102775 795243 38 2 91 307211 78 12 39 61
74 T 1098662 49 781743 91 2 18 316576 59 39 85
75 C 1094690 633 82 767925 45 388 104 325427 33 53
76 A 1088619 757934 62 8 200 330002 184 13 122 94
77 G 1074091 54 752 46 747440 68 400 26 325179 126
78 A 1065340 740290 21 7 123 324558 149 16 83 93
79 G 1050956 75 547 20 730770 69 321 103 318919 132
80 C 1041626 729 123 727158 43 494 179 312778 46 76
81 A 1031507 720165 42 1 94 310909 44 87 70 95
82 T 1023437 53 711809 85 3 46 311186 139 3 113
83 C 1018341 438 60 705997 31 378 159 311032 78 168
84 C 1026688 418 185 702502 35 683 196 322526 65 78
85 G 1020944 138 140 23 699506 499 217 110 320236 75
86 T 1010487 44 691531 77 3 59 318423 71 127 152
87 C 1002937 515 169 680563 32 364 217 320821 175 81
88 G 985831 237 376 30 677762 226 271 142 306700 87
89 G 973507 83 326 28 667127 106 174 20 305557 86
90 A 966731 660286 39 2 78 305985 86 17 126 112
91 A 960905 654390 28 3 85 306058 96 20 72 153
92 A 956137 644060 36 4 71 311738 76 39 48 65
93 A 947932 637154 23 2 62 310479 47 28 56 81
94 A 942623 628024 37 2 49 314196 196 17 41 61
95 T 941817 24 620311 75 5 74 320985 67 153 123
96 G 932869 57 337 26 616079 194 359 48 315708 61
97 A 925581 610636 43 2 80 314387 152 41 106 134
98 T 921157 51 599126 64 2 71 321712 43 17 71
99 T 917660 50 595154 54 6 85 322014 56 135 106
100 G 911552 92 289 25 595976 164 377 28 314510 91
101 G 902538 72 88 14 591767 91 184 93 310164 65
102 T 898045 45 596694 84 2 176 299983 88 192 781
103 G 900243 136 358 16 603051 251 245 30 296036 120
104 G 892211 61 354 23 596509 149 291 47 294687 90
105 A 559421 434285 30 1 61 124874 37 11 45 77
106 A 556934 439828 16 0 60 116878 47 3 25 77
107 T 559113 20 444986 43 0 11 113954 27 12 60
108 T 565577 21 447636 50 2 18 117753 16 13 68
109 G 566567 56 211 19 451938 22 180 37 114032 72
110 G 567238 35 174 36 458719 10 75 12 108110 67
111 A 571258 463082 44 0 130 107806 16 10 47 123
112 C 578201 64 100 467909 20 39 104 109881 12 72
113 G 583724 72 269 19 471698 31 141 18 111403 73
114 A 590604 479057 33 1 39 111359 13 4 18 80
115 T 597089 33 480804 57 1 20 116064 30 2 78
116 T 604380 27 485465 41 4 11 118750 18 7 57
117 C 607364 288 37 492570 21 64 22 114272 15 75
118 T 615100 42 499831 93 1 12 114996 30 3 92
119 A 621912 506700 41 5 82 114878 42 11 24 129
120 C 630284 81 84 514857 12 38 48 115086 12 66
121 A 638408 519559 29 1 60 118602 15 25 13 104
122 T 644524 41 526303 63 1 25 117979 19 2 91
123 C 652384 295 36 535616 17 82 28 116204 9 97
124 C 661015 272 78 541849 22 103 40 118551 18 82
125 A 669649 547779 37 5 72 121579 24 25 35 93
126 A 676262 554252 14 3 46 121798 40 17 15 77
127 A 681671 562820 33 2 45 118629 27 22 16 77
128 T 687980 28 572323 47 5 14 115455 17 5 86
129 G 692359 96 60 12 581237 48 64 25 110721 96
130 T 699187 63 588899 90 7 23 109704 48 8 345
131 G 704897 129 747 32 596465 47 162 10 107243 62
132 C 713618 441 216 600451 40 104 74 112205 10 77
133 A 723054 610441 59 7 78 111941 22 39 28 439
134 C 729999 68 101 617077 18 23 60 112543 8 101
135 C 737942 344 129 624136 37 97 146 112923 27 103
136 G 744863 163 387 18 631147 79 184 32 112736 117
137 A 751181 636970 24 2 44 113980 30 24 25 82
138 A 758895 643703 36 4 87 114787 52 32 36 158
139 C 764747 76 61 651512 12 48 31 112912 6 89
140 T 773577 34 659533 125 4 19 113728 35 3 96
141 C 780721 1511 65 663804 42 231 38 114893 31 106
142 A 789870 669781 24 4 95 119755 60 13 24 114
143 A 794535 673981 16 0 66 120291 14 40 20 107
144 A 800913 676006 45 23 57 124544 34 19 29 156
145 C 807219 65 48 681768 16 33 22 125162 8 97
146 T 814583 31 684886 97 3 13 129363 18 10 162
147 C 820860 1370 84 690032 51 280 47 128858 27 111
148 A 825307 698441 51 6 157 126444 28 12 22 146
149 G 829608 46 78 12 703856 19 32 16 125454 95
150 T 835952 85 709252 76 13 23 125785 31 14 673
151 G 841348 71 452 27 716472 24 146 20 124052 84
152 A 845367 722302 47 1 79 122759 14 10 27 128
153 T 851573 51 725939 71 1 23 125341 24 3 120
154 T 858163 13 730174 54 2 34 127760 19 2 105
155 A 865659 738337 59 0 71 126995 20 9 18 150
156 T 872432 65 744944 91 4 23 127150 19 6 130
157 G 876770 107 1692 53 752757 35 324 21 121694 87
158 A 882344 761105 54 7 164 120646 194 6 46 122
159 G 883310 99 571 22 764393 34 225 11 117855 100
160 G 886535 107 540 28 769933 29 137 10 115644 107
161 G 889238 220 380 27 775392 42 95 13 112940 129
162 A 893736 780221 55 4 141 112959 44 23 38 251
163 C 898302 99 197 781663 9 73 95 116008 39 119
164 G 904581 143 330 22 780439 92 188 41 123231 95
165 G 903923 106 82 19 783994 35 42 18 119551 76
166 T 908335 53 787773 90 12 24 120089 22 40 232
167 T 914592 62 789835 111 3 20 124369 33 41 118
168 G 916440 75 169 21 792398 52 127 56 123434 108
169 A 920792 796290 82 3 88 124110 21 19 54 125
170 T 925365 72 800517 114 4 56 124394 57 16 135
171 C 930639 186 57 807419 23 97 84 122655 4 114
172 C 938114 236 95 808633 26 173 67 128753 14 117
173 A 944545 811899 31 86 104 132097 73 81 30 144
174 A 946854 810303 37 2 71 136202 65 6 25 143
175 A 950544 809318 27 3 80 140933 27 15 32 109
176 A 952895 809616 58 37 97 142824 43 49 29 142
177 C 956834 104 78 810844 32 67 63 145525 18 103
178 A 959339 813076 9 5 95 145920 35 13 60 126
179 G 958037 51 990 32 815671 24 221 58 140882 108
180 C 959831 829 51 813685 27 146 48 144895 44 106
181 T 964219 45 815236 69 3 19 148676 27 9 135
182 T 968633 71 821371 85 1 79 146816 60 5 145
183 A 972570 824160 69 2 90 148049 32 7 32 129
184 A 975806 827521 77 4 95 147906 39 15 24 125
185 C 981119 104 79 830236 24 146 44 150349 9 128
186 A 987378 833882 50 11 90 153130 44 9 22 140
187 A 987697 836715 53 3 69 150624 16 12 80 125
188 T 990835 46 840704 82 2 35 149706 89 13 158
189 A 996268 845080 61 1 143 150689 139 5 29 121
190 G 995157 77 793 44 847645 24 166 23 146242 143
191 A 998074 850216 59 8 138 147374 83 7 27 162
192 G 999150 61 633 37 855005 20 116 18 143163 97
193 A 1002203 853489 65 4 124 148207 96 5 25 188
194 G 1001776 67 402 39 851949 25 121 10 149037 126
195 A 1004719 855809 57 5 111 148498 32 8 51 148
196 A 1006603 860167 61 3 96 146093 7 10 33 133
197 T 1010052 64 859497 88 6 37 150042 15 10 293
198 G 1009430 103 433 39 858842 44 175 33 149444 317
199 G 1009850 90 93 30 854295 81 50 14 155001 196
200 T 1011758 115 851281 133 13 60 158246 33 47 1830
201 G 1015855 186 741 28 851638 71 189 76 162752 174
202 C 1018125 674 70 851216 25 180 110 165691 21 138
203 T 1026143 40 850429 117 11 135 175190 34 9 178
204 C 1032072 768 73 854302 33 232 23 176500 20 121
205 T 1037105 52 849266 140 4 92 187225 192 7 127
206 C 1039526 731 54 846163 39 232 37 192135 21 114
207 T 1044390 61 843250 164 13 148 200559 56 5 134
208 G 1043451 166 1003 32 839472 200 326 33 202111 108
209 C 1043674 598 47 834369 22 192 134 208163 42 107
210 T 1049643 12 833311 138 4 41 215944 64 11 118
211 T 1053806 35 832246 85 2 68 221087 29 121 133
212 T 1051959 26 830249 82 8 29 221410 42 9 104
213 T 1055193 44 824349 133 7 29 230420 51 48 112
214 G 1049246 106 483 43 822189 178 196 31 225890 130
215 A 1044895 820434 62 2 141 223955 34 42 63 162
216 C 1045713 90 334 820411 33 100 290 224195 131 129
217 G 1046783 140 467 39 821500 153 216 98 224054 116
218 A 1047049 827195 60 7 130 219326 123 11 54 143
219 A 1050840 828304 57 4 128 222047 103 11 85 101
220 A 1048177 832300 44 6 127 215362 156 11 67 104
221 G 1043781 52 524 31 836483 40 283 20 206249 99
222 G 1042936 63 674 30 842599 102 178 27 199142 121
223 A 1040582 842592 90 8 140 197424 57 7 83 181
224 G 1035458 74 315 42 841587 66 133 17 193102 122
225 A 1032360 841083 51 8 145 190824 33 6 51 159
226 A 1031293 840633 44 3 95 190315 24 9 51 119
227 A 1028733 837705 47 5 86 190698 28 6 31 127
228 T 1028348 46 839471 78 1 51 188513 23 21 144
229 A 1028603 836863 26 4 101 191383 47 24 28 127
230 A 1025220 837691 51 5 64 187228 31 8 28 114
231 A 1024895 841412 49 5 60 183164 35 20 24 126
232 T 1027435 50 841833 89 0 53 185158 43 6 203
233 A 1025926 845441 50 7 102 178244 66 24 49 1943
234 C 1027904 99 62 852849 39 55 64 174617 9 110
235 C 1029310 396 31 854921 31 173 51 173582 22 103
236 T 1033259 59 848558 125 9 53 184260 54 2 139
237 T 1036781 65 846790 141 10 111 189466 35 21 142
238 G 1032463 87 537 54 844886 75 222 37 186452 113
239 A 1033646 842287 57 4 97 190946 42 13 65 135
240 A 1033820 840181 42 4 127 193105 151 6 62 142
241 G 1029059 77 350 37 839509 72 143 22 188740 109
242 A 1032882 840633 59 1 92 191827 74 7 44 145
243 A 1031938 840027 55 3 120 191446 41 35 38 173
244 C 1031434 116 114 839044 27 88 76 191809 25 135
245 A 1038976 837980 55 5 84 200613 43 26 22 148
246 T 1041021 51 836682 123 3 44 203875 48 14 181
247 C 1042812 392 93 835724 36 174 85 206187 15 106
248 C 1045741 513 96 835808 34 262 43 208843 18 124
249 C 1051354 991 116 838826 36 392 81 210783 20 109
250 A 1056356 844053 6 9 124 211898 45 39 56 126
251 G 1052882 81 102 17 848457 56 60 24 203971 114
252 T 1051018 67 854291 111 4 45 196018 34 56 392
253 G 1044759 119 2372 57 849997 37 546 32 191478 121
254 C 1042056 752 285 853625 43 195 300 186620 76 160
255 G 1037445 229 971 45 855859 92 312 54 179750 133
256 G 1034172 151 986 32 850692 49 327 12 181821 102
257 G 1028776 166 696 38 850968 49 202 18 176513 126
258 G 1025407 129 466 45 850589 80 136 22 173817 123
259 A 1023968 852792 33 3 144 170736 39 7 49 165
260 A 1023782 859108 53 3 118 163990 316 7 33 154
261 A 1021334 860041 52 26 224 160410 86 10 352 133
262 G 1016151 51 159 17 860592 58 345 15 154765 149
263 A 1015210 862791 74 4 85 151743 313 10 30 160
264 T 1014351 56 865888 116 9 20 147761 317 10 174
265 C 1013456 182 52 863839 29 68 298 148845 23 120
266 C 1014468 242 58 861087 33 150 257 152501 20 120
267 T 1016243 49 860229 135 6 136 155334 216 7 131
268 A 1016882 859227 8 1 105 157362 22 12 22 123
269 A 1015265 862014 28 4 82 152913 45 6 50 123
270 G 1011921 52 135 23 862899 59 43 15 148570 125
271 A 1012196 861603 36 2 95 150187 13 4 106 150
272 A 1011849 858001 27 4 83 153525 70 1 24 114
273 A 1010696 857157 13 4 88 153245 17 7 24 141
274 A 1007591 855209 42 25 83 151977 30 28 27 170
275 C 1007216 90 41 855719 15 52 42 151122 12 123
276 T 1010591 40 855945 127 2 16 154292 29 13 127
277 G 1006774 116 472 37 856374 49 205 24 149370 127
278 G 1004997 70 388 38 856472 50 126 19 147724 110
279 A 1004606 856884 45 4 217 147101 82 19 89 165
280 G 1002971 100 284 18 856998 52 100 18 145288 113
281 G 1000862 80 327 20 855911 42 111 32 144202 137
282 A 998011 853799 83 5 107 143348 55 15 61 538
283 C 997538 108 109 851800 29 23 67 145246 26 130
284 C 998298 386 48 849932 21 151 67 147589 15 89
285 T 1000825 67 847133 166 11 83 153172 61 13 119
286 A 1001359 846570 56 0 85 154437 41 18 23 129
287 T 998702 77 845078 69 3 29 153288 20 4 134
288 A 998721 845985 63 2 78 152411 18 17 23 124
289 T 995972 59 841979 103 4 36 153612 23 4 152
290 A 995604 841472 71 2 78 153719 36 9 19 198
291 C 994226 125 144 843520 25 50 93 150123 18 128
292 A 994618 840434 54 13 178 153678 84 16 41 120
293 G 991827 63 498 25 837801 28 214 25 153085 88
294 G 989996 78 790 41 835679 36 151 19 153096 106
295 A 988772 833052 84 1 165 155166 100 8 43 153
296 G 985521 78 1189 36 830292 30 233 16 153534 113
297 A 981606 829216 37 7 109 152010 30 5 37 155
298 G 979815 98 66 26 829302 36 51 10 150111 115
299 T 978831 111 824733 86 10 311 147886 66 168 5460
300 A 979363 828373 10 1 88 150728 18 7 26 112
301 A 980223 827615 29 2 83 152320 11 14 21 128
302 A 978786 825852 44 29 76 152566 21 37 27 134
303 C 979380 103 184 825289 24 74 104 153452 28 122
304 G 979287 159 454 29 823273 56 140 21 155035 120
305 G 976970 75 385 33 822841 37 80 8 153394 117
306 A 977789 822234 42 7 109 155179 32 11 37 138
307 A 977756 821268 37 1 126 156147 27 2 24 124
308 A 979398 821105 30 4 157 157919 14 7 41 121
309 G 977340 50 82 17 819132 21 44 7 157881 106
310 T 977450 49 817552 90 5 99 158494 34 67 1060
311 G 974891 120 360 37 813669 41 179 11 160324 150
312 G 969754 45 507 18 809986 35 139 14 158899 111
313 A 965285 809025 85 4 136 155825 28 6 37 139
314 T 968636 87 812937 110 8 21 155241 23 12 197
315 G 964545 103 1129 43 813385 53 282 18 149440 92
316 A 961456 810783 76 5 146 150123 135 3 30 155
317 G 957846 91 549 28 805198 35 146 14 151692 93
318 A 957033 803552 73 2 114 153003 84 9 44 152
319 G 953713 100 360 28 803816 23 98 19 149146 123
320 A 952043 799755 36 7 97 151916 39 11 39 143
321 A 948260 798427 82 3 96 149347 35 5 30 235
322 C 946242 64 59 799711 18 39 28 146216 6 101
323 T 946422 57 795036 114 6 37 150995 22 9 146
324 C 947041 1352 86 791977 33 325 43 153084 17 124
325 A 947959 792035 43 5 93 155588 13 21 30 131
326 T 946736 81 788880 94 2 35 157472 13 6 153
327 C 946877 434 42 782981 23 139 32 163108 17 101
328 C 950371 468 59 779972 13 236 17 169465 17 124
329 T 951831 28 779509 75 3 158 171895 49 8 106
330 T 950174 38 774759 80 3 56 174976 106 7 149
331 T 946664 12 772186 72 1 29 174243 24 5 92
332 A 940277 767667 45 1 94 172208 111 7 18 126
333 T 938354 81 766749 95 3 33 171237 23 19 114
334 G 931704 105 360 53 761974 56 153 81 168815 107
335 A 927955 759078 106 8 116 168327 40 67 40 173
336 C 928586 122 107 754049 29 111 33 173922 63 150
337 A 931467 749690 42 4 90 181405 70 18 34 114
338 A 929653 746126 26 1 77 183244 58 6 22 93
339 A 930545 742882 38 2 125 187199 96 8 63 132
340 G 928952 35 263 13 743803 74 78 26 184562 98
341 A 929186 744378 33 2 94 184489 20 10 51 109
342 A 928975 744275 28 3 98 184343 48 20 49 111
343 G 927287 60 309 26 748875 53 89 25 177740 110
344 A 924772 742613 44 2 105 181775 43 7 56 127
345 A 920559 737296 23 2 99 182932 35 8 48 116
346 A 916858 735345 41 1 79 181222 31 7 38 94
347 T 918603 42 729012 60 1 65 189224 30 27 142
348 A 920026 729002 11 1 119 190678 48 10 66 91
349 A 920432 729951 40 16 95 190086 71 14 48 111
350 G 916216 65 282 8 732413 59 108 23 183162 96
351 G 910058 57 639 12 731277 43 186 22 177738 84
352 C 906123 892 129 730409 48 273 153 174046 69 104
353 G 908392 127 550 30 729831 116 159 18 177455 106
354 A 906368 730537 58 0 61 175481 79 4 27 121
355 A 905679 726592 20 2 84 178780 34 5 60 102
356 T 903290 47 725336 73 4 57 177591 33 11 138
357 C 901405 373 28 726514 22 137 34 174155 51 91
358 T 907564 62 727711 121 4 110 179362 42 21 131
359 G 900806 130 319 28 727458 71 94 20 172593 93
360 G 895229 63 1228 13 725595 50 296 27 167855 102
361 C 894908 1177 177 725772 52 348 129 167098 25 130
362 G 890754 181 1068 42 726423 91 290 24 162531 104
363 C 891465 1039 52 729750 12 220 34 160241 12 105
364 C 895688 308 82 729783 34 102 38 165225 14 102
365 A 898874 723762 41 10 89 174784 46 12 29 101
366 A 896181 718748 37 5 79 177106 32 7 24 143
367 G 893168 61 448 25 722271 32 147 18 170056 110
368 C 890945 962 28 727052 26 258 17 162494 20 88
369 T 893335 11 732136 132 0 19 160894 34 7 102
370 A 892303 729486 7 2 103 162560 19 8 29 89
371 A 891805 728419 59 6 60 163069 28 13 30 121
372 T 893477 60 731073 72 1 39 162096 22 16 98
373 A 895974 734081 28 5 96 161585 32 13 34 100
374 A 894947 732563 34 5 75 162079 32 24 33 102
375 T 894474 44 729041 58 6 30 165132 21 21 121
376 G 894598 103 277 20 726783 52 163 25 167089 86
377 G 890922 73 57 29 727606 47 41 19 162950 100
378 T 890824 60 729577 94 10 67 159999 36 54 927
379 G 891057 106 401 41 731154 44 125 36 159054 96
380 A 888724 732501 47 4 92 155856 23 13 29 159
381 C 887814 74 235 733194 36 57 189 153895 21 113
382 G 889930 137 434 24 733419 95 192 41 155502 86
383 A 888553 737281 49 2 57 150978 27 9 33 117
384 T 890272 48 736172 114 5 39 153735 39 5 115
385 G 886022 166 545 39 734326 64 162 17 150595 108
386 C 885938 806 243 734790 40 224 94 149609 21 111
387 A 891869 740032 28 4 150 151448 32 17 44 114
388 A 886738 740806 39 5 84 145606 16 22 26 134
389 C 887230 105 143 741751 19 114 158 144821 13 106
390 G 892569 156 284 22 742631 99 101 9 149167 100
391 G 887580 110 801 29 741800 51 195 13 144468 113
392 C 890423 1570 56 739048 43 367 46 149185 10 98
393 T 893919 16 740413 119 1 53 153161 25 9 122
394 G 888086 112 383 24 737525 53 131 18 149740 100
395 G 884375 90 93 22 736594 33 45 25 147380 93
396 T 884141 60 734243 126 4 34 147097 38 228 2311
397 C 883421 327 75 735887 27 75 27 146892 18 93
398 T 887721 29 735245 173 5 69 151962 52 11 175
399 G 884677 110 429 45 736387 48 132 27 147352 147
400 A 885429 739897 68 12 108 144929 62 11 41 301
401 C 887138 78 69 740102 16 43 18 146614 15 183
402 T 893688 73 742799 146 4 52 150356 32 4 222
403 C 895415 1522 96 740038 54 338 63 153171 26 107
404 A 898400 743840 88 15 95 153902 46 21 37 356
405 C 901022 107 107 748730 17 52 62 151813 5 129
406 A 904380 749419 35 5 131 154583 18 14 30 145
407 T 908133 58 752556 95 8 22 155167 32 3 192
408 G 905378 66 417 37 759329 50 178 26 145146 129
409 A 904285 762151 57 3 117 141710 15 11 36 185
410 T 906303 61 761004 90 7 35 144847 26 6 227
411 G 907461 80 140 29 763311 48 77 18 143614 144
412 A 908383 765083 45 4 90 142918 28 9 24 182
413 T 909053 54 769207 85 1 22 139406 20 13 245
414 C 910672 159 51 767348 26 84 33 142805 23 143
415 T 914883 64 768157 192 5 82 146181 44 13 145
416 G 910768 183 289 29 769547 63 176 31 140295 155
417 G 907244 103 688 34 771788 39 173 17 134302 100
418 C 907658 924 154 771429 67 212 57 134610 25 180
419 A 911104 773409 47 4 135 137213 28 13 30 225
420 T 911350 28 774032 111 3 22 136960 44 13 137
421 T 911971 25 775495 128 3 37 136092 47 16 128
422 C 913513 476 73 777409 38 141 33 135172 26 145
423 C 916775 461 106 775626 40 210 33 140151 35 113
424 A 918168 774469 22 5 105 143356 22 15 44 130
425 A 916335 775052 32 4 66 140980 34 13 23 131
426 T 918074 34 778383 63 3 21 139407 23 17 123
427 T 921566 45 779602 76 2 38 141631 33 15 124
428 T 921875 32 778246 103 4 16 143285 33 24 132
429 G 920278 82 648 51 777766 25 224 41 141260 181
430 A 919993 779349 44 5 125 140242 42 8 38 140
431 A 920015 777748 19 1 118 141960 11 19 29 110
432 T 920737 87 774643 84 6 30 145684 29 5 169
433 G 916679 86 424 26 775276 33 222 28 140445 139
434 A 916146 777216 79 1 90 138531 22 12 39 156
435 T 916174 62 776267 128 6 50 139420 40 11 190
436 G 917103 130 436 42 774548 106 153 17 141547 124
437 C 918504 847 157 772731 54 264 42 144219 42 148
438 A 922047 773935 23 3 145 147636 17 81 39 168
439 A 921521 774107 56 2 76 147013 74 7 16 170
440 C 921870 63 32 773128 17 47 123 148301 15 144
441 T 925856 61 771778 78 7 33 153711 28 39 121
442 T 926482 12 769545 87 4 18 156556 149 6 105
443 A 925118 769588 32 1 75 155122 29 101 25 145
444 T 925581 56 768543 85 3 30 156575 36 110 143
445 C 928795 445 95 768567 31 176 60 159138 149 134
446 A 934352 768855 84 18 239 164717 227 13 62 137
447 G 933652 64 991 35 770799 46 293 21 161246 157
448 A 933030 764359 30 5 144 168057 81 158 52 144
449 G 929121 113 385 25 761405 40 214 20 166797 122
450 G 924672 72 383 25 759980 198 113 14 163768 119
451 A 922977 757352 85 12 99 164870 41 19 39 460
452 C 921566 113 110 758010 33 91 66 162960 21 162
453 A 923533 759109 54 6 107 164013 76 12 35 121
454 A 922174 759931 51 11 102 161815 77 14 39 134
455 G 919652 55 343 20 757386 122 127 22 159668 1909
456 A 919887 763171 22 4 125 156331 25 9 28 172
457 G 917623 55 744 29 767566 22 168 15 148883 141
458 C 916939 753 39 764110 34 164 21 151675 15 128
459 T 921115 32 765803 122 1 19 154905 38 6 189
460 C 922035 474 51 767533 24 162 32 153466 26 267
461 T 925795 33 772532 90 2 91 152883 27 10 127
462 T 926404 46 768232 67 2 55 157832 34 38 98
463 G 924587 88 100 14 765664 76 86 21 158367 171
464 T 923912 77 762008 92 2 34 161465 45 7 182
465 T 924435 69 758611 98 6 51 165292 176 5 127
466 C 924715 543 184 758761 33 256 70 164726 15 127
467 G 924995 224 779 40 759958 222 326 19 163289 138
468 C 926778 958 126 768332 29 251 68 156895 17 102
469 A 929367 768166 67 9 95 159550 180 34 54 1212
470 C 928395 74 136 766007 30 37 35 161788 162 126
471 C 931549 486 189 763848 17 269 101 166519 20 100
472 G 937424 263 555 24 762168 194 361 28 173709 122
473 G 934599 90 472 19 764332 136 150 35 169250 115
474 A 933519 764496 57 4 126 168537 52 46 44 157
475 A 931497 764224 49 2 96 166877 23 9 89 128
476 T 932711 34 763787 99 1 40 168522 32 34 162
477 G 930166 112 226 24 763944 77 202 14 165441 126
478 G 927538 63 133 14 768433 35 54 52 158653 101
479 A 928222 770958 30 9 101 156880 16 37 38 153
480 T 929932 75 773963 97 5 56 155469 43 6 218
481 C 933675 168 88 775975 25 67 40 157171 22 119
482 C 935370 289 68 779547 31 133 34 155133 22 113
483 C 940702 1030 139 779813 30 343 90 159098 27 132
484 A 944016 782287 16 12 188 161205 70 13 55 170
485 G 942829 82 478 28 782942 38 167 25 158959 110
486 G 941132 48 319 28 785343 51 111 21 155100 111
487 A 941991 788756 71 1 102 152809 21 10 36 185
488 T 943862 29 789060 75 3 18 154469 33 14 161
489 G 943250 125 101 27 789705 35 52 20 153043 142
490 T 945189 74 788563 108 13 34 155896 35 26 440
491 G 944793 188 778 36 787836 91 214 14 155528 108
492 C 947386 500 78 786530 40 155 27 159907 20 129
493 T 954194 43 785607 109 16 42 168138 34 15 190
494 C 960104 826 77 785016 36 291 34 173621 24 179
495 T 964627 44 789070 105 2 101 175142 29 9 125
496 C 965334 799 54 786371 66 234 25 177650 34 101
497 T 970019 53 788093 166 10 150 181373 49 12 113
498 G 966931 82 634 36 792011 60 211 21 173770 106
499 A 968645 795668 68 2 86 172590 25 17 35 154
500 T 971746 60 797760 116 5 31 173580 41 8 145
501 G 971634 208 607 49 793916 109 183 28 176433 101
502 C 969268 911 103 794080 41 270 44 173699 18 102
503 A 973849 796883 46 7 159 176503 57 16 57 121
504 A 974904 800294 38 2 96 174211 94 17 44 108
505 G 973303 48 374 20 800348 28 126 30 172225 104
506 G 971268 98 96 35 799436 71 50 47 171321 114
507 T 969412 30 800024 122 3 29 168599 71 119 415
508 T 971168 51 805347 88 4 46 165427 83 12 110
509 C 972602 610 114 807260 31 158 113 164164 32 120
510 A 975749 806835 50 2 149 168478 29 22 61 123
511 A 975304 807194 49 6 89 167269 71 64 81 481
512 C 974897 89 46 811457 27 92 34 163033 28 91
513 T 978272 46 808342 114 4 45 169342 81 38 260
514 C 979115 1015 44 807579 25 257 40 170042 12 101
515 T 984663 57 808050 151 3 103 175991 45 20 243
516 C 986768 689 198 808338 38 175 72 177139 22 97
517 C 990536 562 74 807360 21 247 40 182088 18 126
518 C 993438 966 52 810123 35 385 34 181718 17 108
519 T 1001537 34 812273 77 3 175 188800 42 7 126
520 A 1005178 808922 32 2 139 195819 83 9 52 120
521 G 1000769 45 466 25 807722 28 204 25 192142 112
522 G 1000762 56 413 29 811355 44 155 17 188585 108
523 A 1002303 811625 55 3 119 190228 28 8 54 183
524 G 1002025 58 389 9 811151 37 141 11 190128 101
525 G 1002161 68 98 25 816194 41 45 15 185588 87
526 T 1003202 59 812083 112 3 83 188063 74 353 2372
527 C 1004874 272 72 815695 35 109 39 188511 21 120
528 T 1009217 47 821893 303 11 55 186659 107 11 131
529 G 1010304 161 308 38 826528 96 202 22 182835 114
530 G 1007867 70 678 37 830169 38 175 14 176562 124
531 A 1010464 836131 23 5 150 173867 18 8 34 228
532 G 1008234 85 1818 24 836892 27 352 15 168920 101
533 C 1010031 671 135 842003 23 178 42 166859 15 105
534 C 1016177 385 209 849795 15 101 60 165450 18 144
535 G 1019660 267 934 21 853296 224 248 28 164520 122
536 C 1022153 2214 93 847406 45 488 117 171645 30 115
537 A 1029812 850569 89 55 351 178345 148 16 79 160
538 G 1026659 34 396 16 852389 20 159 22 173518 105
539 G 1024919 107 77 22 851210 40 47 24 173287 105
540 T 1028099 54 848232 127 6 39 177463 45 38 2095
541 G 1026705 135 1069 27 847006 49 299 22 177977 121
542 C 1027845 609 108 848443 19 151 35 178342 23 115
543 T 1033231 32 855828 253 12 33 176852 67 13 141
544 G 1037197 257 944 46 854147 151 247 26 181270 109
545 C 1040607 848 283 853154 49 247 117 185744 36 129
546 A 1044708 856920 59 6 183 187266 66 15 58 135
547 G 1040180 63 103 25 855351 38 71 18 184401 110
548 T 1044553 63 858372 96 8 100 185661 30 16 207
549 C 1049011 420 106 864624 37 153 57 183421 27 166
550 A 1051448 868827 54 4 121 182130 44 91 34 143
551 A 1051276 874855 49 2 74 175987 128 5 46 130
552 A 1054431 882632 46 36 191 171199 56 72 61 138
553 G 1055605 50 481 26 878260 36 244 81 176330 97
554 G 1056073 61 1106 27 878413 39 382 33 175893 119
555 A 1057371 881588 84 5 133 175172 31 9 128 221
556 G 1054400 64 78 23 882267 36 63 19 171726 124
557 T 1055521 53 884695 88 5 106 170067 34 81 392
558 T 1058275 59 891040 129 2 81 166710 49 53 152
559 G 1055767 124 529 41 890833 94 274 18 163745 109
560 G 1053901 82 549 38 893770 89 140 8 159107 118
561 A 1056168 895978 51 6 162 159748 23 17 47 136
562 A 1057359 894186 76 4 142 162605 36 63 42 205
563 C 1060084 121 98 897990 32 71 44 161609 15 104
564 A 1062014 900598 68 3 108 160991 79 11 28 128
565 A 1062544 902997 66 2 91 159134 69 12 43 130
566 T 1065197 60 906259 88 4 39 158549 12 53 133
567 G 1063084 106 389 37 908815 46 134 40 153403 114
568 G 1060314 82 103 16 908487 88 28 7 151397 106
569 T 1061096 119 903992 99 13 54 153904 34 52 2829
570 G 1059740 116 735 36 908140 62 198 57 150281 115
571 A 1058956 907803 113 3 119 150654 30 35 32 167
572 T 1058962 70 908172 127 4 21 150333 39 16 180
573 G 1060912 116 485 25 909519 102 137 19 150386 123
574 G 1060947 74 535 41 906976 60 132 34 152990 105
575 A 1061847 904780 60 4 146 156546 37 17 61 196
576 A 1058504 908151 54 3 113 149951 30 8 37 157
577 T 1057698 39 912122 83 2 15 145278 15 7 137
578 T 1059520 42 914058 83 7 40 145142 27 9 112
579 G 1059247 122 449 39 914812 52 156 35 143448 134
580 G 1055994 93 114 25 915024 39 79 30 140489 101
581 T 1055790 113 912731 95 10 19 142425 32 30 335
582 C 1060095 553 135 908293 60 206 69 150626 14 139
583 A 1063537 907829 84 13 184 155049 106 69 37 166
584 G 1060056 67 495 34 908515 86 145 30 150576 108
585 A 1060142 907911 43 3 103 151881 31 4 15 151
586 A 1059963 907748 52 0 105 151777 41 70 31 139
587 T 1059517 73 906909 93 1 26 152215 35 5 160
588 G 1055649 106 162 25 906183 35 112 52 148849 125
589 A 1054055 907157 72 1 125 146432 19 56 33 160
590 T 1052771 90 904568 129 3 37 147746 33 5 160
591 C 1055047 184 114 902011 38 148 74 152327 13 138
592 A 1060978 903474 12 3 120 157165 36 14 32 122
593 A 1061221 901953 14 5 97 158952 19 5 49 127
594 A 1058427 898952 39 34 94 159092 21 16 22 157
595 C 1056569 107 131 894156 18 77 67 161877 22 114
596 G 1056940 168 141 17 897178 51 72 29 159176 108
597 T 1056683 30 897056 92 11 27 158945 37 19 466
598 G 1056877 133 1202 21 899659 52 344 39 155323 104
599 G 1054639 91 373 24 897552 35 179 24 156211 150
600 G 1051716 150 216 31 893983 48 59 29 157062 138
601 A 1049640 893935 92 1 150 155238 25 5 23 171
602 T 1046756 40 892235 95 4 9 154161 35 6 171
603 C 1047731 145 100 888957 41 109 92 158093 30 164
604 A 1045022 888347 37 7 176 156176 35 62 35 147
605 A 1042356 885323 35 3 94 156666 51 4 32 148
606 T 1043405 70 884005 96 1 28 159034 26 10 135
607 G 1044845 89 175 26 886525 61 162 40 157644 123
608 A 1040443 886129 104 3 102 153840 51 38 26 150
609 T 1039261 74 884453 90 4 20 154396 51 32 141
610 C 1039520 154 198 882850 23 129 159 155812 41 154
611 G 1042535 202 571 42 881342 192 231 44 159776 135
612 G 1038963 100 391 35 880480 52 129 41 157608 127
613 A 1039819 877210 24 4 121 162228 38 9 39 146
614 A 1038682 869245 29 3 126 168927 30 36 31 255
615 C 1038684 60 53 861810 13 52 32 176536 17 111
616 T 1038028 29 859155 115 2 30 178532 30 15 120
617 T 1034319 24 855356 76 1 19 178690 30 7 116
618 C 1030725 311 44 853982 21 108 43 176053 17 146
619 T 1034194 90 846608 180 4 82 187030 57 18 125
620 G 1029709 98 567 38 842319 72 275 23 186239 78
621 G 1024703 62 1298 41 837393 46 360 20 185370 113
622 A 1024081 834939 60 4 171 188385 111 23 90 298
623 G 1020134 73 915 17 829467 39 260 23 189236 104
624 G 1018793 83 1086 10 825483 84 326 17 191598 106
625 G 1013854 122 510 34 827707 28 174 17 185162 100
626 G 1011468 134 102 19 828041 34 68 18 182953 99
627 T 1012033 58 815384 132 11 226 186950 149 530 8593
628 G 1010168 152 995 56 821779 115 256 32 186707 76
629 A 1011152 820916 92 11 184 189542 143 13 60 191
630 G 1005563 100 358 42 820986 62 178 16 183729 92
631 A 1002972 819532 41 0 114 183051 37 21 36 140
632 A 1000288 816632 74 1 95 183278 41 12 29 126
633 T 1000768 46 816129 101 3 29 184276 34 39 111
634 G 998085 125 363 30 818552 69 272 20 178533 121
635 G 996394 85 443 41 816486 68 150 21 178989 111
636 A 993658 814828 66 1 125 178347 23 34 46 188
637 C 993727 117 235 812950 47 113 137 179926 29 173
638 G 992722 196 447 29 807034 104 154 34 184589 135
639 A 993254 805630 35 3 88 187295 33 10 37 123
640 A 993929 802268 25 0 108 191295 44 17 44 128
641 A 992206 796675 20 2 75 195207 62 15 26 124
642 A 988491 795743 28 2 75 192442 41 11 34 115
643 A 986224 793930 70 35 72 191854 44 43 36 140
644 C 984870 89 54 795092 27 139 47 189279 27 116
645 A 986811 790238 24 4 126 196231 14 24 44 106
646 A 984491 787106 41 7 109 197012 60 10 48 98
647 G 983298 46 270 40 785360 51 143 24 197246 118
648 A 981133 784333 33 1 93 196452 52 20 50 99
649 A 977349 781133 38 0 76 195907 29 7 25 134
650 T 977133 54 780847 83 5 76 195886 28 9 145
651 T 976711 53 780439 86 4 20 195927 30 16 136
652 G 973831 65 743 19 780390 39 366 22 192085 102
653 C 972686 428 54 780269 32 137 87 191567 26 86
654 T 976268 32 783945 93 3 45 191931 97 8 114
655 T 979813 6 788784 100 5 81 190627 93 15 102
656 A 977787 789278 34 3 69 188164 35 59 34 111
657 T 980086 83 789789 105 6 39 189895 40 9 120
658 G 980248 102 420 33 792840 61 228 28 186426 110
659 A 982623 794420 44 0 113 187800 87 11 38 110
660 A 982472 798260 32 6 90 183856 17 6 92 113
661 A 984074 798489 25 6 113 185229 63 6 31 112
662 G 983823 61 287 28 799241 31 121 17 183911 126
663 A 983166 796424 36 1 85 186452 28 3 28 109
664 A 979524 792212 39 0 99 186994 20 5 29 126
665 T 976848 48 788370 70 2 21 188160 21 8 148
666 G 973515 124 97 27 788190 65 54 10 184834 114
667 T 972444 78 788119 139 16 31 183538 39 14 470
668 G 967867 124 704 28 786376 48 213 29 180202 143
669 C 966133 646 166 786565 40 204 82 178265 30 135
670 A 970557 787540 50 3 106 182649 34 9 32 134
671 A 970375 786807 78 4 94 183153 39 11 34 155
672 C 970611 91 80 788847 18 83 35 181327 13 117
673 A 973800 788239 47 2 66 185258 35 19 26 108
674 T 972151 35 791806 82 2 23 180049 32 9 113
675 T 975603 36 794914 84 1 42 180365 32 4 125
676 C 974839 315 88 796066 31 81 58 178048 23 129
677 T 974729 75 793548 142 4 98 180658 45 13 146
678 C 972860 851 82 791580 62 272 77 179755 32 149
679 A 978237 793256 48 5 112 184614 46 29 32 95
680 A 977344 792833 33 7 92 184163 53 19 22 122
681 A 976132 791715 28 3 114 184044 69 3 57 99
682 G 971298 39 842 12 787992 25 248 20 182031 89
683 G 968880 102 482 34 786359 42 144 21 181579 117
684 G 965260 68 379 32 788885 72 118 22 175564 120
685 A 961194 791604 45 1 123 169216 23 10 55 117
686 A 956274 787628 28 6 118 168298 29 24 26 117
687 A 956094 790864 43 1 73 164889 42 8 33 141
688 T 955612 50 792211 85 6 33 163086 24 2 115
689 T 954719 29 793558 87 4 25 160877 31 3 105
690 T 953805 59 793842 99 8 18 159565 60 12 142
691 C 952866 481 98 794486 36 150 52 157392 23 148
692 A 952859 797404 31 4 221 154943 37 9 61 149
693 A 952555 799875 35 5 99 152320 37 4 39 141
694 A 950397 800845 41 30 84 149158 43 26 18 152
695 C 949995 111 24 800821 16 63 35 148841 8 76
696 T 953244 24 800955 110 8 31 151888 34 18 176
697 G 950164 115 1098 38 796927 39 281 20 151528 118
698 C 948500 758 78 795427 28 141 37 151891 26 114
699 T 949165 46 796401 143 11 42 152291 55 4 172
700 G 948417 227 689 51 794737 125 204 24 152241 119
701 C 947406 843 147 794936 36 193 31 151095 33 92
702 A 949218 796376 68 7 118 152320 26 24 38 241
703 C 947977 78 104 797261 16 89 28 150225 15 161
704 A 948658 795773 26 3 80 152577 16 26 29 128
705 A 949685 795603 46 8 86 153787 16 9 21 109
706 A 947837 796110 22 1 76 151494 14 6 23 91
707 A 944858 796806 39 1 73 147773 19 4 22 121
708 A 942060 796837 16 4 227 144753 17 9 75 122
709 G 938755 79 427 30 795455 30 104 47 142443 140
710 C 934603 831 130 795900 38 175 48 137303 19 159
711 A 932638 796710 46 8 84 135597 25 10 29 129
712 A 928186 793983 40 0 93 133804 23 3 148 92
713 T 924815 51 791229 79 5 17 133245 21 18 150
714 G 922678 79 486 34 791472 59 271 11 130159 107
715 A 917909 787752 82 5 102 129637 153 15 16 147
716 T 916311 72 787415 105 7 24 128377 25 143 143
717 G 913149 110 228 32 783426 185 109 12 128914 133
718 G 908531 75 176 21 781879 195 61 8 125992 124
719 A 904715 776936 75 17 119 127351 25 7 27 158
720 T 900237 69 775333 79 2 16 124421 21 10 286
721 C 896852 128 71 771875 40 106 79 124396 12 145
722 A 895020 772599 46 8 145 122013 57 5 25 122
723 A 889415 766870 32 4 90 122227 32 9 26 125
724 G 884114 48 107 21 763370 19 30 13 120385 121
725 T 882819 70 761459 86 11 59 120309 28 23 774
726 G 878203 110 1186 44 759604 43 207 13 116886 110
727 A 873068 758329 60 4 166 114284 61 6 38 120
728 G 866945 107 832 33 756458 29 150 13 109197 126
729 A 864173 754859 76 14 237 108725 75 9 47 131
730 G 857787 85 602 29 748311 42 87 13 108440 178
731 A 852915 744441 30 4 142 108074 38 5 47 134
732 G 844999 96 670 18 736207 46 105 6 107677 174
733 A 842254 731765 13 45 122 109996 41 27 37 208
734 G 834334 69 1657 25 725002 28 254 44 106988 267
735 C 830222 572 272 722343 42 174 66 106614 33 106
736 C 826000 412 196 716077 24 99 127 108753 69 243
737 G 824835 264 413 23 714198 240 200 44 109316 137
738 G 818771 81 350 14 711181 37 83 7 106912 106
739 A 814970 708867 32 1 87 105809 12 19 27 116
740 A 809078 703142 43 1 91 104448 13 562 18 760
741 C 803007 84 104 696924 12 23 28 105716 21 95
742 C 798063 326 42 690369 14 64 29 107121 9 89
743 C 795000 707 137 682954 26 164 50 110840 25 97
744 A 791070 675354 35 12 124 115280 61 46 36 122
745 G 783644 68 721 18 666504 23 200 11 116008 91
746 G 778376 55 505 19 660816 28 135 32 116701 85
747 G 772772 148 346 28 656068 57 59 29 115932 105
748 A 768899 651580 34 3 98 117015 19 3 21 126
749 A 764234 645454 25 1 87 118477 18 4 43 125
750 T 759959 30 641612 84 3 35 118018 17 12 148
751 G 752360 128 675 31 637023 68 120 15 114185 115
752 C 746269 576 104 635726 24 154 26 109518 23 118
753 T 744229 22 632280 152 5 19 111590 31 12 118
754 G 740249 74 1349 45 627199 65 252 14 111156 95
755 A 733545 622994 11 3 89 110260 21 4 24 139
756 G 726682 61 59 9 619940 13 47 3 106387 163
757 T 720421 35 617960 71 5 33 101958 28 13 318
758 T 713612 29 612154 50 2 21 101257 9 11 79
759 C 705321 351 111 604618 22 103 108 99889 14 105
760 G 696811 104 423 24 595426 202 95 19 100414 104
761 A 691033 590738 57 5 79 99988 42 11 31 82
762 A 683822 582099 34 2 79 101441 47 7 22 91
763 G 676573 37 100 12 571704 12 50 19 104556 83
764 A 668630 564335 32 1 59 104018 22 14 17 132
765 T 663410 36 559303 49 5 14 103867 24 3 109
766 C 657355 75 39 552372 15 41 15 104717 4 77
767 T 654299 40 543615 110 8 77 110299 34 6 110
768 C 647133 851 69 535824 31 242 18 110018 13 67
769 A 642688 529900 32 4 60 111495 40 132 23 1002
770 C 637012 56 37 521965 20 36 523 112081 21 2273
771 T 632355 27 517708 74 3 34 114407 16 3 83
772 T 629270 17 509229 44 0 36 119850 23 1 70
773 T 623059 23 502022 60 0 13 120837 21 16 67
774 T 617183 26 499560 54 1 21 117410 26 7 78
775 C 609833 200 23 494017 26 68 30 115395 15 59
776 T 603519 38 491111 56 1 74 112112 38 4 85
777 A 594988 486013 17 1 79 108729 9 19 33 88
778 G 583626 67 445 23 480728 26 96 9 102174 58
779 C 577856 461 72 473826 28 135 26 103220 13 75
780 A 573107 468845 39 3 67 103340 12 53 36 712
781 C 565790 70 111 462972 8 66 54 102274 37 198
782 G 556526 70 237 14 457532 42 65 5 98489 72
783 G 549323 64 55 11 451041 42 23 11 98009 67
784 T 542317 44 443123 49 4 26 98876 23 13 159
785 C 534678 164 29 437355 19 81 10 96890 5 125
786 T 526782 14 431305 127 9 53 95149 37 6 82
787 G 517562 90 449 31 423719 78 111 23 93001 60
788 C 507875 396 95 416697 33 121 29 90436 19 49
789 A 502406 398627 37 5 66 94291 15 486 20 8859
790 C 496227 51 39 400501 10 42 22 95486 18 58
791 T 491247 17 391845 69 1 59 99171 22 5 58
792 C 486511 693 46 380868 29 316 21 104366 26 146
793 A 481337 370791 20 3 48 110333 19 4 30 89
794 T 473471 21 364175 39 1 20 109127 24 11 53
795 A 466911 357022 9 0 41 108993 40 12 27 767
796 T 462053 28 345795 33 0 26 116095 9 14 53
797 T 457663 13 339788 43 3 37 117439 25 127 188
798 G 452498 38 398 24 336464 41 178 17 115284 54
799 A 445309 333403 23 3 75 111593 45 9 33 125
800 G 439223 36 220 12 329926 21 103 12 108874 19
801 A 434183 319255 11 2 79 108367 33 10 1069 5357
802 G 426469 46 261 7 320261 45 107 12 105692 38
803 G 419793 30 150 10 314913 57 78 31 104490 34
804 G 411417 49 42 17 309603 40 54 8 101558 46
805 T 405559 26 303873 32 2 85 101098 43 91 309
806 C 397560 158 70 294955 11 128 69 98629 896 2644
807 G 390805 65 112 12 293163 170 79 40 97121 43
808 G 380767 43 16 9 288942 37 184 35 91192 309
809 T 375892 23 280424 25 1 40 95289 20 19 51
810 T 371002 15 273815 35 3 15 97018 27 18 56
811 G 362971 66 256 14 270859 79 124 90 91383 100
812 C 358362 140 37 271202 10 73 20 86841 12 27
813 T 357230 8 261063 56 4 56 95270 260 6 507
814 C 355777 392 41 255835 20 261 59 99090 34 45
815 A 354203 254107 35 6 40 99842 55 11 51 56
816 C 349957 43 38 252388 9 1332 55 94375 17 1700
817 A 348861 244665 8 1 34 103981 104 12 21 35
818 A 346181 239638 10 1 42 106135 24 75 102 154
819 G 341758 30 29 3 237972 75 95 17 103467 70
820 T 338428 8 237000 41 3 43 98560 1450 33 1290
821 C 335194 127 24 234468 10 146 44 100340 13 22
822 C 332439 156 25 232341 9 180 53 99570 34 71
823 T 332025 13 229041 16 1 98 102247 38 324 247
824 G 326189 26 346 13 226486 84 269 238 98573 154
825 C 323512 266 37 225460 19 110 49 97531 12 28
826 C 323240 103 28 223339 15 78 103 99448 22 104
827 T 325380 18 221921 16 1 75 102905 43 187 214
828 G 320455 29 337 12 221114 62 179 217 98390 115
829 C 318859 244 34 221056 17 120 61 97300 17 10
830 C 322081 128 28 218651 14 59 98 102963 23 117
831 T 326964 24 216739 20 5 72 109907 32 72 93
832 G 325146 67 384 22 215731 64 218 55 108548 57
833 C 325366 243 66 215138 11 105 410 109365 10 18
834 C 327590 106 23 211368 18 74 1532 112063 453 1953
835 T 331847 10 210366 89 11 75 121114 41 65 76
836 G 331223 38 28 4 208292 54 74 14 122688 31
837 T 331913 14 209482 18 1 17 122169 24 80 108
838 G 331379 25 22 4 212446 174 89 10 118527 82
839 T 332113 22 212357 30 3 33 119547 19 41 61
840 G 332007 26 10 6 216859 44 140 8 114764 150
841 T 332175 13 222521 33 2 23 109375 31 136 41
842 A 332728 227830 37 0 39 104573 64 7 45 133
843 T 333868 38 229958 42 2 18 98860 116 2078 2756
844 G 335202 42 193 19 238460 51 117 93 96199 28
845 G 337295 69 69 8 243323 59 109 50 93429 179
846 A 339383 226251 69 7 118 78520 60 10815 118 23425
847 C 341485 93 91 254435 23 29 47 86720 15 32
848 C 346514 313 31 258824 21 88 33 87163 11 30
849 T 353272 28 264697 7 8 41 88445 14 5 27
850 G 356487 186 1457 57 268416 94 267 20 85950 40
851 C 358685 520 119 271949 28 107 59 85866 13 24
852 C 364100 283 178 274984 23 83 92 88401 23 33
853 G 371377 104 103 10 277015 162 88 18 93855 22
854 T 376093 47 280399 44 4 21 95494 16 21 47
855 A 384993 283321 7 3 116 101439 25 16 25 41
856 G 390104 11 142 7 286335 38 178 10 103354 29
857 C 400820 250 33 290729 8 100 18 109634 29 19
858 C 412170 78 74 296033 14 54 51 115795 21 50
859 A 418554 297239 17 3 29 121171 20 8 45 22
860 G 420085 24 30 6 300497 14 67 13 119407 27
861 T 426673 22 305279 21 3 17 121235 35 7 54
862 G 429574 55 288 12 309075 51 275 18 119766 34
863 G 430740 27 172 8 316989 40 133 14 113323 34
864 G 435344 62 55 4 325781 27 60 13 109312 30
865 T 441691 20 331956 56 2 30 109505 26 6 90
866 A 449527 339630 24 5 39 109709 20 36 19 45
867 C 457959 49 119 349299 16 35 65 108304 34 38
868 G 468922 68 128 15 357997 27 71 49 110540 27
869 A 477922 366317 28 2 40 111421 27 7 34 46
870 C 486661 26 29 375285 12 42 20 111174 35 38
871 T 493058 3 379674 39 0 6 113226 46 6 58
872 T 499909 12 387406 37 2 15 112352 38 1 46
873 T 507359 22 397235 56 3 6 109951 31 12 43
874 G 513064 39 264 22 404622 17 139 19 107906 36
875 A 521799 408977 17 1 85 112593 14 10 51 51
876 A 530602 416507 18 2 49 113888 58 7 27 46
877 A 537918 420232 16 6 66 117353 162 8 23 52
878 G 543351 42 460 8 421144 47 263 12 121328 47
879 G 547865 40 338 8 425380 31 146 10 121866 46
880 G 552886 39 635 26 431184 19 223 9 120688 63
881 A 559203 437271 33 2 91 121540 115 7 48 96
882 G 562109 51 464 10 444340 29 234 23 116915 43
883 G 565114 51 310 17 455255 28 204 9 109186 54
884 G 567340 107 247 22 463787 38 106 6 102969 58
885 A 573509 472747 39 7 79 100457 61 7 22 90
886 T 580233 30 480431 58 0 17 99605 19 9 64
887 A 588412 486080 41 2 66 100943 169 115 62 934
888 C 595255 49 30 496467 8 26 74 98551 4 46
889 T 605861 44 503453 88 2 25 102098 31 53 67
890 C 612425 645 49 512522 28 179 22 98926 10 44
891 T 619826 37 523931 81 0 60 95631 17 1 68
892 C 626838 548 26 531587 33 108 26 94398 67 45
893 T 634309 41 536464 51 3 6 97594 71 0 79
894 A 643737 541617 23 1 82 101861 44 10 14 85
895 G 648363 32 69 15 547269 9 34 11 100871 53
896 T 654535 49 553826 41 3 15 100440 18 2 141
897 C 663474 294 119 557270 16 82 70 105535 5 83
898 G 673502 151 368 21 561742 35 207 19 110871 88
899 G 679325 57 300 28 563778 12 139 15 114929 67
900 A 686509 570403 37 2 82 115796 57 10 28 94
901 A 693569 578383 26 2 57 114965 25 6 23 82
902 T 702204 33 588375 48 1 9 113632 19 1 86
903 A 710132 595223 29 4 122 114567 89 6 21 71
904 G 716998 49 222 22 605837 12 77 16 110700 63
905 A 726272 614688 56 3 69 111018 38 30 29 341
906 C 733982 89 72 621993 23 28 18 111668 11 80
907 C 744802 374 66 631921 10 76 19 112239 8 89
908 C 752706 617 34 641342 14 112 15 110498 11 63
909 T 759483 22 651260 136 10 8 107909 36 4 98
910 T 764217 42 656024 71 3 7 107990 16 1 63
911 T 770830 42 662192 88 1 11 108367 22 1 106
912 C 777679 478 76 670545 39 112 52 106295 7 75
913 A 785416 680201 49 13 154 104765 112 9 19 94
914 G 791001 43 280 24 683423 27 98 20 107000 86
915 A 796199 688437 64 5 80 107380 56 7 27 143
916 C 803733 101 41 693933 14 32 13 109493 11 95
917 T 813421 48 702530 104 6 14 110567 41 2 109
918 G 820625 147 858 41 710562 28 193 14 108704 78
919 C 829150 610 47 717465 20 106 20 110775 29 78
920 T 837971 36 726099 144 13 7 111518 48 4 102
921 T 845783 78 732844 107 4 19 112593 22 6 110
922 C 856462 660 67 741961 39 111 65 113454 5 100
923 A 866034 750121 22 5 96 115603 29 32 25 101
924 A 871437 755791 30 1 87 115366 32 3 24 103
925 A 877957 761967 23 4 78 115749 25 3 17 91
926 A 884235 766617 42 29 104 117257 18 18 20 130
927 C 891087 113 99 773256 15 45 44 117386 9 120
928 A 897307 780228 32 8 89 116768 34 14 21 113
929 G 900185 137 1354 46 782251 28 228 23 116014 104
930 C 906840 846 83 784462 35 116 27 121152 16 103
931 C 912858 268 110 788148 18 71 44 124082 11 106
932 A 919856 796401 48 8 88 123136 30 10 18 117
933 A 926047 802848 25 5 96 122892 39 12 12 118
934 G 930172 59 87 17 808294 16 33 12 121546 108
935 T 936756 58 813007 75 8 23 122934 22 11 618
936 G 939388 144 111 23 817367 22 36 7 121531 147
937 T 944716 51 822510 127 4 20 121584 23 3 394
938 A 950270 830795 77 6 110 119045 24 3 23 187
939 C 955823 139 267 834307 42 36 81 120820 11 120
940 A 962837 837864 22 5 140 124595 32 8 21 150
941 G 965265 75 1107 30 839925 20 195 27 123762 124
942 C 968677 838 93 844571 27 126 34 122830 18 140
943 C 975616 300 67 849264 23 70 27 125767 6 92
944 T 982725 57 849743 142 4 22 132576 30 9 142
945 A 984339 851732 11 1 90 132343 48 7 22 85
946 A 984101 856624 60 2 76 127188 13 1 22 115
947 T 990407 64 861538 97 1 13 128521 21 10 142
948 C 996775 642 111 862833 26 161 38 132848 17 99
949 A 1000891 862214 38 7 184 138199 72 11 33 133
950 G 1000829 76 343 40 864932 25 108 20 135146 139
951 A 1003718 864021 70 5 111 139118 26 6 30 331
952 C 1006179 98 79 862444 29 64 31 143331 5 98
953 C 1010642 420 97 862478 29 103 54 147322 17 122
954 A 1015320 864663 51 6 93 150276 47 12 48 124
955 A 1016103 867155 35 2 78 148604 39 6 57 127
956 A 1015218 865458 45 5 87 149413 31 38 20 121
957 T 1019727 35 867558 90 4 61 151803 21 30 125
958 G 1017944 107 1039 34 872021 42 266 21 144288 126
959 A 1019269 874887 93 8 177 143774 77 25 84 144
960 G 1018203 115 408 28 872948 46 93 55 144359 151
961 A 1019914 869653 31 3 95 149865 51 58 24 134
962 A 1020051 866659 52 1 94 153069 13 6 41 116
963 T 1020796 74 866772 122 5 23 153459 46 7 288
964 C 1022704 499 55 867391 30 134 16 154452 15 112
965 C 1026754 458 161 866747 39 166 91 158943 17 132
966 A 1024992 862758 29 10 199 161720 58 16 50 152
967 G 1022333 122 771 34 863241 34 194 44 157761 132
968 C 1024507 1083 167 867569 45 237 60 155204 23 119
969 A 1026101 869067 86 8 130 156313 41 21 22 413
970 C 1024937 124 117 866007 17 51 54 158456 13 98
971 A 1025295 863262 124 5 93 161446 57 20 21 267
972 C 1024137 99 85 863159 22 77 51 160456 8 180
973 A 1026663 859208 35 3 133 167067 28 4 46 139
974 A 1025803 858302 58 10 173 166974 126 9 40 111
975 G 1020955 40 862 28 853562 24 190 21 166100 128
976 A 1018515 853436 59 2 114 164673 43 13 35 140
977 G 1013115 88 91 16 853993 33 56 27 158663 148
978 T 1010986 82 849002 99 11 74 160466 76 36 1140
979 C 1009663 398 64 844929 38 172 47 163876 22 117
980 A 1012303 844658 46 7 120 167265 17 10 50 130
981 A 1009418 841158 64 7 93 167821 33 17 28 197
982 C 1008648 119 62 837956 32 68 139 170127 8 137
983 T 1011505 49 836266 98 3 51 174686 43 125 184
984 G 1009269 120 390 29 834996 45 135 159 173278 117
985 G 1006707 76 98 16 836606 35 48 13 169700 115
986 T 1005701 59 840654 94 10 44 163351 47 220 1222
987 G 1003775 106 95 26 840756 58 49 191 162386 108
988 T 1002496 63 843117 104 3 221 158581 26 27 354
989 G 1001716 138 461 41 843745 51 153 29 156979 119
990 G 998910 49 499 33 840900 246 174 41 156848 120
991 A 997227 832512 70 4 105 164244 67 16 42 167
992 T 997710 71 826974 90 2 43 170197 42 43 248
993 G 991239 154 239 36 828082 62 109 24 162409 124
994 G 986595 203 615 31 832554 83 149 21 152820 119
995 C 985333 894 195 834983 61 220 117 148699 28 136
996 A 986523 838092 45 3 113 148017 47 17 44 145
997 T 984227 61 837263 179 1 19 146490 65 8 141
998 G 979784 160 973 75 836482 73 235 29 141577 180
999 C 979225 676 150 836370 35 155 58 141621 28 132
1000 C 981972 270 139 829828 37 123 53 151380 16 126
1001 A 985107 825824 61 3 77 158916 50 11 30 135
1002 T 982929 38 821765 87 2 18 160819 53 18 129
1003 T 982847 53 818724 86 5 34 163588 205 11 141
1004 C 981752 388 51 814284 30 127 57 166695 16 104
1005 T 985196 49 811257 204 11 223 173234 48 19 151
1006 G 978479 194 1828 57 805194 79 383 195 170431 118
1007 C 974740 545 178 807544 36 258 71 165954 45 109
1008 C 977294 332 254 801629 30 130 123 174660 15 121
1009 G 982835 224 871 21 798598 223 309 168 182294 127
1010 C 983680 1209 85 798723 34 450 53 182991 22 113
1011 A 988405 802005 22 6 98 185961 18 45 118 132
1012 T 990143 34 800292 73 3 22 189546 23 20 130
1013 T 990053 25 797182 90 1 27 192568 32 3 125
1014 T 991042 45 796131 179 5 49 194390 60 53 130
1015 G 983503 79 646 52 796557 78 232 29 185695 135
1016 A 982061 798087 65 1 142 183526 41 22 62 115
1017 A 978970 797570 59 13 155 180873 96 40 38 126
1018 G 974844 59 132 10 794707 30 123 29 179641 113
1019 A 972579 790613 61 3 100 181538 30 68 25 141
1020 T 970937 31 791301 73 2 46 179307 26 15 136
1021 C 969251 106 52 790336 27 84 54 178449 42 101
1022 T 971669 48 790279 116 4 95 180925 49 27 126
1023 A 973030 790481 4 2 105 182207 63 31 34 103
1024 A 971596 794013 37 6 93 177142 112 22 34 137
1025 G 967320 52 858 29 792020 25 253 21 173942 120
1026 A 966521 796762 53 4 122 169356 45 3 40 136
1027 G 963765 47 92 18 799498 24 57 26 163905 98
1028 T 965678 43 795347 70 5 214 165297 73 155 4474
1029 A 964086 802618 46 1 70 161168 15 6 33 129
1030 T 964311 57 799267 68 4 25 164728 24 27 111
1031 T 967518 61 801494 74 3 74 165640 23 17 132
1032 A 973493 800143 80 3 141 172906 47 10 36 127
1033 A 975856 795529 23 8 76 180049 34 10 21 106
1034 G 973334 39 813 29 790241 26 215 24 181841 106
1035 C 973797 746 55 787262 19 226 25 185331 29 104
1036 T 975352 10 785939 133 2 16 189078 44 8 122
1037 T 975402 61 789142 100 4 55 185856 36 32 116
1038 C 972955 437 92 787914 51 202 80 184051 26 102
1039 A 972370 786135 54 4 107 185865 23 25 44 113
1040 T 969843 83 781987 86 3 81 187427 45 4 127
1041 C 972406 537 73 774680 39 347 50 196541 25 114
1042 A 976714 770415 52 5 97 205880 67 41 37 120
1043 A 974733 772789 31 2 72 201586 52 8 67 126
1044 A 975641 773095 39 31 173 201841 222 50 71 119
1045 G 972348 41 625 10 775844 42 299 16 195391 80
1046 G 967683 98 509 29 779696 45 159 16 187006 125
1047 G 961781 111 345 32 783320 47 99 53 177651 123
1048 A 960724 784077 55 4 107 176147 40 20 50 224
1049 C 958748 105 168 782914 42 71 108 175137 53 150
1050 G 965149 139 563 27 782957 152 192 33 180986 100
1051 A 965772 786444 53 4 74 178953 73 10 36 125
1052 A 967656 786422 66 16 108 180750 107 6 55 126
1053 G 963013 83 327 12 785969 39 140 14 176322 107
1054 G 960228 102 62 24 786122 50 51 48 173648 121
1055 T 960614 65 783359 79 10 91 174296 30 123 2561
1056 G 957074 215 831 30 782091 83 242 22 173476 84
1057 C 955758 562 127 786303 33 150 45 168421 30 87
1058 T 963878 44 791591 171 5 74 171732 70 8 183
1059 C 968182 833 231 792177 39 281 92 174403 23 103
1060 C 971991 551 79 787551 31 287 40 183316 25 111
1061 C 976586 860 102 784718 36 350 38 190342 23 117
1062 A 983419 787500 55 6 125 195489 72 21 36 115
1063 A 984789 789693 45 2 94 194636 141 24 42 112
1064 G 983191 39 1001 61 790107 52 310 17 191494 110
1065 A 982696 804316 53 3 97 177797 172 55 79 124
1066 G 978404 78 869 12 808180 128 371 19 168639 108
1067 G 975441 81 567 30 806140 131 262 25 168115 90
1068 G 970781 181 438 46 798585 72 235 20 171087 117
1069 A 970822 795302 40 1 144 174958 179 8 59 131
1070 A 970790 795211 31 4 132 175061 143 6 60 142
1071 G 968211 49 877 29 796585 31 230 26 170300 84
1072 C 968582 774 46 795692 13 326 34 171566 29 102
1073 T 973711 30 800651 144 3 149 172542 57 5 130
1074 T 974505 34 802194 105 3 16 171867 162 8 116
1075 T 974536 56 804072 118 4 47 170038 44 8 149
1076 C 976269 429 71 807639 34 154 47 167761 19 115
1077 C 978074 329 90 811510 29 196 78 165672 50 120
1078 A 980218 814080 76 6 107 165445 79 25 31 369
1079 C 980673 102 57 814003 12 47 35 166306 18 93
1080 T 984664 39 815047 111 6 64 169208 69 5 115
1081 A 985557 807050 67 6 120 177909 173 61 49 122
1082 G 984912 48 1153 81 804475 26 355 32 178630 112
1083 A 985988 807157 46 5 92 178391 130 11 43 113
1084 G 984344 76 504 23 812113 41 223 13 171259 92
1085 G 984370 54 896 27 813509 37 221 29 169477 120
1086 A 983294 817912 49 1 128 164890 37 5 43 229
1087 G 982703 55 104 25 823309 203 58 17 158823 109
1088 T 981284 58 826759 95 3 207 153185 169 50 758
1089 T 981708 47 829101 113 1 154 151992 27 155 118
1090 C 983070 614 97 830993 44 132 43 150960 34 153
1091 A 987896 833044 45 11 112 154202 187 130 31 134
1092 A 986717 834816 62 3 79 151313 269 6 18 151
1093 A 983663 834019 38 4 71 149138 116 124 19 134
1094 T 986811 44 836556 83 2 13 149770 204 5 134
1095 T 990241 23 841599 100 7 21 148166 103 93 129
1096 G 989970 105 874 39 842524 39 347 31 145906 105
1097 C 991727 439 57 842667 24 84 27 148264 32 133
1098 T 996116 34 842961 144 3 16 152752 54 11 141
1099 T 999713 85 841415 124 2 56 157824 47 11 149
1100 C 1001634 480 54 840381 34 127 55 160366 28 109
1101 C 1005595 422 135 838854 30 238 51 165731 25 109
1102 A 1006426 838355 48 6 110 167710 36 30 20 111
1103 A 1004439 837943 35 1 71 166175 34 12 24 144
1104 T 1006324 40 841735 115 3 41 164237 32 15 106
1105 G 1009491 101 432 18 843561 56 154 28 165045 96
1106 A 1009066 848412 40 2 93 160327 22 5 40 125
1107 A 1010044 849501 37 4 114 160216 16 7 31 118
1108 A 1009128 845664 21 4 104 163141 23 7 39 125
1109 A 1010045 845622 78 3 84 164084 25 10 26 113
1110 T 1011690 27 847721 64 1 33 163666 18 8 152
1111 A 1011526 849676 66 0 92 161491 25 1 23 152
1112 T 1015393 72 853367 87 3 24 161658 22 6 154
1113 G 1015276 108 180 34 857508 40 191 32 157081 102
1114 G 1013176 90 232 28 857191 36 67 23 155411 98
1115 A 1013763 857869 50 6 213 155294 83 6 42 200
1116 G 1013853 76 314 29 860844 33 85 9 152329 134
1117 A 1013028 859550 84 4 102 152786 26 50 40 386
1118 C 1013546 105 60 859168 22 52 63 153928 23 125
1119 T 1017751 25 861479 99 5 54 155947 17 7 118
1120 A 1017246 861397 77 4 102 155441 15 53 30 127
1121 T 1019878 79 866738 119 7 22 152711 20 5 177
1122 G 1019312 117 452 27 868550 37 229 72 149698 130
1123 G 1016655 80 505 32 867802 105 146 21 147845 119
1124 A 1017028 867875 76 4 135 148662 54 6 63 153
1125 A 1016137 867177 40 4 103 148589 69 6 30 119
1126 T 1017390 56 866548 100 6 16 150462 21 19 162
1127 C 1018894 552 56 866815 44 153 38 151094 22 120
1128 A 1021064 863368 62 4 161 157236 36 9 43 145
1129 A 1016047 858704 56 3 120 156947 55 7 25 130
1130 G 1013042 62 99 28 858765 23 58 16 153875 116
1131 T 1014724 79 857883 78 4 55 156155 27 8 435
1132 A 1013316 857001 78 11 95 155709 35 6 24 357
1133 C 1015748 132 122 856135 29 46 40 159084 30 130
1134 A 1019844 857502 60 6 82 161634 35 20 23 482
1135 C 1019866 109 63 857375 24 54 22 162090 14 115
1136 T 1024084 43 855396 112 5 33 168319 38 9 129
1137 T 1025511 57 852664 159 5 27 172411 45 2 141
1138 G 1024027 110 634 43 848141 47 155 24 174718 155
1139 A 1024580 846268 57 8 105 177921 44 15 26 136
1140 A 1024647 844909 56 1 108 179255 120 8 30 160
1141 C 1024378 102 63 846914 25 49 97 176975 22 131
1142 T 1029748 15 850555 146 7 25 178721 116 12 151
1143 G 1028042 112 1031 64 851325 61 294 109 174928 118
1144 A 1027396 845660 38 5 175 181234 88 12 45 139
1145 G 1024921 94 117 27 839970 22 139 12 184435 105
1146 A 1027019 842265 40 4 84 184406 58 14 24 124
1147 A 1026391 843731 14 2 123 182252 31 11 100 127
1148 G 1022580 67 782 40 842828 26 233 12 178483 109
1149 C 1021985 1021 148 846102 36 233 92 174197 26 130
1150 A 1024065 845600 70 18 200 177833 120 18 51 155
1151 G 1020687 44 369 23 845196 38 115 34 174761 107
1152 G 1018824 100 93 18 844833 51 48 17 173563 101
1153 T 1019652 57 841004 103 3 90 176890 41 54 1410
1154 A 1017477 842640 47 8 96 174353 43 7 29 254
1155 C 1018171 93 61 843267 24 50 27 174502 20 127
1156 T 1023121 62 843946 129 6 41 178743 39 9 146
1157 G 1022433 148 797 41 845171 72 270 26 175790 118
1158 G 1019247 115 407 17 843119 58 135 16 175264 116
1159 G 1015023 135 1023 41 841949 71 216 28 171433 127
1160 C 1014936 898 130 837800 42 222 69 175596 32 147
1161 C 1017936 290 130 838343 19 104 82 178821 28 119
1162 A 1018192 833637 92 7 105 184103 64 23 21 140
1163 T 1017439 31 829063 92 3 49 188035 28 12 126
1164 A 1023349 831032 14 7 169 191865 86 13 49 114
1165 A 1021282 832782 35 25 154 187969 116 11 75 115
1166 G 1020110 66 454 19 826671 33 215 12 192541 99
1167 G 1021015 96 395 44 825476 68 128 16 194690 102
1168 A 1019819 826255 84 5 88 192946 42 22 39 338
1169 C 1020161 75 83 824845 18 46 36 194932 15 111
1170 C 1024294 322 122 825601 32 180 57 197840 15 125
1171 A 1028272 830618 63 11 186 197137 61 16 60 120
1172 G 1027085 43 327 20 829537 38 130 13 196870 107
1173 A 1028185 830700 36 5 76 197158 50 10 30 120
1174 A 1028958 833146 52 3 113 195431 43 10 37 123
1175 G 1027687 65 84 21 835546 21 48 40 191772 90
1176 T 1030548 68 838358 82 4 63 190222 56 70 1625
1177 G 1026166 106 438 35 840682 33 319 22 184423 108
1178 G 1024327 55 1272 44 841958 31 346 22 180474 125
1179 A 1023513 843624 75 3 199 179255 102 29 67 159
1180 G 1020434 90 369 20 843025 48 224 18 176504 136
1181 G 1016168 95 394 29 844080 58 166 8 171226 112
1182 A 1014798 841347 51 3 115 173045 54 23 39 121
1183 A 1015269 841316 39 2 133 173544 43 15 37 140
1184 A 1013237 841357 40 42 99 171434 32 25 19 189
1185 C 1013523 100 146 843507 27 82 105 169393 32 131
1186 A 1011915 841618 59 7 97 168519 37 69 31 1478
1187 C 1011776 104 88 841272 19 60 63 170065 10 95
1188 C 1015901 372 103 839955 39 159 80 175048 25 120
1189 A 1017863 838237 31 5 102 179267 39 15 33 134
1190 A 1015532 837013 32 1 77 178233 19 13 25 119
1191 T 1013312 66 841473 71 2 38 171343 34 15 270
1192 C 1014933 499 67 833399 37 197 64 180528 20 122
1193 A 1018179 829994 31 3 103 187827 30 33 40 118
1194 A 1018644 829632 49 3 82 188630 34 18 30 166
1195 C 1020942 132 118 826895 31 116 74 193448 18 110
1196 A 1027973 822553 47 7 157 204899 82 29 49 150
1197 G 1025846 59 1003 49 822191 43 359 25 202003 114
1198 A 1024350 825211 38 4 137 198581 156 6 79 138
1199 G 1015212 112 692 29 823722 49 274 25 190208 101
1200 G 1010124 119 253 23 825018 64 89 21 184424 113
1201 G 1006002 88 589 34 824625 41 159 41 180295 130
1202 C 1009755 853 207 829055 55 236 61 179138 19 131
1203 A 1018871 832352 28 5 121 186115 44 10 41 155
1204 T 1017337 61 831091 96 3 33 185824 58 11 160
1205 C 1019559 403 46 826215 26 141 46 192548 13 121
1206 T 1025529 55 826413 259 13 121 198411 82 25 150
1207 G 1017243 115 3112 76 825143 48 790 35 187790 134
1208 C 1018083 735 424 831605 38 196 404 184476 49 156
1209 G 1017766 259 919 38 832594 100 454 43 183218 141
1210 G 1016021 131 435 24 836282 41 133 21 178818 136
1211 G 1012304 260 985 62 843935 169 234 33 166499 127
1212 C 1014536 1004 141 844272 38 222 165 168528 41 125
1213 C 1022833 275 114 845827 25 97 150 176188 15 142
1214 A 1028410 842996 52 18 108 184883 55 48 112 138
1215 A 1030838 842135 50 3 71 188281 55 10 112 121
1216 A 1033046 840354 59 2 80 192301 88 9 21 132
1217 T 1037659 59 841587 66 3 26 195664 40 45 169
1218 C 1040418 621 106 851177 26 209 98 188030 26 125
1219 A 1039856 850576 37 11 148 188873 31 8 44 128
1220 G 1038348 112 991 45 853071 32 294 30 183659 114
1221 C 1038525 771 158 854694 44 198 82 182419 20 139
1222 A 1036312 854314 69 5 122 181570 42 21 28 141
1223 T 1038225 52 856403 89 2 53 181434 29 9 154
1224 A 1041754 860834 84 8 96 180438 40 17 46 191
1225 C 1045013 92 106 858566 36 142 53 185880 15 123
1226 A 1050300 856557 20 4 87 193427 33 9 38 125
1227 A 1051683 858347 68 4 77 192672 73 15 112 315
1228 C 1054553 89 62 864541 21 40 61 189556 85 98
1229 C 1057064 349 43 869329 22 102 29 186977 98 115
1230 T 1063576 53 868826 128 4 158 194199 36 10 162
1231 A 1068584 869053 58 2 89 198698 46 12 124 502
1232 C 1072085 106 137 870200 29 159 65 201249 16 124
1233 G 1081658 113 82 21 874892 65 172 16 206122 175
1234 T 1085734 54 875539 112 5 33 209745 43 7 196
1235 T 1089273 36 874762 100 0 20 214121 42 11 181
1236 C 1089867 384 94 876856 27 105 48 212209 19 125
1237 T 1095489 50 879318 162 5 143 215596 37 8 170
1238 C 1099093 1065 119 881622 69 287 87 215675 43 126
1239 A 1100178 883821 40 6 201 215803 72 6 55 174
1240 G 1093054 62 139 29 886469 22 66 26 206131 110
1241 T 1094387 49 893809 112 6 60 199884 29 9 429
1242 A 1096696 899196 85 10 111 196918 121 9 34 212
1243 C 1098608 125 131 900189 23 81 82 197824 18 135
1244 A 1101438 899510 97 11 149 201380 101 14 25 151
1245 G 1099771 63 782 66 901869 124 215 40 196500 112
1246 A 1100959 899153 68 2 92 201271 119 8 127 119
1247 G 1099560 71 329 38 897456 46 164 40 201261 155
1248 A 1099605 904302 37 3 150 194810 66 6 100 131
1249 A 1099192 909201 65 5 110 189509 120 10 41 131
1250 A 1097952 910002 60 5 94 187464 30 120 37 140
1251 T 1098664 50 911488 108 2 44 186574 74 119 205
1252 C 1101758 382 61 914434 20 140 202 186394 12 113
1253 T 1105714 70 918071 203 3 143 186905 74 7 238
1254 C 1106998 806 97 918648 39 193 68 186872 156 119
1255 C 1108737 604 83 913675 33 194 35 193887 111 115
1256 C 1111670 1041 60 917028 14 367 120 192921 16 103
1257 T 1113412 48 920415 136 3 108 192469 79 7 147
1258 T 1112712 51 924675 103 4 105 187530 35 54 155
1259 T 1110290 38 927881 84 2 15 182099 35 11 125
1260 T 1111856 61 927798 171 2 69 183510 49 30 166
1261 G 1104928 132 680 73 929488 63 225 48 174060 159
1262 A 1103478 931260 93 5 169 171624 64 16 36 211
1263 C 1105767 113 240 932198 38 77 84 172866 19 132
1264 A 1109069 930989 66 9 186 177458 174 7 42 138
1265 G 1105361 105 470 40 930529 35 128 21 173887 146
1266 A 1105463 932947 34 2 100 172178 68 4 29 101
1267 A 1103499 929957 72 5 142 173057 26 13 22 205
1268 C 1101693 101 118 931222 30 71 79 169917 18 137
1269 A 1102979 932011 54 8 103 170551 70 9 29 144
1270 A 1099282 932946 61 3 124 165774 32 41 33 268
1271 C 1097684 116 61 935144 26 43 26 162126 14 128
1272 C 1097969 299 94 935309 26 132 34 161943 24 108
1273 A 1095796 936487 49 4 72 158973 24 13 25 149
1274 T 1092554 70 933948 88 2 26 158240 24 5 151
1275 T 1089154 10 936447 76 1 32 152410 14 8 156
1276 A 1084604 933857 63 1 118 150364 26 2 32 141
1277 T 1081217 112 931694 119 5 44 149032 23 11 177
1278 G 1077478 145 310 38 932882 49 90 18 143801 145
1279 G 1073925 99 764 37 933709 58 123 15 139006 114
1280 C 1069422 1140 275 925653 85 230 67 141813 26 133
1281 A 1064773 923688 42 11 176 140637 16 2 36 165
1282 G 1056069 128 896 41 917664 60 178 13 136940 149
1283 C 1050008 920 113 913455 28 239 30 135066 15 142
1284 A 1046740 914996 49 5 113 131350 18 4 23 182
1285 T 1041523 40 907842 102 2 11 133308 23 40 155
1286 T 1037412 64 904188 115 7 40 132772 24 43 159
1287 C 1034365 448 111 900772 42 146 29 132605 59 153
1288 A 1031229 895929 61 5 123 134905 18 6 26 156
1289 A 1025010 889961 61 3 82 134687 13 8 45 150
1290 T 1020265 50 884447 72 1 46 135456 28 12 153
1291 G 1013574 136 894 22 876769 60 210 15 135340 128
1292 G 1008145 95 665 33 871053 41 158 10 135972 118
1293 G 1001129 231 494 40 864021 51 181 8 136000 103
1294 A 995231 858146 68 1 158 136578 98 4 26 152
1295 A 987617 853623 54 2 102 133554 15 7 116 144
1296 T 981910 41 848302 92 4 25 133248 14 6 178
1297 A 975920 843310 79 6 140 132036 101 12 35 201
1298 C 968596 150 176 838671 37 77 39 129254 20 172
1299 A 963010 836879 73 22 235 125502 115 5 39 140
1300 G 956667 85 1071 49 829379 19 184 14 125753 113
1301 A 950853 822676 53 8 105 127608 104 13 27 259
1302 G 942628 111 865 32 816060 30 155 62 125208 105
1303 G 934672 72 970 15 813038 77 173 13 120202 112
1304 G 925847 125 651 28 806066 61 118 8 118687 103
1305 G 916480 110 780 42 797597 76 119 19 117640 97
1306 A 909753 789312 66 3 163 119880 29 6 50 244
1307 G 901632 101 416 31 780895 31 69 10 119937 142
1308 A 895603 773311 41 1 100 121944 13 11 32 150
1309 A 887587 763913 60 11 89 123302 23 12 25 152
1310 C 879752 83 94 755429 25 68 36 123831 13 173
1311 A 873603 749100 51 3 73 124205 24 8 25 114
1312 T 866631 48 742396 71 2 10 123934 25 9 136
1313 C 859068 354 46 735845 32 92 20 122560 11 108
1314 T 854538 70 731146 150 10 84 122909 34 10 125
1315 G 845994 95 522 35 724663 51 85 10 120436 97
1316 A 837168 719483 70 1 103 117269 70 5 20 147
1317 C 829784 97 103 712440 30 121 23 116850 22 98
1318 A 823681 703638 38 3 106 119688 74 11 23 100
1319 T 814144 32 694322 84 1 15 119557 22 7 104
1320 G 803581 88 1227 58 686170 62 197 61 115608 110
1321 A 795111 681333 41 4 135 113385 24 42 28 119
1322 G 785782 96 392 18 671825 22 99 45 113210 75
1323 G 778277 54 305 18 665013 173 66 15 112531 102
1324 A 769834 655835 52 5 68 112265 52 10 54 1493
1325 C 761143 65 94 650041 22 44 49 110711 16 101
1326 C 754957 295 160 641942 20 110 82 112145 119 84
1327 G 748492 192 373 21 634215 138 180 6 113268 99
1328 A 741632 628098 38 2 97 113267 27 4 18 81
1329 A 734755 623378 25 3 75 111069 19 4 102 80
1330 A 728210 616523 22 0 63 111396 14 15 91 86
1331 T 721196 22 608915 71 1 16 112036 24 8 103
1332 C 713863 330 57 601053 18 133 62 112087 25 98
1333 A 705757 593777 43 4 68 111718 19 0 54 74
1334 T 696519 30 584457 67 0 25 111844 15 6 75
1335 A 690736 576124 8 1 96 114412 8 3 27 57
1336 A 683315 564861 18 3 84 118194 29 3 48 75
1337 G 674094 41 375 14 554399 17 98 8 119075 67
1338 G 665715 32 294 18 547439 64 63 9 117733 63
1339 A 657051 539785 38 0 72 116994 17 7 28 110
1340 T 649576 46 529391 49 4 22 119936 20 13 95
1341 G 639598 50 404 25 520432 50 94 10 118477 56
1342 A 629810 511382 53 4 79 118122 54 5 34 77
1343 T 622070 57 506116 68 5 28 115698 12 9 77
1344 G 614420 60 195 19 498556 45 108 42 115337 58
1345 G 604515 61 234 22 486713 72 139 7 117211 56
1346 A 596313 477927 16 5 90 118113 8 64 29 61
1347 A 588563 469648 20 1 67 118670 11 29 50 67
1348 A 582201 460851 9 1 53 121145 8 32 52 50
1349 G 574339 46 47 13 452048 21 48 35 122019 62
1350 T 565907 31 443642 54 2 88 121343 70 88 589
1351 G 553707 101 415 25 432100 51 150 54 120765 46
1352 C 539521 317 143 421643 35 154 76 117081 18 54
1353 A 532222 413907 11 3 101 118064 10 15 43 68
1354 A 522442 402858 21 5 57 119416 8 0 35 42
1355 G 510157 44 154 13 395391 31 46 3 114426 49
1356 A 502051 390586 39 8 54 111222 7 12 22 101
1357 C 491651 46 47 380461 15 37 14 110981 16 34
1358 C 484384 141 48 366696 19 195 60 117168 20 37
1359 A 477028 353513 39 3 80 123238 53 3 50 49
1360 G 466724 25 146 4 346934 19 53 6 119494 43
1361 A 456614 340257 13 0 30 116247 12 5 19 31
1362 A 445484 325825 18 3 42 119514 9 3 32 38
1363 G 434391 21 138 10 315064 16 53 3 119058 28
1364 A 425718 303409 23 0 36 122169 14 7 22 38
1365 T 418631 13 287848 37 4 8 130657 16 11 37
1366 G 409720 27 35 10 275581 30 33 8 133978 18
1367 T 401834 25 263416 33 4 76 138134 39 43 64
1368 G 396346 41 38 7 255879 84 40 6 140233 18
1369 T 388935 28 250080 34 4 49 138656 39 13 32
1370 C 385072 116 10 244776 8 172 28 139907 25 30
1371 T 385438 11 242116 55 1 182 142997 49 5 22
1372 T 505806 22 310280 57 0 90 195264 55 6 32
1373 T 497563 31 311330 64 3 54 185783 75 170 53
1374 C 495237 224 17 310715 20 213 88 183893 26 41
1375 C 501348 249 74 308979 22 573 67 191324 38 22
1376 A 494531 308013 47 18 300 185476 181 264 190 42
1377 G 485797 63 458 17 307445 137 594 27 177031 25
1378 G 483543 4 35 0 305607 48 292 61 177486 10
1379 G 476498 91 226 24 301117 122 289 32 174548 49
1380 G 466689 48 1125 31 295965 55 664 105 168669 27
1381 C 466863 592 126 292189 16 348 827 172561 131 73
1382 G 469311 116 599 32 290817 174 685 164 176707 17
1383 G 463092 59 688 14 289349 46 574 27 172311 24
1384 G 462516 83 402 26 289271 88 583 28 171991 44
1385 G 459145 66 207 22 290625 151 238 40 167698 98
1386 A 461569 286574 12 3 50 161364 68 41 6888 6569
1387 G 461543 34 31 9 294460 62 81 15 166812 39
1388 T 466182 4 266558 33 0 356 156263 103 15290 27575
1389 C 474213 88 13 301316 4 115 71 172496 53 57
1390 T 480116 23 310862 49 7 181 168834 78 10 72
1391 T 482504 19 307611 33 1 57 174687 67 10 19
1392 C 487146 147 72 308471 16 207 455 177514 33 231
1393 G 494271 72 332 26 312752 205 646 235 179523 480
1394 A 496688 316118 8 1 46 180162 25 36 113 179
1395 G 500666 23 310 8 317651 43 269 24 182279 59
1396 C 508017 334 22 326031 12 215 50 181207 51 95
1397 T 519299 4 338452 37 4 26 180407 137 30 202
1398 C 525534 282 35 337795 9 222 67 187082 9 33
1399 T 534246 12 339295 47 2 49 194674 95 6 66
1400 C 540826 409 103 338353 22 327 426 201079 66 41
1401 G 545893 49 205 16 343224 195 372 194 201534 104
1402 G 548778 34 191 20 347764 65 156 86 200439 23
1403 A 552936 352146 13 1 75 198903 45 11 630 1112
1404 C 559283 44 88 363459 15 193 228 195174 40 42
1405 G 564859 93 193 13 370895 139 229 85 193179 33
1406 A 569696 377931 25 0 47 191384 19 28 194 68
1407 A 574484 384701 8 2 41 189538 28 4 120 42
1408 A 578524 394690 11 1 30 183667 46 4 38 37
1409 A 580076 400151 17 5 162 179445 111 22 88 75
1410 G 579580 22 148 8 405520 1691 164 19 168296 3712
1411 G 577936 47 417 10 417517 27 166 19 159704 29
1412 C 579779 387 111 429960 35 155 101 148842 59 129
1413 A 583296 437101 12 2 125 145840 35 18 52 111
1414 G 581216 45 755 22 446906 35 233 28 133058 134
1415 C 581965 442 172 455724 34 187 150 125160 31 65
1416 G 588211 100 745 18 464502 67 277 16 122442 44
1417 A 588751 471485 13 1 32 116831 30 16 57 286
1418 G 587621 51 740 16 477182 45 168 27 109350 42
1419 C 588452 406 145 486074 16 132 32 101532 45 70
1420 C 589996 191 64 495340 21 89 42 94194 5 50
1421 C 591718 433 94 501461 19 183 124 89355 9 40
1422 G 589202 112 119 19 505515 103 38 99 81908 1289
1423 A 587302 511687 31 2 56 75262 39 18 39 168
1424 T 585702 36 514767 56 2 67 70363 10 20 381
1425 C 583995 87 96 515315 9 61 22 68341 13 51
1426 G 580874 112 105 25 516393 59 15 14 64031 120
1427 T 579089 31 519898 89 1 36 57897 12 50 1075
1428 G 576610 90 619 31 526474 14 86 5 49247 44
1429 C 574554 325 64 527047 21 37 9 46959 12 80
1430 C 573198 175 36 529856 13 29 9 42929 4 147
1431 T 572645 22 538337 67 3 32 33912 35 0 237
1432 T 570814 35 540556 75 2 7 30025 5 2 107
1433 C 568662 260 53 541182 31 23 39 26999 3 72
1434 C 567363 297 43 542448 14 50 30 24351 3 127
1435 T 566171 25 545934 96 17 35 19953 25 1 85
1436 T 564417 24 547454 37 1 7 16796 1 26 71
1437 T 562306 27 546010 77 2 3 16085 3 2 97
1438 G 560412 69 341 39 541476 4 626 17 14581 3259
1439 A 558788 543848 70 5 85 14649 4 14 9 104
1440 C 557507 91 82 542890 21 20 5 14266 13 119
1441 A 556791 542189 34 7 78 14407 13 3 3 57
1442 T 555628 26 541252 92 5 1 14029 2 8 213
1443 G 554655 72 1063 52 539981 15 35 1 13390 46
1444 A 553258 540213 28 0 110 12744 0 1 9 153
1445 G 551861 44 80 19 539495 2 6 0 12178 37
1446 T 550625 65 534261 65 7 15 11463 2 160 4587
1447 A 549307 538332 17 3 47 10856 2 0 2 48
1448 A 547628 537807 25 1 56 9693 0 2 2 42
1449 T 546400 31 536961 66 0 6 9200 1 2 133
1450 G 545890 68 389 30 536137 13 10 1 9201 41
1451 A 544900 535893 47 0 59 8837 1 0 1 62
1452 A 543957 535090 43 3 71 8656 2 1 2 89
1453 G 543123 51 210 19 534535 46 9 0 8187 66
1454 G 542253 36 118 21 534028 4 6 1 8002 37
1455 A 541373 533310 39 2 71 7559 1 44 2 345
1456 T 540737 27 533179 48 0 52 7346 0 2 83
1457 C 539985 79 34 532725 18 11 1 7031 9 77
1458 T 539595 38 532407 61 6 25 6950 2 48 58
1459 T 538906 6 532129 91 1 45 6577 10 1 46
1460 A 538130 531711 22 3 38 6126 44 0 3 183
1461 T 537530 30 531628 40 0 0 5749 36 0 47
1462 T 537048 32 531362 53 3 4 5507 0 32 55
1463 T 536616 24 531042 72 1 11 5397 3 22 44
1464 C 535989 197 26 529982 23 7 70 4938 22 724
1465 T 535489 27 530360 94 2 2 4780 24 0 200
1466 T 534884 28 530222 43 0 3 4407 2 0 179
1467 C 534188 386 152 529567 14 9 9 3890 2 159
1468 G 533780 109 310 20 529487 12 7 2 3729 104
1469 G 533256 59 556 31 529131 3 11 0 3443 22
1470 A 532775 529141 36 5 133 3199 11 0 6 244
1471 G 532388 54 277 25 528956 6 2 2 3026 40
1472 A 531675 528644 55 1 65 2804 3 5 2 96
1473 C 530851 67 65 527969 14 4 4 2659 2 67
1474 A 530045 527353 21 1 72 2550 1 6 2 39
1475 A 528756 526241 33 0 50 2382 4 1 1 44
1476 T 527181 33 524648 80 1 9 2217 3 1 189
1477 G 525865 109 491 35 523105 4 3 1 2078 39
1478 C 524973 531 114 522284 37 5 1 1925 5 71
1479 A 524043 521785 48 7 140 1818 3 1 0 241
1480 G 522473 36 560 26 520109 2 6 0 1682 52
1481 A 520473 518693 20 1 81 1619 0 1 1 57
1482 G 518552 54 350 12 516526 1 1 1 1551 56
1483 G 516433 30 405 18 514416 2 2 1 1524 35
1484 A 513333 511636 23 2 84 1449 2 0 1 136
1485 G 511263 48 80 11 509661 8 0 1 1417 37
1486 T 509798 29 495956 71 6 6 1343 0 65 12322
1487 A 508777 507159 33 2 80 1441 0 0 7 55
1488 C 506076 77 132 504364 33 2 0 1388 1 79
1489 G 502610 115 236 30 500773 4 0 0 1404 48
1490 A 500869 499176 64 6 90 1454 0 3 2 74
1491 C 497981 76 51 496184 49 17 2 1467 35 100
1492 A 494342 492438 28 1 61 1625 0 3 18 168
1493 A 491409 489543 23 2 47 1703 3 2 34 52
1494 T 488829 40 486686 43 0 19 1851 35 2 153