# nucleotide counts
# upper case indicates nucleotide called by both reads
# lower case indicates nucleotide called by one read with other ambiguous
# N indicates disagreement between reads, or both ambiguous
# POSITION WT COUNTS A T C G a t c g N
1 A 892182 889370 56 10 135 2423 2 2 0 184
2 T 893240 78 890071 121 13 3 2763 2 0 189
3 G 894116 160 113 21 890505 0 4 0 2967 346
4 G 894500 64 110 39 890915 0 1 1 3056 314
5 C 895293 214 883 890370 66 8 11 3461 2 278
6 G 895975 211 121 37 891625 3 4 0 3727 247
7 T 896765 1197 890571 455 12 8 4212 1 0 309
8 C 897435 377 175 891807 131 3 2 4654 0 286
9 T 898184 161 891815 871 27 2 5091 6 2 209
10 C 898968 255 743 891878 71 4 4 5528 1 484
11 A 899910 892453 621 162 265 6133 9 2 3 262
12 A 900643 892470 699 107 424 6609 18 3 4 309
13 G 900977 289 503 35 893191 6 8 6 6690 249
14 G 901722 217 123 41 893827 9 5 1 7060 439
15 C 902927 129 136 894462 53 2 26 7747 2 370
16 A 903594 893753 93 318 174 8117 3 24 3 1109
17 C 904703 90 405 895059 28 23 9 8697 1 391
18 C 906030 248 87 895735 44 5 4 9501 22 384
19 A 907282 896415 31 25 111 10455 25 4 2 214
20 A 908395 897192 31 8 92 10828 3 21 4 216
21 A 909414 897559 29 41 101 11298 28 6 1 351
22 C 910628 108 162 898230 35 2 20 11739 0 332
23 G 911566 126 96 32 899025 1 17 24 11952 293
24 A 913174 900044 44 3 127 12737 0 3 6 210
25 T 914572 99 899230 738 795 3 13237 18 11 441
26 C 915678 168 244 901708 86 0 5 13261 1 205
27 T 917271 627 901360 576 330 8 14015 12 2 341
28 T 919076 56 902798 351 13 3 15599 8 2 246
29 A 920952 903403 99 150 238 16563 11 6 9 473
30 C 923098 139 350 904962 43 13 40 17371 1 179
31 G 924408 252 248 44 905609 10 26 8 17963 248
32 A 926425 907012 66 8 128 18747 12 5 10 437
33 A 928262 908387 78 16 212 19248 8 1 7 305
34 C 930611 119 508 909409 31 8 17 20129 3 387
35 A 933259 910988 82 380 146 21430 12 12 11 198
36 G 934273 152 1721 276 910490 11 41 18 21270 294
37 A 936295 914042 75 7 133 21638 8 0 9 383
38 T 938553 89 915027 614 6 4 22542 17 5 249
39 G 939805 185 126 36 917214 5 32 5 21980 222
40 G 941732 128 133 32 919018 4 13 8 22205 191
41 A 944136 919809 72 13 326 23462 29 3 16 406
42 G 946021 95 1022 25 920936 6 32 3 23581 321
43 A 948146 923143 708 7 141 23757 25 4 12 349
44 C 950979 129 88 924906 645 3 6 24794 18 390
45 T 954580 73 927822 208 20 6 26066 8 3 374
46 G 956864 143 121 37 929290 5 34 6 27044 184
47 A 959054 931307 99 5 222 27056 7 3 17 338
48 T 961755 113 933271 124 38 12 28032 9 2 154
49 G 963227 186 150 387 934991 10 60 24 27213 206
50 G 965194 87 145 542 937627 8 36 27 26449 273
51 A 967389 938072 106 689 534 27472 53 32 21 410
52 G 969392 214 170 79 940857 13 22 12 27712 313
53 A 972330 942298 51 166 279 28868 9 8 17 634
54 A 974322 943398 83 115 251 30167 10 11 9 278
55 C 977206 138 229 944424 46 4 31 32139 4 191
56 G 980317 635 191 72 944763 24 32 10 34288 302
57 C 983367 144 68 945409 32 8 22 37328 5 351
58 C 988400 216 165 945348 44 11 24 42340 3 249
59 A 992879 945596 94 520 340 46010 46 36 17 220
60 G 994770 102 148 131 947323 10 34 13 46831 178
61 A 997379 945362 63 19 226 51465 29 6 24 185
62 A 1000153 941772 105 21 216 57834 15 13 18 159
63 T 1004209 177 938795 141 11 22 64821 17 9 216
64 G 1008293 317 255 47 930900 41 41 8 76411 273
65 C 1013432 153 246 922818 1264 34 46 88343 127 401
66 C 1018495 146 1356 913820 40 37 168 102745 12 171
67 A 1022311 905492 138 558 195 115056 28 94 58 692
68 C 1026773 142 188 900867 82 38 44 125113 37 262
69 T 1031236 113 901819 525 97 33 128332 87 31 199
70 G 1035344 324 671 112 893613 90 121 47 140077 289
71 A 1039297 882122 621 77 294 155599 152 36 57 339
72 A 1041981 870420 643 152 299 169842 186 47 87 305
73 A 1044083 851904 39 22 105 191462 43 15 66 427
74 T 1046923 67 834630 126 7 52 211625 63 52 301
75 C 1050036 121 89 818464 34 116 65 230716 92 339
76 A 1052625 804910 63 24 211 246910 164 19 104 220
77 G 1049788 167 100 31 790548 94 141 62 258255 390
78 A 1048606 777898 41 20 209 269859 104 69 109 297
79 G 1043782 104 207 28 763162 93 149 110 279643 286
80 C 1040832 243 164 754203 44 179 185 285591 62 161
81 A 1036626 738909 1769 1045 113 293225 673 488 117 287
82 T 1031965 68 727277 136 49 109 303390 241 128 567
83 C 1028425 159 78 717556 59 270 197 309829 54 223
84 C 1034515 163 192 709465 27 567 202 323554 100 245
85 G 1028275 255 90 65 702911 559 247 139 323807 202
86 T 1016641 63 689475 138 7 163 326005 133 217 440
87 C 1006813 137 255 674858 77 161 237 330685 233 170
88 G 988789 295 119 35 670884 354 165 178 316538 221
89 G 972299 175 64 29 654455 173 129 49 316999 226
90 A 960695 641501 38 3 337 318208 125 40 278 165
91 A 950066 630078 57 26 283 318820 120 124 208 350
92 A 939800 615957 60 150 139 322866 135 169 128 196
93 A 926946 605369 70 150 108 320633 130 168 106 212
94 A 915597 592588 58 10 85 322101 309 53 159 234
95 T 907189 58 579121 96 2 215 326960 161 301 275
96 G 893737 162 66 21 569348 368 284 68 323282 138
97 A 880255 559135 62 10 98 320240 261 44 237 168
98 T 869655 43 541481 67 6 175 327485 102 112 184
99 T 860544 76 530697 77 9 148 328991 104 272 170
100 G 852029 138 410 17 526518 266 534 69 323924 153
101 G 839842 137 57 199 518860 277 246 255 319653 158
102 T 827741 78 519080 240 45 437 306192 267 518 884
103 G 826583 98 73 28 523416 347 171 59 302209 182
104 G 811212 70 72 18 511498 255 221 58 298831 189
105 A 798207 503639 36 6 113 293794 66 47 280 226
106 A 417227 333882 20 24 67 83026 32 12 36 128
107 T 413771 28 335846 35 6 18 77696 25 12 105
108 T 414570 20 336559 67 23 28 77718 25 9 121
109 G 415372 65 55 20 340351 38 88 24 74617 114
110 G 413103 49 38 13 343969 14 39 10 68859 112
111 A 411208 344719 41 3 140 66046 33 9 45 172
112 C 413645 61 98 347403 14 25 76 65833 13 122
113 G 416120 74 61 20 350110 38 52 17 65646 102
114 A 416486 352980 35 16 39 63236 19 10 25 126
115 T 419812 24 353996 69 5 18 65557 24 12 107
116 T 422353 24 356174 45 91 14 65845 16 41 103
117 C 424468 52 43 361055 109 36 15 63008 38 112
118 T 431119 41 366424 100 0 17 64397 39 4 97
119 A 436288 371147 54 5 57 64799 24 9 20 173
120 C 442470 36 56 376828 17 18 43 65347 14 111
121 A 448664 380099 270 30 59 67993 56 21 20 116
122 T 454007 254 385194 94 212 69 67991 28 49 116
123 C 459684 61 50 392237 14 24 20 67129 13 136
124 C 466354 95 49 396897 20 33 28 69109 12 111
125 A 472955 401305 30 14 62 71345 24 18 18 139
126 A 477563 405662 14 8 59 71601 28 7 21 163
127 A 483257 412408 30 11 58 70569 14 13 12 142
128 T 488507 28 418952 54 5 12 69282 19 12 143
129 G 491791 100 34 17 425094 21 37 11 66346 131
130 T 497578 81 430990 91 17 18 66083 42 12 244
131 G 502514 131 63 50 436972 43 34 26 65052 143
132 C 508953 107 455 439961 34 36 90 68116 13 141
133 A 515481 447591 60 16 92 67350 25 33 30 284
134 C 520206 42 75 452702 17 17 36 67151 10 156
135 C 524810 107 120 457802 19 39 108 66444 20 151
136 G 530199 155 63 35 463606 37 83 24 66047 149
137 A 536194 468743 18 3 55 67132 16 34 17 176
138 A 540857 473508 42 26 73 66865 39 37 25 242
139 C 546196 250 79 479553 57 52 25 66038 13 129
140 T 552719 73 486115 109 4 20 66223 35 5 135
141 C 558376 132 90 490808 30 41 31 67076 16 152
142 A 563242 494134 24 54 99 68681 26 25 26 173
143 A 568549 498477 65 3 122 69598 24 16 28 216
144 A 573008 500379 74 58 49 72104 33 21 28 262
145 C 578086 62 109 505087 81 28 25 72539 19 136
146 T 583572 31 508087 65 1 15 75135 35 11 192
147 C 588636 90 170 513041 68 28 33 75037 21 148
148 A 593404 517219 36 13 2060 73612 24 9 274 157
149 G 596996 50 73 381 523287 19 14 76 72946 150
150 T 602037 81 526716 111 1822 18 72592 30 258 409
151 G 606751 122 88 383 533651 15 56 64 72228 144
152 A 610982 538322 98 400 90 71769 20 75 20 188
153 T 615320 77 541579 441 10 22 72903 90 12 186
154 T 621779 257 546143 143 8 42 74975 28 9 174
155 A 627431 552571 65 10 239 74280 18 10 33 205
156 T 632284 92 557464 87 226 19 74142 25 47 182
157 G 636086 115 80 26 564463 21 69 11 71114 187
158 A 641052 569786 56 7 156 70705 118 7 36 181
159 G 643628 155 153 14 573459 34 94 9 69524 186
160 G 646473 155 351 27 577302 32 105 10 68241 250
161 G 649979 293 67 319 582093 42 40 45 66890 190
162 A 654177 586181 83 118 404 67038 40 26 70 217
163 C 658956 1970 181 587135 26 302 76 69091 27 148
164 G 663834 1924 118 18 587569 334 121 33 73535 182
165 G 665837 1897 63 21 591474 289 25 16 71862 190
166 T 670043 40 596526 136 36 20 72849 24 38 374
167 T 675524 49 598867 137 9 13 76222 22 20 185
168 G 677874 186 73 40 601545 27 75 26 75712 190
169 A 682527 605904 60 7 107 76177 11 24 51 186
170 T 686261 55 609547 112 8 44 76244 28 16 207
171 C 691521 156 295 615013 22 54 94 75638 14 235
172 C 696712 120 100 616916 31 76 39 79187 13 230
173 A 701465 620175 31 75 98 80769 31 68 23 195
174 A 703920 619638 27 6 122 83842 30 18 25 212
175 A 707277 619922 28 12 82 86933 19 24 31 226
176 A 710104 621234 46 39 86 88334 29 30 33 273
177 C 713383 70 160 623146 15 58 59 89666 26 183
178 A 715052 625377 31 15 78 89267 37 14 43 190
179 G 715781 79 86 27 628770 22 46 41 86520 190
180 C 718078 142 42 628065 23 41 39 89488 31 207
181 T 723368 153 630360 100 32 41 92408 24 20 230
182 T 727997 65 635769 201 47 47 91532 71 23 242
183 A 731688 638481 125 43 111 92638 37 18 29 206
184 A 735334 641982 82 2 120 92832 33 13 27 243
185 C 739188 68 66 644727 57 99 36 93917 21 197
186 A 744128 647173 90 950 125 95344 30 149 36 231
187 A 744402 650747 48 5 72 93206 16 12 67 229
188 T 748149 41 655077 76 3 26 92655 67 12 192
189 A 752243 658403 57 7 131 93329 96 11 33 176
190 G 753480 90 109 28 661894 22 42 23 91105 167
191 A 756057 663363 37 16 128 92235 56 10 13 199
192 G 758104 70 98 25 667784 11 39 21 89868 188
193 A 761541 667718 47 2 137 93297 62 10 27 241
194 G 762494 70 92 17 667747 19 33 16 94301 199
195 A 764259 670320 33 11 121 93469 21 22 35 227
196 A 766970 674138 59 9 122 92377 7 10 29 219
197 T 769911 74 674499 73 6 33 94977 16 5 228
198 G 769487 96 120 28 674390 34 83 26 94449 261
199 G 771277 139 52 28 672225 66 25 23 98479 240
200 T 773964 98 672175 103 17 53 100541 30 52 895
201 G 777753 161 91 25 673275 46 28 30 103909 188
202 C 781203 122 109 674443 29 53 38 106181 16 212
203 T 786284 41 674537 105 14 51 111235 29 13 259
204 C 790342 181 84 678081 42 69 31 111632 13 209
205 T 793262 59 674682 130 67 80 117954 65 25 200
206 C 794314 143 52 673307 34 51 31 120482 31 183
207 T 797186 167 671451 126 10 134 125018 52 14 214
208 G 794385 256 108 28 668812 137 57 25 124788 174
209 C 795831 116 64 666131 30 62 103 129080 41 204
210 T 800998 18 665810 261 14 52 134499 80 23 241
211 T 802592 56 664813 86 20 40 137212 35 90 240
212 T 804028 51 664847 101 11 43 138659 44 32 240
213 T 804528 68 660342 126 9 49 143619 50 47 218
214 G 800807 108 56 60 658876 142 66 38 141294 167
215 A 797538 657072 57 10 130 139902 49 46 40 232
216 C 798269 79 308 657188 33 56 193 140117 89 206
217 G 799353 199 111 34 658238 121 88 76 140300 186
218 A 800202 662265 83 127 174 137143 85 32 77 216
219 A 800762 662961 178 22 104 137054 82 18 87 256
220 A 800237 666104 34 229 171 133233 88 50 69 259
221 G 797371 114 147 21 669291 57 104 35 127396 206
222 G 796008 106 130 27 672697 96 41 21 122687 203
223 A 794451 672717 66 6 148 121162 45 10 71 226
224 G 792438 94 75 18 672872 55 35 31 119071 187
225 A 790156 672617 45 9 185 116943 29 19 64 245
226 A 786804 671238 34 25 116 115088 24 14 48 217
227 A 787169 670270 47 32 268 116226 21 29 52 224
228 T 786781 84 671687 131 12 55 114539 27 23 223
229 A 787249 669874 41 3 427 116533 36 22 98 215
230 A 786594 671388 316 46 85 114364 98 22 32 243
231 A 785301 673489 300 25 110 111010 95 33 37 202
232 T 784537 35 673085 165 19 47 110866 55 16 249
233 A 785458 677193 29 19 111 107035 49 40 43 939
234 C 784057 70 55 680095 34 47 50 103464 16 226
235 C 786359 117 48 682444 18 72 31 103392 14 223
236 T 788781 52 677951 116 15 54 110299 26 18 250
237 T 788177 70 675448 147 17 56 112149 27 22 241
238 G 787006 540 1026 100 673407 139 262 40 111304 188
239 A 787126 670133 366 1129 998 113730 104 248 188 230
240 A 786789 669464 185 1447 108 114881 94 322 54 234
241 G 785822 97 338 20 671079 52 95 15 113930 196
242 A 785777 670579 62 8 107 114703 49 14 41 214
243 A 785920 670014 56 285 124 114996 27 78 49 291
244 C 787723 172 96 670574 90 83 51 116440 35 182
245 A 791656 669309 83 175 91 121692 35 43 28 200
246 T 792080 240 667584 179 8 61 123716 41 13 238
247 C 792909 138 61 666586 32 60 53 125751 22 206
248 C 795524 148 95 666485 35 116 36 128351 17 241
249 C 800967 201 91 669160 48 111 45 131076 28 207
250 A 804263 671075 28 53 192 132602 40 31 57 185
251 G 802815 350 56 18 673885 101 33 32 128160 180
252 T 799792 69 676240 199 65 40 122598 55 169 357
253 G 796188 163 115 69 674328 157 55 28 121080 193
254 C 794401 150 221 674734 89 58 223 118623 68 235
255 G 791693 1027 350 32 674075 226 132 41 115585 225
256 G 789518 105 312 77 671038 42 186 22 117505 231
257 G 786909 122 244 59 670526 30 111 29 115507 281
258 G 784167 204 820 35 668200 85 181 47 114376 219
259 A 783964 669721 35 11 149 113677 57 14 56 244
260 A 783608 673295 54 8 124 109590 248 32 42 215
261 A 783238 674151 41 31 267 108128 101 17 292 210
262 G 779348 207 524 15 673350 78 337 28 104610 199
263 A 778122 674644 59 438 123 102231 254 100 41 232
264 T 776414 504 675891 125 5 109 99243 251 13 273
265 C 773675 210 81 673027 960 75 238 98690 169 225
266 C 775325 866 172 671147 969 205 219 101347 180 220
267 T 778994 70 671709 936 1256 99 104213 317 205 189
268 A 777087 671535 21 96 349 104694 26 42 80 244
269 A 775127 672927 289 42 301 101147 85 21 90 225
270 G 772886 144 295 46 673746 83 68 24 98211 269
271 A 772004 672472 53 29 117 99000 16 14 80 223
272 A 771203 669624 20 32 144 101047 47 19 34 236
273 A 769317 668456 37 14 238 100304 15 7 40 206
274 A 766609 667005 36 33 85 99052 25 27 33 313
275 C 766498 93 33 667342 16 45 40 98712 18 199
276 T 767411 32 666862 110 12 21 100100 31 15 228
277 G 764661 130 106 31 667191 40 96 22 96825 220
278 G 763672 94 79 17 667460 67 50 10 95682 213
279 A 765703 668501 49 5 269 96503 56 38 88 194
280 G 763722 79 96 19 668043 50 86 9 95111 229
281 G 762783 79 79 22 667482 32 66 35 94733 255
282 A 760844 665622 72 11 136 94378 63 14 55 493
283 C 759687 65 97 663684 23 30 39 95485 30 234
284 C 760098 115 55 662314 24 65 51 97249 16 209
285 T 760866 72 659510 579 15 54 100312 124 25 175
286 A 759300 658576 59 2 115 100269 33 15 32 199
287 T 757421 68 657218 78 8 23 99785 29 8 204
288 A 756526 657235 47 15 100 98914 16 16 24 159
289 T 756624 65 655525 125 8 40 100587 33 14 227
290 A 754703 653217 77 10 889 100033 38 10 150 279
291 C 752986 83 108 654576 101 48 74 97772 41 183
292 A 753201 651554 347 209 156 100504 109 43 37 242
293 G 752279 267 163 316 649884 69 109 75 101160 236
294 G 751426 108 101 480 648899 30 41 82 101469 216
295 A 751381 647149 58 19 148 103658 71 12 46 220
296 G 747510 109 113 33 644827 31 48 12 102154 183
297 A 746121 644055 55 8 92 101660 30 8 34 179
298 G 744524 205 154 32 643448 46 60 20 100400 159
299 T 745226 92 643687 218 30 128 99747 75 90 1159
300 A 745866 643806 42 118 122 101474 28 33 39 204
301 A 746736 643416 20 236 353 102339 17 47 86 222
302 A 747151 643132 55 101 442 103015 22 38 117 229
303 C 747364 75 464 643178 27 66 156 103167 36 195
304 G 747661 203 291 44 642415 52 112 29 104271 244
305 G 746207 99 196 191 642568 36 46 52 102848 171
306 A 746181 642390 215 32 143 103043 56 17 43 242
307 A 748318 643504 38 30 120 104299 30 10 27 260
308 A 747206 642521 38 18 223 104111 19 10 48 218
309 G 747093 88 67 195 641884 34 37 43 104570 175
310 T 748143 55 642072 68 10 80 105000 40 122 696
311 G 746737 111 80 24 639674 32 101 19 106455 241
312 G 743727 51 72 29 637703 1651 35 22 103973 191
313 A 743722 638495 69 8 129 103363 23 15 1405 215
314 T 742845 66 640209 76 13 27 102128 29 19 278
315 G 742128 135 175 22 642539 53 1113 10 97912 169
316 A 741837 641473 80 6 162 98874 107 910 33 192
317 G 738017 62 92 62 637366 807 33 15 99413 167
318 A 739000 636891 55 14 147 101557 67 9 39 221
319 G 735682 123 77 36 637381 547 45 8 97291 174
320 A 735306 635572 51 2 93 98869 428 16 32 243
321 A 732554 634625 58 17 118 97018 343 12 42 321
322 C 729336 217 110 635050 30 54 29 93430 224 192
323 T 730398 69 632985 110 163 48 96663 95 43 222
324 C 730662 150 236 631823 58 51 61 98061 27 195
325 A 730979 631848 40 9 139 98654 16 18 33 222
326 T 730989 80 630362 153 4 31 100082 39 18 220
327 C 731301 99 48 627051 22 60 25 103730 29 237
328 C 733183 144 32 625213 19 114 14 107399 24 224
329 T 734290 24 624935 95 17 101 108856 44 21 197
330 T 733086 36 622031 83 3 56 110587 56 13 221
331 T 729712 11 620123 115 8 31 109165 29 12 218
332 A 725411 617229 48 11 92 107701 66 15 39 210
333 T 723119 82 616797 95 6 56 105822 37 26 198
334 G 719652 162 66 37 614333 67 80 43 104727 137
335 A 717901 612794 97 59 152 104400 35 48 50 266
336 C 717913 60 173 609864 37 76 55 107408 47 193
337 A 720598 608185 30 19 85 111968 54 20 52 185
338 A 718483 606343 24 10 95 111713 41 12 30 215
339 A 719372 605016 24 9 211 113742 78 10 65 217
340 G 719013 134 69 41 606240 85 38 27 112215 164
341 A 719308 606827 35 42 99 111981 23 17 66 218
342 A 719667 607234 41 36 121 111885 51 32 49 218
343 G 716372 71 52 17 609421 72 52 19 106490 178
344 A 715356 605949 32 1 115 108938 35 11 58 217
345 A 713104 602570 30 9 100 110094 27 14 36 224
346 A 711873 601925 59 21 68 109526 28 18 49 179
347 T 711138 47 597065 72 27 56 113598 31 30 212
348 A 716075 598561 42 5 130 117068 33 19 51 166
349 A 717832 596784 2271 252 315 117360 495 62 84 209
350 G 715686 121 376 2544 598397 89 112 475 113399 173
351 G 712573 351 2087 444 597746 78 409 104 111176 178
352 C 712455 143 111 600468 32 67 98 111256 87 193
353 G 712185 135 144 54 598425 103 51 26 113065 182
354 A 712224 598240 75 706 88 112651 96 125 35 208
355 A 711333 595404 22 19 95 115464 30 15 78 206
356 T 711673 46 594798 77 5 52 116435 31 16 213
357 C 711186 95 66 595401 9 65 33 115296 50 171
358 T 714869 66 595699 113 15 91 118625 35 20 205
359 G 711911 160 70 20 595597 51 63 23 115733 194
360 G 706955 117 74 15 593896 42 36 33 112549 193
361 C 708643 141 724 594273 29 69 186 113003 23 195
362 G 707418 162 86 26 595978 74 43 20 110846 183
363 C 705983 96 58 597824 23 33 42 107695 23 189
364 C 709663 160 74 598575 15 59 38 110535 20 187
365 A 711433 594389 33 27 171 116493 40 27 48 205
366 A 709905 590847 61 12 133 118546 35 19 41 211
367 G 707386 109 159 13 593869 35 56 12 112977 156
368 C 704333 192 113 596393 90 88 35 107227 39 156
369 T 703945 125 598519 216 98 34 104690 54 28 181
370 A 703825 596969 13 24 99 106428 28 26 32 206
371 A 705986 597730 55 15 60 107843 23 18 29 213
372 T 707466 81 599933 197 2 39 106969 47 18 180
373 A 708491 601077 692 40 316 105893 167 22 92 192
374 A 708705 599867 401 592 347 107002 77 138 90 191
375 T 709587 181 597999 639 473 55 109791 136 118 195
376 G 709806 175 94 213 597462 51 86 48 111466 211
377 G 707691 193 283 104 597628 83 78 44 109105 173
378 T 707947 182 598969 168 211 79 107543 67 111 617
379 G 708362 271 1498 50 598779 80 306 29 107165 184
380 A 708229 600981 245 13 180 106452 57 19 46 236
381 C 708444 166 2889 598690 99 77 592 105706 36 189
382 G 711354 263 173 120 602034 98 96 51 108374 145
383 A 710284 604196 95 103 217 105376 38 25 56 178
384 T 710717 101 603044 204 61 40 107008 57 27 175
385 G 708708 649 69 69 602173 122 58 26 105378 164
386 C 709219 120 1444 602175 73 76 257 104881 34 159
387 A 710089 605568 44 47 183 103904 33 24 52 234
388 A 710388 608033 43 211 163 101550 21 72 44 251
389 C 711051 114 230 609261 26 80 130 101002 21 187
390 G 711440 381 166 148 608160 108 61 47 102159 210
391 G 713420 178 484 73 610305 57 89 22 102031 181
392 C 713565 165 87 607140 954 45 38 104854 138 144
393 T 715942 106 608372 147 4 59 107032 35 15 172
394 G 712995 124 120 13 607299 45 46 25 105139 184
395 G 709050 95 36 33 605898 31 26 21 102740 170
396 T 708354 62 601461 182 8 70 100726 58 1296 4491
397 C 709068 602 76 605361 217 137 27 102368 56 224
398 T 710757 504 604596 193 27 130 104968 47 17 275
399 G 707415 406 78 158 605019 77 63 53 101275 286
400 A 708088 599313 8247 15 129 98304 1439 27 99 515
401 C 710075 70 104 600039 8201 59 29 99868 1407 298
402 T 713108 135 608173 362 47 51 103828 118 28 366
403 C 715305 227 89 608252 239 80 60 106070 63 225
404 A 716390 610040 80 234 200 105090 37 148 60 501
405 C 718144 115 211 613779 234 66 83 103340 66 250
406 A 721482 614655 58 32 832 105439 18 41 168 239
407 T 723531 78 617412 226 23 61 105363 60 25 283
408 G 722301 121 122 849 622418 55 116 180 98155 285
409 A 722376 625610 77 9 121 96153 29 14 54 309
410 T 722749 66 624041 116 7 111 97922 37 17 432
411 G 722019 144 106 33 624823 61 94 14 96470 274
412 A 723366 626814 71 8 96 95952 27 17 43 338
413 T 723136 54 629330 93 9 72 93081 27 15 455
414 C 723520 121 245 627484 18 71 71 95175 37 298
415 T 726353 52 628363 173 15 70 97347 62 27 244
416 G 722708 125 94 25 628562 63 132 18 93300 389
417 G 719812 108 88 29 630353 22 47 21 88949 195
418 C 719973 234 245 630204 81 66 63 88674 63 343
419 A 721138 630739 186 34 193 89552 55 29 57 293
420 T 721667 121 631280 155 91 41 89615 48 25 291
421 T 721534 32 632449 126 248 26 88340 37 64 212
422 C 721168 136 96 633300 38 70 71 87036 20 401
423 C 721069 137 99 631248 28 86 22 89225 23 201
424 A 722493 630410 26 14 162 91454 21 47 49 310
425 A 721010 630608 29 7 144 89893 22 15 45 247
426 T 719600 119 631455 73 12 53 87573 32 11 272
427 T 721709 30 632125 188 24 25 89025 59 13 220
428 T 722533 39 631464 96 12 41 90608 27 20 226
429 G 720731 131 191 33 630723 43 187 33 88952 438
430 A 721930 631755 343 12 368 88886 78 24 96 368
431 A 721142 630575 291 25 351 89572 61 14 65 188
432 T 720765 551 627900 103 6 122 91725 44 19 295
433 G 718825 76 82 14 628886 45 118 8 89338 258
434 A 718147 629535 67 9 122 88071 20 13 57 253
435 T 716979 60 627911 112 16 43 88542 24 17 254
436 G 716351 1017 87 26 625098 228 61 14 89556 264
437 C 716240 96 151 624403 62 83 39 91099 59 248
438 A 718771 624773 295 12 148 93043 73 75 37 315
439 A 717796 624764 31 10 104 92427 64 26 39 331
440 C 717472 106 43 623834 16 91 77 92944 27 334
441 T 717876 181 622082 68 6 61 95103 30 40 305
442 T 716198 22 619783 107 3 24 95929 107 16 207
443 A 716591 620728 23 4 96 95292 67 55 31 295
444 T 718253 62 620382 223 5 31 97212 42 58 238
445 C 718736 87 81 620030 23 63 57 98065 90 240
446 A 723877 620868 67 8 166 102298 144 13 57 256
447 G 723995 103 113 21 622509 91 85 26 100744 303
448 A 725154 618074 28 18 147 106459 45 113 57 213
449 G 722845 115 92 19 616290 62 97 14 105916 240
450 G 719109 114 49 19 614966 135 40 10 103584 192
451 A 717120 612179 244 17 148 103665 64 15 127 661
452 C 716780 60 97 613414 29 80 37 102781 37 245
453 A 718709 614297 51 173 134 103665 58 33 39 259
454 A 715638 613910 37 18 119 101214 57 25 35 223
455 G 716090 100 48 16 613331 704 47 25 100390 1429
456 A 715212 616818 24 5 129 97917 22 26 43 228
457 G 712529 228 589 24 618943 60 143 15 92304 223
458 C 714231 152 59 618068 36 48 22 95589 24 233
459 T 717845 73 618606 95 508 30 98032 67 123 311
460 C 718135 117 43 620426 28 63 48 97074 35 301
461 T 718954 39 622509 82 6 76 95958 39 12 233
462 T 722411 61 621074 118 6 47 100763 88 33 221
463 G 722293 120 45 15 619634 54 168 22 101878 357
464 T 721926 60 616963 132 41 28 104144 41 139 378
465 T 723811 238 615323 94 5 167 107621 134 12 217
466 C 723180 131 198 615010 28 105 129 107255 26 298
467 G 726013 226 87 48 617278 145 148 48 107782 251
468 C 727150 281 118 622752 24 158 46 103550 18 203
469 A 729473 622303 75 23 521 105365 133 121 151 781
470 C 731001 60 503 620986 50 97 157 108783 157 208
471 C 734702 192 594 619775 30 215 234 113438 35 189
472 G 739231 200 701 37 618420 113 310 59 119127 264
473 G 737855 92 96 631 619803 194 72 166 116590 211
474 A 738642 619425 56 719 135 117544 51 264 82 366
475 A 738048 620050 65 33 129 117301 24 15 205 226
476 T 740440 33 620459 89 7 247 119224 44 82 255
477 G 739351 204 127 32 620538 276 152 58 117709 255
478 G 738704 101 63 15 624301 36 34 277 113668 209
479 A 741041 626534 28 9 147 113886 17 46 74 300
480 T 744303 67 629307 139 25 77 114240 58 49 341
481 C 745529 194 82 629247 73 83 48 115471 63 268
482 C 749886 172 125 633483 42 128 48 115606 41 241
483 C 752378 2399 102 631246 82 533 58 117672 45 241
484 A 757628 636278 44 18 166 120641 60 44 65 312
485 G 758251 110 95 14 638125 62 114 23 119482 226
486 G 758396 80 110 21 641196 55 52 16 116644 222
487 A 758649 643324 357 24 193 114204 88 28 110 321
488 T 760777 35 644828 107 10 50 115384 36 36 291
489 G 760570 182 312 110 645526 62 94 53 114010 221
490 T 762070 68 645015 99 86 62 115816 37 170 717
491 G 763034 202 109 35 646761 68 61 29 115565 204
492 C 765084 129 79 645964 84 47 45 118469 51 216
493 T 771224 77 646173 152 38 46 124343 72 47 276
494 C 775174 201 61 646986 46 128 36 127444 23 249
495 T 778098 38 650144 125 15 79 127395 50 21 231
496 C 779905 169 362 649990 30 84 93 128973 23 181
497 T 783270 109 651907 431 6 109 130321 127 23 237
498 G 779976 430 116 27 655669 118 94 20 123311 191
499 A 780558 658849 76 5 110 121154 26 17 61 260
500 T 783244 59 661022 124 6 48 121688 54 17 226
501 G 784688 225 94 29 659429 84 71 28 124500 228
502 C 785464 658 89 660982 36 210 42 123186 46 215
503 A 787208 662126 51 21 686 123787 69 27 187 254
504 A 786069 663732 51 552 221 121011 59 129 58 256
505 G 784251 79 445 9 664003 44 135 28 119284 224
506 G 784915 95 40 26 664999 53 40 40 119415 207
507 T 785018 55 665060 622 8 42 117336 170 479 1246
508 T 783177 57 668708 110 14 36 113926 62 11 253
509 C 784193 128 115 670448 34 51 85 113087 23 222
510 A 788479 671001 52 12 360 116673 26 29 86 240
511 A 787112 670930 86 9 147 115310 69 38 66 457
512 C 787802 197 61 674408 11 88 20 112819 34 164
513 T 790551 61 672525 179 8 36 117220 103 34 385
514 C 789892 201 76 672122 19 81 39 117152 20 182
515 T 791210 49 670880 193 8 76 119543 79 21 361
516 C 791932 130 204 670971 176 45 70 120066 53 217
517 C 795125 142 250 670731 54 121 69 123472 31 255
518 C 797916 226 57 674300 31 149 23 122879 17 234
519 T 800582 54 674319 89 216 108 125449 53 45 249
520 A 800599 671176 38 27 122 128912 66 28 37 193
521 G 798551 70 108 28 670794 37 93 29 127200 192
522 G 798778 96 71 28 673605 37 45 25 124656 215
523 A 797793 672165 52 68 148 124947 41 22 84 266
524 G 798778 135 1481 19 671247 53 283 27 125295 238
525 G 797354 228 36 23 675276 64 27 27 121477 196
526 T 798833 78 673308 111 50 85 123376 50 558 1217
527 C 800381 138 74 675488 131 73 40 124212 44 181
528 T 803868 50 680138 428 31 96 122751 114 27 233
529 G 802936 148 52 38 682844 120 85 24 119409 216
530 G 803373 135 61 28 686280 41 31 15 116554 228
531 A 804199 688878 29 664 227 113896 22 113 91 279
532 G 802283 250 159 22 690726 68 46 17 110803 192
533 C 804043 209 118 693691 138 64 48 109474 62 239
534 C 807674 534 774 697916 16 118 152 107879 30 255
535 G 810636 325 142 95 702041 158 85 103 107360 327
536 C 813147 136 85 699728 35 37 95 112786 24 221
537 A 816910 699969 84 42 441 115905 82 63 73 251
538 G 815282 72 123 24 701761 27 101 24 112910 240
539 G 814103 147 45 17 701064 35 76 27 112463 229
540 T 815097 65 699039 172 11 46 114559 58 148 999
541 G 815650 592 193 24 698625 138 183 25 115668 202
542 C 817423 144 116 699867 493 48 206 116226 110 213
543 T 820004 60 704314 264 126 35 114642 296 41 226
544 G 822707 256 472 56 703705 84 117 33 117758 226
545 C 825852 151 236 703731 435 63 72 120882 99 183
546 A 828294 705881 80 411 195 121295 48 103 41 240
547 G 828303 213 71 79 706732 53 39 31 120909 176
548 T 829766 60 708283 153 59 90 120746 40 46 289
549 C 831929 122 113 712668 101 65 58 118562 29 211
550 A 833521 715646 72 15 193 117161 53 71 41 269
551 A 836132 721259 82 9 95 114273 83 20 43 268
552 A 836935 726213 70 43 332 109837 50 72 79 239
553 G 838951 85 110 18 724511 30 162 70 113753 212
554 G 838839 86 84 16 724903 45 170 31 113294 210
555 A 840902 727213 75 11 208 112895 33 26 151 290
556 G 839668 114 145 24 728162 51 46 17 110935 174
557 T 839676 56 729833 103 11 101 108944 44 79 505
558 T 844010 443 735479 146 28 132 107378 48 56 300
559 G 844231 152 123 38 737084 70 144 33 106367 220
560 G 843897 144 88 28 739927 59 43 35 103361 212
561 A 846296 741588 57 3 249 103998 37 20 47 297
562 A 847658 740452 76 15 173 106458 44 49 45 346
563 C 849564 89 99 743550 33 54 59 105447 16 217
564 A 850135 744454 61 1170 120 103802 43 163 49 273
565 A 850305 747839 63 49 113 101816 68 16 39 302
566 T 853680 102 751274 82 15 39 101884 24 50 210
567 G 852832 179 364 31 753655 74 94 35 98188 212
568 G 851286 170 56 17 753699 77 39 21 96955 252
569 T 851719 86 751641 114 21 51 98064 54 149 1539
570 G 851353 111 131 56 754609 64 62 44 96074 202
571 A 851013 753201 124 521 140 96560 31 99 43 294
572 T 851244 197 753912 147 13 39 96626 46 18 246
573 G 852972 161 131 57 755390 76 56 21 96854 226
574 G 852433 105 86 29 753429 56 32 26 98408 262
575 A 852365 751176 58 5 190 100499 35 13 54 335
576 A 852102 754595 51 25 179 96910 31 14 44 253
577 T 851829 47 757587 95 17 22 93740 25 13 283
578 T 853180 48 758498 104 12 25 94171 28 12 282
579 G 852999 155 144 31 759157 47 58 27 93099 281
580 G 852151 290 58 50 759507 62 52 25 91880 227
581 T 852641 105 758227 265 18 30 93450 58 52 436
582 C 855581 173 153 755563 112 98 57 99176 34 215
583 A 858319 754958 97 15 235 102609 69 36 55 245
584 G 859022 129 168 26 756740 62 90 23 101586 198
585 A 857930 754652 95 12 126 102682 45 15 43 260
586 A 858814 754981 51 13 155 103249 28 48 26 263
587 T 857589 66 754079 103 12 20 103037 26 12 234
588 G 854995 135 125 26 753567 40 91 39 100730 242
589 A 853812 753865 73 28 144 99398 7 30 30 237
590 T 853840 99 752032 126 7 26 101248 27 10 265
591 C 854281 115 97 749629 24 105 42 104012 23 234
592 A 857188 750276 24 13 102 106449 16 17 34 257
593 A 857441 749319 18 11 135 107629 7 9 48 265
594 A 855546 746890 32 56 128 108016 32 14 37 341
595 C 855431 124 149 743795 75 63 59 110903 37 226
596 G 853589 289 67 14 744919 63 42 38 107953 204
597 T 854708 133 744993 104 67 33 108762 59 57 500
598 G 853499 179 223 33 746450 83 136 16 106133 246
599 G 852535 169 138 23 744137 33 112 30 107595 298
600 G 851825 156 128 44 742082 42 44 45 109041 243
601 A 851896 742329 190 153 159 108688 37 36 66 238
602 T 850449 161 741265 144 15 38 108468 54 44 260
603 C 846717 150 141 736076 117 108 77 109772 32 244
604 A 844503 734963 46 10 570 108461 31 68 99 255
605 A 843387 732889 34 406 153 109429 91 88 42 255
606 T 843795 71 732038 135 7 28 111186 31 89 210
607 G 844452 142 112 15 733728 49 136 63 110027 180
608 A 842413 733979 82 26 114 107827 46 60 37 242
609 T 839509 80 731385 147 8 20 107501 109 24 235
610 C 839508 5971 163 724391 33 971 133 107604 46 196
611 G 840201 222 124 26 728226 147 113 37 111069 237
612 G 836802 168 88 26 727358 49 54 31 108811 217
613 A 836198 723931 70 5 128 111654 26 27 49 308
614 A 835746 718371 26 38 146 116687 20 37 53 368
615 C 834052 158 51 711892 14 65 28 121605 44 195
616 T 833694 34 710096 136 14 42 123062 32 29 249
617 T 828920 50 706003 128 2 36 122425 30 17 229
618 C 825662 151 52 705054 37 59 39 120077 16 177
619 T 825035 93 698598 154 10 59 125842 35 19 225
620 G 821897 120 87 36 695765 44 79 20 125526 220
621 G 816997 110 99 23 692057 55 51 21 124374 207
622 A 812929 687539 46 24 159 124644 91 18 79 329
623 G 811696 129 170 20 684823 51 94 26 126179 204
624 G 809651 125 260 33 681665 66 106 19 127128 249
625 G 808031 110 127 25 683701 41 57 30 123713 227
626 G 803761 130 45 24 682260 60 33 23 120981 205
627 T 804632 87 676828 472 111 102 124247 177 399 2209
628 G 804878 130 89 21 679431 57 51 59 124864 176
629 A 803468 677053 79 11 158 125674 94 20 119 260
630 G 798644 195 104 34 676835 76 62 15 121144 179
631 A 797401 676094 66 16 127 120717 43 25 51 262
632 A 795195 674465 68 42 119 120127 47 22 38 267
633 T 794314 65 673850 112 51 46 119908 25 45 212
634 G 790411 172 116 23 674839 54 144 28 114789 246
635 G 789146 122 77 39 673509 63 38 14 115093 191
636 A 787664 672623 68 9 437 114077 28 38 120 264
637 C 788021 116 227 672399 30 80 93 114762 44 270
638 G 787016 196 95 28 668627 93 68 42 117663 204
639 A 785940 666980 40 5 198 118356 27 14 72 248
640 A 786298 664730 50 11 156 120988 37 16 49 261
641 A 783460 660380 83 19 107 122530 51 22 36 232
642 A 781175 660157 57 17 128 120480 41 27 39 229
643 A 777055 654262 94 181 3224 118277 44 57 654 262
644 C 776499 55 75 658676 44 97 45 117260 55 192
645 A 776522 651553 3131 34 242 120628 593 46 72 223
646 A 775909 653368 47 10 107 122048 41 15 56 217
647 G 772356 107 61 16 650859 60 52 27 121006 168
648 A 772951 650594 41 4 135 121805 47 28 47 250
649 A 771096 648126 37 27 366 122171 25 18 103 223
650 T 770201 63 647090 105 304 58 122170 31 79 301
651 T 770395 113 646578 408 10 43 122872 104 21 246
652 G 769312 102 91 26 647465 43 104 25 121259 197
653 C 766079 87 66 645326 31 38 63 120241 54 173
654 T 768530 41 647055 102 9 46 120948 76 22 231
655 T 771472 17 650617 98 12 63 120335 60 19 251
656 A 771747 651333 39 10 82 119970 44 53 48 168
657 T 773851 75 651371 121 10 49 121931 35 43 216
658 G 774880 134 77 24 653864 108 97 25 120372 179
659 A 776175 654000 57 7 127 121618 67 17 53 229
660 A 775698 655560 31 13 147 119553 31 23 91 249
661 A 779845 656231 28 21 152 123019 59 14 111 210
662 G 779211 74 59 17 656421 61 54 28 122268 229
663 A 776505 652254 43 8 226 123584 28 14 124 224
664 A 774441 648901 29 15 171 124979 25 17 89 215
665 T 771907 61 645286 61 12 53 126175 25 25 209
666 G 770778 174 48 11 644937 93 66 23 125240 186
667 T 769312 150 643577 155 13 73 124830 40 63 411
668 G 767257 127 97 17 642878 42 89 26 123744 237
669 C 765410 77 174 641930 40 56 74 122782 37 240
670 A 766189 640669 73 11 103 124990 43 27 40 233
671 A 767793 640146 58 10 105 127063 40 15 45 311
672 C 767665 45 99 641024 18 66 40 126111 51 211
673 A 768927 639584 42 7 95 128910 26 34 32 197
674 T 770870 32 643373 153 15 25 126953 65 24 230
675 T 772767 50 644996 114 6 35 127276 53 20 217
676 C 771411 69 54 645479 25 88 41 125437 21 197
677 T 770484 77 642650 131 5 79 127201 59 28 254
678 C 770828 98 99 642533 21 88 64 127632 78 215
679 A 773198 642335 36 14 109 130379 38 24 51 212
680 A 771762 641485 44 12 96 129726 55 30 39 275
681 A 768223 639603 43 10 191 127981 71 16 80 228
682 G 769599 304 258 13 639705 122 146 26 128837 188
683 G 767753 109 203 178 638268 64 93 70 128505 263
684 G 762278 124 214 37 638807 69 66 26 122700 235
685 A 757390 639793 50 5 149 117020 26 25 67 255
686 A 754919 637665 30 14 101 116754 22 26 50 257
687 A 751131 638270 51 13 89 112410 31 19 37 211
688 T 751995 51 639738 117 11 41 111719 37 32 249
689 T 751800 31 641204 94 15 25 110123 50 21 237
690 T 749773 68 640681 114 14 26 108592 34 20 224
691 C 749336 102 116 641234 29 66 63 107484 39 203
692 A 748450 636651 36 16 6070 104439 48 22 931 237
693 A 746689 643236 63 369 101 102581 38 64 30 207
694 A 744773 643669 30 27 107 100530 35 34 46 295
695 C 744654 106 51 643915 17 53 44 100294 21 153
696 T 745532 42 643408 119 23 41 101600 46 24 229
697 G 745781 99 100 25 642300 57 73 29 102890 208
698 C 743683 103 77 640500 21 39 49 102709 30 155
699 T 743071 64 640639 145 23 35 101840 61 38 226
700 G 742894 222 88 46 640202 82 58 50 101944 202
701 C 741843 94 100 639957 237 41 51 101088 70 205
702 A 740720 639055 82 205 209 100631 29 93 63 353
703 C 738708 59 98 639659 22 124 27 98408 20 291
704 A 740297 639674 31 7 94 100152 28 51 27 233
705 A 737003 637735 40 21 101 98807 21 44 24 210
706 A 735514 638234 16 25 86 96854 22 28 27 222
707 A 733997 639015 29 15 181 94460 23 20 48 206
708 A 729222 637380 23 31 304 91103 30 38 72 241
709 G 726248 109 86 24 636326 69 27 29 89384 194
710 C 724653 78 112 637479 26 127 45 86465 28 293
711 A 721439 636216 31 14 130 84728 31 23 22 244
712 A 717558 633329 41 52 106 83635 23 28 131 213
713 T 713435 75 630094 99 8 36 82865 21 58 179
714 G 710363 166 80 21 628989 90 134 7 80712 164
715 A 706281 625116 59 5 149 80600 113 12 30 197
716 T 703011 68 623378 167 15 17 78942 26 167 231
717 G 701081 188 163 23 620098 125 63 20 80185 216
718 G 697856 114 81 31 618446 153 29 14 78720 268
719 A 692713 612969 59 10 114 79285 24 16 24 212
720 T 689253 71 597451 13794 10 25 75830 1794 9 269
721 C 685451 109 77 607799 25 104 40 77003 14 280
722 A 682484 607801 58 17 150 74149 55 4 28 222
723 A 677013 602775 24 7 129 73763 35 12 46 222
724 G 672768 113 48 32 599514 27 23 19 72846 146
725 T 669054 84 596424 81 9 59 71761 32 48 556
726 G 665110 144 132 33 594428 33 32 15 70128 165
727 A 660667 592088 70 129 179 67907 44 27 27 196
728 G 654450 103 80 66 589914 35 36 13 63996 207
729 A 650601 587250 56 98 215 62695 24 15 38 210
730 G 646546 73 49 45 583029 30 20 11 63091 198
731 A 642223 579250 55 9 147 62502 23 15 36 186
732 G 635450 147 62 19 573280 34 16 12 61677 203
733 A 629634 567919 16 29 142 61197 18 33 52 228
734 G 623778 89 120 31 563704 17 24 39 59478 276
735 C 620261 92 255 560348 29 87 41 59194 33 182
736 C 615747 220 165 554735 32 39 50 59950 129 427
737 G 612434 244 173 37 551412 155 79 54 60042 238
738 G 607516 264 88 15 548603 65 20 33 58237 191
739 A 603367 538592 89 7498 151 55944 14 853 43 183
740 A 598304 532591 7558 73 103 54460 831 862 36 1790
741 C 592937 234 446 528438 7350 34 61 55464 712 198
742 C 586957 81 43 530666 16 33 22 55858 16 222
743 C 582014 128 70 524829 12 53 14 56676 14 218
744 A 578419 518792 64 22 123 59118 22 31 54 193
745 G 572330 84 171 30 512924 21 57 10 58895 138
746 G 566644 77 113 14 507317 24 25 31 58866 177
747 G 560637 161 719 29 501903 58 90 24 57436 217
748 A 556607 497923 43 3 142 58245 15 5 35 196
749 A 553389 492192 28 1200 127 59440 24 140 41 197
750 T 550121 95 489950 99 12 34 59724 18 15 174
751 G 544920 169 85 22 485695 52 20 17 58687 173
752 C 540175 111 121 483786 25 29 26 55907 20 150
753 T 535584 25 479532 111 44 9 55676 19 20 148
754 G 533135 94 64 60 476157 43 19 17 56536 145
755 A 527848 471279 26 35 64 56270 11 11 24 128
756 G 521838 70 29 32 467578 17 53 9 53755 295
757 T 516806 40 464562 69 5 25 51653 15 27 410
758 T 511434 30 459129 97 8 8 51930 21 14 197
759 C 505331 98 127 453196 22 46 24 51663 13 142
760 G 499316 102 62 12 446662 117 20 6 52172 163
761 A 493532 441969 33 7 88 51230 12 6 15 172
762 A 489505 436080 28 8 74 53117 10 9 18 161
763 G 483412 63 53 9 428103 28 7 6 55012 131
764 A 477843 422462 34 6 53 55104 18 11 12 143
765 T 473115 34 417843 74 4 4 54978 27 11 140
766 C 467635 60 79 411664 25 20 20 55618 9 140
767 T 464706 34 405015 92 10 45 59329 26 13 142
768 C 459957 97 44 398852 94 62 12 60638 30 128
769 A 453740 392164 35 8 61 60559 54 101 22 736
770 C 449220 73 70 385933 41 23 215 61242 30 1593
771 T 445542 44 382190 71 3 35 63017 39 8 135
772 T 441300 20 374612 63 5 43 66404 13 15 125
773 T 436741 18 368542 61 6 11 67921 18 15 149
774 T 431927 31 365382 40 3 23 66252 25 10 161
775 C 427550 34 30 361425 8 30 34 65877 15 97
776 T 423603 26 358494 50 9 55 64810 36 13 110
777 A 416677 352879 10 127 632 62731 5 54 128 111
778 G 409551 745 86 20 348845 140 33 18 59553 111
779 C 402863 92 65 342150 681 64 19 59551 144 97
780 A 399199 337529 35 655 67 60111 9 191 39 563
781 C 393739 52 63 333044 5 36 16 60314 39 170
782 G 387288 76 46 4 328408 30 21 7 58578 118
783 G 380504 79 15 11 322183 34 23 9 57989 161
784 T 375553 26 315751 50 11 24 59414 24 21 232
785 C 369846 72 33 310735 22 26 17 58843 13 85
786 T 364030 24 305443 176 15 43 58159 36 11 123
787 G 355996 95 42 19 298784 88 5 17 56846 100
788 C 349185 52 64 293420 19 35 26 55486 8 75
789 A 342956 283592 30 8 62 57857 21 139 10 1237
790 C 336791 51 40 277967 4 20 30 58565 17 97
791 T 332610 17 270698 68 1 28 61675 17 13 93
792 C 327415 61 97 262303 40 116 40 64464 25 269
793 A 322794 253736 14 54 156 68621 11 27 59 116
794 T 315762 16 247487 61 2 11 68059 23 14 89
795 A 309602 240594 75 66 96 68145 127 18 49 432
796 T 303824 45 230681 65 106 22 72726 22 67 90
797 T 300144 42 225327 76 6 41 74291 35 132 194
798 G 294906 72 136 25 221687 35 59 23 72816 53
799 A 290348 218893 25 2 52 71142 25 10 73 126
800 G 285829 34 19 3 215857 26 22 5 69805 58
801 A 280450 208890 9 3 69 69420 22 9 825 1203
802 G 274186 53 36 29 205880 31 33 11 68041 72
803 G 268391 42 105 11 200395 52 64 27 67642 53
804 G 261010 76 28 7 194434 43 30 18 66289 85
805 T 255406 23 188860 28 21 49 66040 39 104 242
806 C 249365 47 48 182658 20 70 54 65191 524 753
807 G 242060 104 52 15 178157 143 56 25 63447 61
808 G 235764 643 61 26 173899 299 261 27 60164 384
809 T 230004 17 165521 545 14 45 63417 270 43 132
810 T 224968 685 158599 48 357 268 64683 40 194 94
811 G 216773 176 43 10 155355 114 45 274 60436 320
812 C 213100 61 40 153405 1486 36 25 57294 705 48
813 T 209878 17 143943 46 1309 41 62917 464 675 466
814 C 207416 47 16 139904 3 94 26 67231 22 73
815 A 204556 137083 23 2 19 67164 20 71 37 137
816 C 200880 18 22 135986 7 653 42 63563 13 576
817 A 198364 128452 8 2 29 69749 43 12 31 38
818 A 195004 123185 2 2 18 71162 27 47 238 323
819 G 190796 374 9 1 120892 276 106 29 69002 107
820 T 186364 79 118946 20 20 79 64105 1895 58 1162
821 C 182864 29 10 115956 75 55 49 66581 65 44
822 C 179935 149 977 111680 9 141 551 66331 25 72
823 T 176720 13 108553 16 13 69 67575 38 243 200
824 G 171560 27 28 301 105299 51 81 694 64727 352
825 C 168186 47 59 103431 299 28 53 64097 151 21
826 C 166713 42 51 100805 14 37 93 65544 36 91
827 T 167153 19 98585 15 32 53 67870 57 270 252
828 G 161517 217 18 32 96134 196 31 755 63841 293
829 C 158603 71 20 95127 13 38 34 63260 15 25
830 C 158532 46 21 91829 7 29 86 66402 25 87
831 T 160671 11 89509 10 8 52 70852 37 100 92
832 G 157946 58 25 8 87802 70 29 159 69660 135
833 C 156429 45 108 86339 7 41 373 69475 21 20
834 C 157994 41 11 83364 85 64 1192 71614 458 1165
835 T 159982 64 81169 52 61 125 78213 51 179 68
836 G 158655 14 138 5 78408 52 256 21 79692 69
837 T 158323 10 78668 27 70 24 79156 44 207 117
838 G 157776 95 35 5 80214 190 119 19 76987 112
839 T 157915 7 79803 83 30 33 77733 88 77 61
840 G 158073 121 18 25 82554 229 303 13 74528 282
841 T 157544 3 86332 26 24 54 70907 31 127 40
842 A 157201 89103 24 15 25 67601 110 13 89 221
843 T 158224 24 90417 50 14 31 63561 100 1861 2166
844 G 161054 41 342 9 96894 57 129 72 63493 17
845 G 163199 52 7 470 100929 91 94 348 60834 374
846 A 164971 79050 33 519 251 42777 84 16076 167 26014
847 C 168346 218 4048 105834 119 66 716 57297 21 27
848 C 174560 293 240 112205 2729 78 63 58517 402 33
849 T 181042 268 118962 238 500 84 60801 94 77 18
850 G 184415 2525 270 144 121544 425 86 38 59342 41
851 C 185379 105 255 125038 131 40 82 59668 27 33
852 C 192427 321 278 126508 2359 99 108 62328 373 53
853 G 198125 236 702 39 130941 185 164 32 65801 25
854 T 203718 61 135542 55 101 20 67805 67 34 33
855 A 210775 137950 79 217 370 71910 61 64 87 37
856 G 220134 14 11 3 144004 41 48 61 75929 23
857 C 228128 38 35 147322 15 26 57 80585 22 28
858 C 235781 15 59 152015 24 568 62 82966 26 46
859 A 240944 154202 26 141 29 85522 36 184 765 39
860 G 246524 93 11 4 159411 190 784 22 85985 24
861 T 251652 134 164302 23 29 79 86093 17 930 45
862 G 257028 35 70 4 170484 39 281 15 86058 42
863 G 260663 29 44 30 178982 28 55 37 81421 37
864 G 265116 42 27 11 187875 29 39 20 77028 45
865 T 273864 89 166009 108 29597 58 65433 50 12463 57
866 A 281163 172112 30823 122 82 65293 12507 83 41 100
867 C 289582 74 32338 180336 178 47 12223 64254 95 37
868 G 299406 79 61 11 220820 29 80 50 78229 47
869 A 307410 229464 54 5 49 77607 51 34 33 113
870 C 314806 31 23 238311 58 33 24 76199 63 64
871 T 321734 14 243458 49 135 18 77915 38 43 64
872 T 325911 22 250702 55 134 16 74847 44 34 57
873 T 333372 153 260036 286 9 37 72676 95 12 68
874 G 339830 67 36 281 267459 22 61 83 71754 67
875 A 347352 271877 288 24 91 74817 79 25 44 107
876 A 355432 279532 13 294 38 75297 38 86 24 110
877 A 363419 284551 331 62 361 77714 176 24 115 85
878 G 368882 398 1438 13 285890 153 473 30 80411 76
879 G 373645 107 423 7 292249 40 182 13 80557 67
880 G 379009 215 246 166 299375 75 96 63 78684 89
881 A 384623 306424 85 157 208 77416 73 39 95 126
882 G 387574 52 798 224 313568 28 260 99 72458 87
883 G 392113 69 46 10 324347 27 101 13 67432 68
884 G 396526 83 36 14 332351 26 43 12 63878 83
885 A 402169 339676 21 7 124 62142 42 13 35 109
886 T 407935 35 345630 202 1 16 61915 50 4 82
887 A 414737 351357 41 2 118 62432 100 113 54 520
888 C 422131 53 36 360400 14 19 56 61451 13 89
889 T 428810 34 365944 72 58 8 62494 20 65 115
890 C 436007 73 24 374855 15 65 12 60867 11 85
891 T 441291 34 383521 110 17 55 57395 31 12 116
892 C 447004 93 32 390717 15 21 27 55947 52 100
893 T 454614 45 395535 84 7 12 58752 69 6 104
894 A 461476 399348 30 6 77 61853 26 10 21 105
895 G 466822 64 41 21 404590 22 29 20 61945 90
896 T 473022 43 410374 75 13 10 62301 22 9 175
897 C 481268 73 127 414253 17 30 78 66561 16 113
898 G 490365 136 71 22 418844 33 110 18 71035 96
899 G 496621 63 41 17 421827 25 59 24 74450 115
900 A 502693 427391 38 6 108 74945 28 14 29 134
901 A 508634 434142 49 16 90 74135 25 16 20 141
902 T 514419 47 441796 92 11 24 72299 28 13 109
903 A 521780 448768 35 15 136 72583 73 19 33 118
904 G 528056 76 52 74 457856 31 48 22 69798 99
905 A 534440 464742 42 18 83 69059 37 51 39 369
906 C 542728 50 58 472108 28 26 24 70286 11 137
907 C 549976 112 38 479904 28 33 23 69652 7 179
908 C 554922 193 40 487066 21 38 16 67393 10 145
909 T 559343 34 494147 159 13 9 64791 37 9 144
910 T 563818 25 498755 85 9 5 64752 26 3 158
911 T 567649 30 503475 128 23 10 63787 25 8 163
912 C 573000 67 101 510389 32 15 39 62218 8 131
913 A 580655 518652 122 13 313 61301 76 9 31 138
914 G 585921 128 84 259 522560 40 46 44 62634 126
915 A 590637 527251 82 59 209 62764 38 20 32 182
916 C 596787 247 50 532555 14 51 13 63722 7 128
917 T 604628 121 539721 183 75 22 64278 38 15 175
918 G 611230 173 92 84 547311 25 48 24 63359 114
919 C 617642 65 74 552777 12 20 18 64507 13 156
920 T 625116 18 559517 126 13 8 65244 28 6 156
921 T 633680 87 566601 118 23 19 66579 19 10 224
922 C 640482 930 97 572909 173 123 31 66037 22 160
923 A 647097 579488 353 26 122 66804 77 21 22 184
924 A 652738 585144 51 241 416 66607 15 32 50 182
925 A 658900 591044 24 231 153 67172 23 41 26 186
926 A 663629 595391 82 121 350 67275 30 42 49 289
927 C 668461 68 136 601775 319 13 49 65880 54 167
928 A 674175 608431 89 157 291 64953 33 23 45 153
929 G 678841 262 312 42 612359 31 74 23 65564 174
930 C 682470 285 422 614078 93 39 63 67287 20 183
931 C 688442 327 181 617482 1227 42 45 68815 122 201
932 A 695368 624570 148 283 1247 68720 36 45 118 201
933 A 701135 630278 206 54 1211 68999 49 11 111 216
934 G 705565 228 118 26 637266 25 32 11 67690 169
935 T 711242 61 642519 162 80 17 67966 21 17 399
936 G 714816 176 127 101 647223 31 19 21 66940 178
937 T 720921 59 653131 147 54 9 67190 19 14 298
938 A 725811 659721 159 409 156 64991 32 61 32 250
939 C 730411 425 496 663290 107 61 70 65802 19 141
940 A 736614 668665 26 11 252 67399 18 6 45 192
941 G 739491 83 99 15 672484 21 36 10 66574 169
942 C 744358 105 64 677694 157 16 27 66055 28 212
943 C 750385 131 119 681488 1501 25 23 66721 163 214
944 T 755316 94 684761 190 8 12 70013 27 13 198
945 A 759000 688821 33 72 101 69670 36 14 18 235
946 A 763253 695686 135 29 95 67036 15 12 20 225
947 T 767642 67 700692 155 15 14 66438 27 8 226
948 C 771681 132 572 703071 54 40 87 67530 17 178
949 A 775160 704159 25 17 155 70528 40 14 20 202
950 G 778328 116 81 22 708374 31 44 22 69456 182
951 A 779788 707893 64 16 399 70959 23 18 46 370
952 C 783352 233 110 709876 72 54 37 72733 12 225
953 C 788674 330 79 712544 123 59 39 75232 21 247
954 A 792841 715556 157 28 326 76416 48 15 71 224
955 A 794778 718497 171 625 204 74887 41 77 60 216
956 A 797937 719872 676 129 263 76525 104 64 48 256
957 T 801350 342 721605 754 49 92 78150 102 19 237
958 G 803571 121 101 28 727890 28 74 13 75117 199
959 A 806398 730668 70 4 140 75188 44 16 59 209
960 G 807693 110 343 26 730180 42 63 46 76667 216
961 A 810440 729106 176 4 120 80695 42 44 19 234
962 A 812902 728707 141 36 94 83599 23 9 37 256
963 T 814631 74 729777 137 81 14 84162 44 19 323
964 C 817061 110 182 731111 29 25 35 85333 15 221
965 C 820719 138 106 731519 42 65 45 88593 14 197
966 A 822024 729771 34 157 195 91518 53 27 37 232
967 G 821851 168 109 139 730498 32 41 44 90558 262
968 C 824575 171 163 734110 133 56 41 89641 22 238
969 A 825778 734219 94 40 236 90670 39 24 48 408
970 C 827476 77 97 732956 37 21 31 94024 10 223
971 A 828023 730483 115 23 109 96828 41 17 22 385
972 C 828652 69 89 730993 25 53 36 97143 20 224
973 A 830181 727538 25 7 152 102140 27 12 36 244
974 A 831011 726873 55 20 155 103501 78 15 38 276
975 G 829263 117 101 17 723864 31 45 15 104847 226
976 A 828086 722111 63 13 112 105449 34 20 26 258
977 G 824869 146 52 25 721753 27 34 21 102602 209
978 T 823581 79 717914 159 20 42 104708 59 27 573
979 C 823785 127 82 713761 46 104 31 109372 26 236
980 A 825209 711604 61 9 157 113038 32 12 39 257
981 A 822094 707425 114 10 144 113963 44 11 30 353
982 C 822120 93 1148 702976 395 37 238 116947 77 209
983 T 823776 68 701583 113 109 35 121477 39 116 236
984 G 821227 181 227 405 698382 65 67 180 121485 235
985 G 818486 139 41 1243 696958 40 30 237 119588 210
986 T 816909 59 700314 85 30 70 115207 74 196 874
987 G 815024 159 77 33 698654 75 47 153 115635 191
988 T 815559 61 700275 73 11 178 114507 40 42 372
989 G 814028 173 99 31 699351 55 56 35 113950 278
990 G 812267 97 99 18 696757 171 83 47 114748 247
991 A 810163 687662 83 24 145 121876 58 24 48 243
992 T 809654 67 682281 108 24 37 126697 47 62 331
993 G 804537 177 501 25 681914 68 126 26 121477 223
994 G 800504 191 101 34 685346 91 67 16 114402 256
995 C 798508 171 157 685121 506 91 98 112026 99 239
996 A 797116 685766 102 97 106 110667 68 30 51 229
997 T 794917 590 683608 154 293 119 109763 64 64 262
998 G 791062 204 145 782 683262 99 80 152 106117 221
999 C 787388 112 809 681024 166 53 174 104735 61 254
1000 C 786706 176 123 675369 30 93 42 110585 45 243
1001 A 788818 671931 39 30 82 116380 41 23 73 219
1002 T 784861 45 667633 108 8 87 116651 47 19 263
1003 T 782709 49 664177 250 78 34 117586 270 23 242
1004 C 780877 321 112 660416 158 77 69 119498 42 184
1005 T 780100 307 656583 262 18 201 122415 65 31 218
1006 G 773655 209 137 26 653340 78 50 140 119451 224
1007 C 770483 176 129 654197 53 151 45 115451 52 229
1008 C 769932 173 239 649025 23 94 95 119992 23 268
1009 G 772223 323 152 52 646190 149 88 129 124933 207
1010 C 771741 125 65 646141 86 119 52 124918 35 200
1011 A 771774 646154 99 11 75 125055 49 33 98 200
1012 T 770972 39 643841 149 20 20 126562 43 34 264
1013 T 772412 99 641319 87 788 56 129644 36 165 218
1014 T 772299 47 640858 247 11 38 130755 69 60 214
1015 G 766972 74 81 33 641189 67 97 30 125188 213
1016 A 765419 641469 49 2 129 123439 25 25 54 227
1017 A 763329 641348 44 25 126 121456 66 23 47 194
1018 G 758757 93 73 12 638588 54 50 23 119701 163
1019 A 756262 635432 75 7 107 120289 26 27 36 263
1020 T 753605 49 634596 684 5 23 117877 136 16 219
1021 C 752027 179 50 634059 25 95 32 117379 22 186
1022 T 754545 57 634742 135 12 76 119268 49 15 191
1023 A 753780 633531 13 13 119 119783 34 21 37 229
1024 A 752871 635991 70 19 105 116337 73 24 37 215
1025 G 750371 190 93 32 635173 64 55 20 114556 188
1026 A 748226 636791 80 101 126 110790 49 32 35 222
1027 G 745939 83 368 28 638407 26 88 27 106736 176
1028 T 747244 44 637648 93 19 77 107904 50 110 1299
1029 A 746668 640559 47 9 486 105209 16 8 117 217
1030 T 747632 50 639030 67 8 25 108164 25 21 242
1031 T 749156 57 640332 103 6 61 108282 30 18 267
1032 A 753139 639642 58 1 152 112966 38 18 30 234
1033 A 754270 635842 19 8 85 118025 39 14 29 209
1034 G 755404 76 97 16 633666 45 63 24 121240 177
1035 C 755835 96 60 631611 12 65 20 123759 36 176
1036 T 756650 240 629739 103 12 69 126192 55 18 222
1037 T 756016 52 631576 386 8 31 123659 75 16 213
1038 C 752813 83 73 630289 259 41 54 121778 65 171
1039 A 750429 628017 61 11 104 121939 23 31 33 210
1040 T 748977 70 625252 120 6 54 123212 44 14 205
1041 C 750853 79 75 620719 28 117 50 129572 31 182
1042 A 752408 616377 26 256 251 135099 45 90 63 201
1043 A 751295 618088 24 166 341 132245 30 54 120 227
1044 A 751763 617705 40 247 403 132847 118 94 102 207
1045 G 750218 80 176 10 620568 58 138 29 128953 206
1046 G 746892 101 119 22 623060 39 71 15 123241 224
1047 G 744601 167 181 28 625801 60 53 26 118071 214
1048 A 740705 623296 72 168 620 116007 37 52 155 298
1049 C 740539 106 321 623046 37 68 130 116578 41 212
1050 G 744776 217 326 491 622751 108 99 122 120488 174
1051 A 747920 626557 53 3 110 120859 52 22 54 210
1052 A 748379 625544 74 32 150 122190 77 18 59 235
1053 G 744956 128 155 14 624746 61 79 17 119525 231
1054 G 743570 403 40 78 624639 94 29 47 118029 211
1055 T 743202 123 623022 346 22 94 118025 91 213 1266
1056 G 739838 552 95 31 621593 125 64 16 117164 198
1057 C 742163 151 119 626237 37 54 40 115332 27 166
1058 T 746690 672 628515 173 594 165 116126 69 124 252
1059 C 749338 196 102 630362 617 105 71 117536 130 219
1060 C 752439 339 60 627455 119 175 46 123971 24 250
1061 C 756902 203 141 626366 212 148 48 129488 76 220
1062 A 760213 627053 210 17 526 131900 97 35 139 236
1063 A 758298 627554 36 287 104 129863 110 66 38 240
1064 G 757239 92 114 25 628860 51 64 19 127817 197
1065 A 759517 639279 312 7 109 119329 139 46 72 224
1066 G 756639 114 212 18 642944 112 139 25 112883 192
1067 G 753027 88 116 62 640541 101 140 28 111711 240
1068 G 750803 248 697 56 635019 68 214 37 114246 218
1069 A 751720 633337 257 12 206 117423 156 15 55 259
1070 A 752137 633733 168 16 156 117640 127 14 58 225
1071 G 750260 90 80 234 634640 39 57 62 114893 165
1072 C 750695 216 58 634425 20 151 26 115570 53 176
1073 T 752753 17 637159 143 8 116 115012 53 8 237
1074 T 753336 26 638331 138 120 177 114163 125 27 229
1075 T 753307 213 639499 164 32 299 112797 39 25 239
1076 C 753560 271 73 642078 45 380 52 110411 22 228
1077 C 755807 244 262 645324 31 111 77 109476 37 245
1078 A 755376 646509 86 10 119 107686 46 33 515 372
1079 C 756337 62 56 646657 20 43 30 108692 568 209
1080 T 758845 32 647731 100 10 699 109989 54 12 218
1081 A 759867 642654 44 20 111 116646 105 41 31 215
1082 G 759157 134 112 19 641413 906 115 18 116297 143
1083 A 759615 642260 55 16 97 115947 86 20 941 193
1084 G 759925 109 95 24 646412 48 1166 21 111833 217
1085 G 759097 74 80 24 647086 38 50 24 111491 230
1086 A 760790 650727 150 3 153 109397 37 19 62 242
1087 G 758523 110 72 31 653562 142 41 23 104396 146
1088 T 759578 47 656934 116 10 155 101441 104 61 710
1089 T 759728 73 658261 212 18 93 100658 50 110 253
1090 C 761117 138 89 660547 38 65 33 99974 24 209
1091 A 764278 661839 36 17 123 101807 127 65 25 239
1092 A 764390 663371 48 7 107 100382 163 10 32 270
1093 A 762586 662753 38 11 66 99352 73 79 22 192
1094 T 762317 53 663272 83 5 23 98506 116 13 246
1095 T 765352 36 667180 115 7 22 97614 75 41 262
1096 G 766969 145 73 15 669771 36 108 32 96610 179
1097 C 768950 112 61 670137 15 32 21 98366 25 181
1098 T 771588 32 670414 136 15 18 100656 50 26 241
1099 T 773161 75 669058 134 131 47 103367 43 25 281
1100 C 774964 150 70 669446 80 51 46 104846 29 246
1101 C 778170 159 83 669159 132 120 50 108236 40 191
1102 A 778438 668267 56 96 496 109083 45 49 114 232
1103 A 776940 668598 400 118 86 107355 96 27 36 224
1104 T 777482 86 671578 220 5 44 105258 63 19 209
1105 G 778903 133 77 14 673304 64 66 26 105040 179
1106 A 779123 676585 38 6 127 102041 33 10 45 238
1107 A 778558 676936 25 15 119 101175 16 20 46 206
1108 A 780351 675853 86 17 108 103932 37 21 37 260
1109 A 782163 676600 85 7 98 105054 25 24 26 244
1110 T 784631 38 678888 107 13 44 105270 27 24 220
1111 A 787582 681486 71 7 131 105632 28 9 34 184
1112 T 790304 75 684032 106 109 21 105698 31 31 201
1113 G 790978 148 4818 45 682940 41 817 33 101910 226
1114 G 788932 124 65 22 687519 39 50 35 100844 234
1115 A 790220 688482 41 8 214 101081 71 19 48 256
1116 G 790609 127 100 26 690961 45 41 16 99100 193
1117 A 791918 691143 66 161 152 99814 34 76 35 437
1118 C 792695 95 67 691135 167 57 74 100862 37 201
1119 T 795395 335 692771 149 38 84 101744 36 17 221
1120 A 796544 693772 76 7 108 102222 27 68 30 234
1121 T 798052 86 697657 94 8 30 99894 25 11 247
1122 G 797987 172 1024 28 698573 48 228 78 97599 237
1123 G 796073 96 77 57 698984 122 48 26 96406 257
1124 A 795881 699072 69 16 144 96173 47 10 86 264
1125 A 797261 700001 40 16 143 96713 83 15 22 228
1126 T 798168 121 699987 96 37 31 97622 23 26 225
1127 C 801227 102 139 701973 63 54 49 98613 25 209
1128 A 804031 700253 86 4 234 103120 49 12 57 216
1129 A 802525 698253 81 11 103 103734 48 16 16 263
1130 G 798665 137 80 26 697716 45 51 13 100405 192
1131 T 799824 81 697166 189 15 41 101876 49 16 391
1132 A 802042 697683 56 603 187 102977 34 120 30 352
1133 C 802508 73 114 696690 619 30 31 104603 124 224
1134 A 805500 697960 485 209 101 106055 104 79 28 479
1135 C 806717 407 67 699216 56 80 24 106636 19 212
1136 T 808938 41 698853 154 2 41 109540 33 13 261
1137 T 811426 74 697670 161 373 26 112717 48 80 277
1138 G 810125 116 102 25 695677 49 51 12 113895 198
1139 A 812422 694994 56 18 158 116851 26 16 36 267
1140 A 813198 694404 62 28 158 118097 74 26 43 306
1141 C 813971 75 66 696739 15 40 80 116723 14 219
1142 T 817690 29 699345 119 9 30 117842 85 13 218
1143 G 819335 155 107 28 702260 48 65 86 116417 169
1144 A 820873 698097 50 693 209 121371 74 109 42 228
1145 G 820933 121 49 26 695624 41 76 26 124766 204
1146 A 822234 696574 70 430 401 124297 50 74 83 255
1147 A 823012 699142 42 12 112 123360 33 24 62 225
1148 G 822617 112 78 20 700209 70 61 22 121847 198
1149 C 823103 111 148 703322 35 63 98 119062 19 245
1150 A 826692 702814 85 160 261 122938 75 83 48 228
1151 G 824035 87 184 14 702897 28 92 33 120497 203
1152 G 824856 914 165 15 702998 203 68 42 120239 212
1153 T 826818 89 701890 190 20 84 123573 80 56 836
1154 A 828125 704609 70 31 126 122868 49 44 37 291
1155 C 829045 170 92 705174 79 52 47 123209 29 193
1156 T 834134 45 707156 121 3 43 126447 47 17 255
1157 G 835689 135 193 214 710133 68 125 63 124550 208
1158 G 834041 121 81 213 708315 43 63 65 124871 269
1159 G 832538 150 461 31 708857 45 99 27 122633 235
1160 C 833907 127 140 706922 291 51 57 125924 62 333
1161 C 835903 267 93 707685 60 72 53 127382 37 254
1162 A 837234 705521 75 23 103 131187 50 27 30 218
1163 T 837995 46 702968 113 17 45 134557 28 24 197
1164 A 839875 704130 14 12 284 135023 49 15 82 266
1165 A 844333 709572 45 36 163 134118 86 16 71 226
1166 G 844425 87 105 14 705908 47 117 24 137887 236
1167 G 845251 127 81 18 705621 67 59 20 139004 254
1168 A 845861 706970 99 9 137 138095 26 43 55 427
1169 C 848141 69 71 707536 45 49 49 140051 29 242
1170 C 853412 140 115 709855 19 79 44 142868 16 276
1171 A 858247 715385 82 33 251 142163 49 25 65 194
1172 G 859086 88 153 34 715891 42 74 27 142577 200
1173 A 860386 716984 58 11 115 142830 64 17 43 264
1174 A 861830 718930 203 10 123 142182 84 18 45 235
1175 G 863148 102 68 166 722056 41 36 80 140426 173
1176 T 866190 70 725243 134 150 84 139514 79 100 816
1177 G 866512 106 115 27 728826 45 160 27 136958 248
1178 G 864957 78 178 94 730634 42 79 47 133594 211
1179 A 867210 733366 73 85 659 132497 80 48 144 258
1180 G 865930 118 175 27 734747 37 158 23 130404 241
1181 G 864060 111 80 30 736770 69 75 22 126618 285
1182 A 863626 735122 63 35 178 127832 48 32 51 265
1183 A 864808 735664 39 149 173 128321 60 50 42 310
1184 A 865200 736929 64 374 249 126992 29 117 66 380
1185 C 865959 100 546 739558 133 67 163 125103 38 251
1186 A 864139 736662 501 2216 549 122361 139 526 133 1052
1187 C 865095 2227 512 736541 1379 447 149 123297 267 276
1188 C 867240 181 2664 737121 309 92 540 126003 73 257
1189 A 869393 737549 42 2008 311 128738 37 390 89 229
1190 A 868385 737269 51 139 2113 128128 22 33 402 228
1191 T 867835 1201 741882 1177 73 262 122623 222 30 365
1192 C 867298 211 101 735273 2188 115 57 128634 483 236
1193 A 868368 730593 115 2145 1605 132801 51 480 303 275
1194 A 866728 729578 2214 1487 151 132073 491 303 47 384
1195 C 870174 510 162 731408 553 172 53 136989 121 206
1196 A 876763 728623 67 873 512 146056 60 202 119 251
1197 G 876343 153 237 644 729897 65 79 145 144883 240
1198 A 876802 733067 66 35 238 142938 110 31 84 233
1199 G 873818 115 347 302 734072 67 144 77 138418 276
1200 G 866702 149 373 47 733329 67 113 29 132301 294
1201 G 863343 117 105 111 732978 52 45 45 129620 270
1202 C 864986 188 284 735420 124 87 73 128524 47 239
1203 A 872326 737952 129 78 169 133593 48 40 52 265
1204 T 873080 101 737807 138 31 52 134637 55 22 237
1205 C 876052 190 73 734933 314 95 49 140123 75 200
1206 T 880261 74 735084 271 51 122 144254 88 33 284
1207 G 876066 298 660 35 736774 108 165 35 137794 197
1208 C 874108 170 362 738941 310 73 292 133603 113 244
1209 G 874129 367 743 233 739838 112 324 78 132143 291
1210 G 874322 274 815 32 743258 79 186 32 129346 300
1211 G 872472 397 180 144 750907 189 74 65 120222 294
1212 C 872424 195 246 750871 69 50 169 120527 48 249
1213 C 877463 166 103 751834 17 79 141 124885 22 216
1214 A 882798 750344 40 26 113 131812 55 40 105 263
1215 A 882807 748632 54 2 106 133535 57 22 100 299
1216 A 886643 747805 64 34 406 137833 95 30 100 276
1217 T 889435 93 749119 143 15 42 139649 52 53 269
1218 C 893073 136 368 757579 60 81 157 134436 26 230
1219 A 893446 755805 1722 15 210 134987 358 17 62 270
1220 G 891393 121 111 1754 758378 31 85 325 130347 241
1221 C 891360 793 256 761234 39 166 86 128539 22 225
1222 A 892277 761860 146 709 124 128963 37 153 42 243
1223 T 893359 127 763756 712 30 75 128263 141 15 240
1224 A 896494 766535 773 712 131 127687 165 153 41 297
1225 C 897634 169 94 765518 57 100 47 131375 33 241
1226 A 900917 764198 118 26 89 136075 57 22 41 291
1227 A 903339 766260 146 41 182 135899 64 44 107 596
1228 C 905663 63 88 771282 32 33 61 133780 64 260
1229 C 909222 188 53 776185 32 61 21 132341 92 249
1230 T 914860 1161 775125 175 47 288 137706 55 35 268
1231 A 917430 776430 49 4 109 140141 47 33 135 482
1232 C 921304 115 163 778249 25 157 66 142323 13 193
1233 G 927018 212 57 26 781322 63 150 25 144900 263
1234 T 930329 78 782206 114 27 47 147369 52 22 414
1235 T 933601 38 782101 127 11 32 150888 50 20 334
1236 C 934453 139 61 784211 24 79 22 149661 24 232
1237 T 940091 54 787054 249 129 84 152125 102 44 250
1238 C 941879 124 220 789605 82 85 131 151378 32 222
1239 A 942917 790357 101 21 418 151522 132 20 89 257
1240 G 937036 209 68 35 792186 46 40 37 144209 206
1241 T 937151 71 797717 141 9 101 138585 56 34 437
1242 A 937511 801141 82 41 154 135634 42 24 64 329
1243 C 940255 105 73 803154 31 67 56 136526 29 214
1244 A 942778 802815 89 16 148 139184 192 20 49 265
1245 G 941915 90 127 38 805518 56 63 39 135725 259
1246 A 941674 802770 64 7 116 138329 72 16 55 245
1247 G 939409 98 79 29 801485 54 40 26 137345 253
1248 A 937249 805395 34 6 176 131220 55 15 60 288
1249 A 936337 808905 65 97 522 126245 60 23 127 293
1250 A 934138 809248 371 102 141 123725 84 118 31 318
1251 T 933510 379 810384 122 87 89 122016 45 101 287
1252 C 934937 139 79 813287 30 48 116 120983 17 238
1253 T 936243 73 815896 169 13 110 119560 71 12 339
1254 C 934833 164 120 816503 20 31 48 117554 102 291
1255 C 935276 772 711 811887 31 169 137 121179 87 303
1256 C 934724 296 747 813309 615 129 207 119058 108 255
1257 T 933151 128 814514 296 629 93 116997 76 111 307
1258 T 930688 51 817429 101 11 65 112625 28 38 340
1259 T 926919 67 818557 93 19 22 107777 33 22 329
1260 T 924832 62 817259 181 14 52 106885 42 23 314
1261 G 919559 188 588 56 817294 52 125 31 100966 259
1262 A 915536 816745 103 46 196 98056 26 23 26 315
1263 C 914602 91 214 816325 34 59 41 97598 17 223
1264 A 916435 815131 259 31 305 100312 104 15 48 230
1265 G 911469 293 186 91 812960 60 51 31 97536 261
1266 A 909919 813376 230 40 158 95761 59 9 31 255
1267 A 906679 808907 74 785 144 96239 22 105 33 370
1268 C 903504 655 112 807606 115 114 33 94638 29 202
1269 A 899922 804367 726 459 131 93795 95 70 25 254
1270 A 895727 803491 69 14 150 91509 10 19 26 439
1271 C 891289 85 98 802268 33 43 22 88489 13 238
1272 C 889068 166 192 799883 20 79 37 88458 12 221
1273 A 886926 799132 60 7 115 87318 18 11 31 234
1274 T 882550 93 794315 92 13 11 87716 13 12 285
1275 T 878596 14 792281 130 5 20 85874 18 9 245
1276 A 874809 789332 89 27 109 84990 24 9 18 211
1277 T 869891 95 784550 112 10 29 84840 18 6 231
1278 G 863735 188 124 58 780189 49 40 20 82805 262
1279 G 860142 127 110 32 776978 31 23 15 82547 279
1280 C 857736 141 208 771101 67 47 38 85911 15 208
1281 A 852386 765449 39 25 168 86434 8 13 39 211
1282 G 845346 175 98 24 759111 41 29 14 85649 205
1283 C 839621 136 262 752930 29 62 45 85919 13 225
1284 A 833842 749376 70 31 154 83919 13 15 30 234
1285 T 828829 35 741743 107 7 15 86578 22 27 295
1286 T 824227 116 736390 106 8 51 87248 29 23 256
1287 C 819110 85 126 730508 46 99 27 87969 33 217
1288 A 815873 720599 3910 475 165 89772 571 87 47 247
1289 A 808792 713783 303 362 3754 89741 57 56 530 206
1290 T 803856 191 711337 351 173 54 91427 68 38 217
1291 G 798510 620 438 28 704305 110 76 13 92686 234
1292 G 790014 121 788 89 696337 34 119 33 92243 250
1293 G 784512 407 155 796 689918 77 81 111 92756 211
1294 A 778147 683310 95 90 1100 93007 69 24 157 295
1295 A 772108 678016 296 87 1075 92141 45 20 210 218
1296 T 764993 74 673162 228 31 46 91133 46 18 255
1297 A 759019 667808 140 71 320 90261 81 20 65 253
1298 C 753493 83 290 663429 50 73 55 89290 21 202
1299 A 747245 660460 58 32 360 85968 76 17 74 200
1300 G 736280 138 113 125 651783 29 27 35 83852 178
1301 A 732310 645360 49 122 163 86196 53 39 47 281
1302 G 725852 278 842 19 639019 80 102 48 85257 207
1303 G 718347 95 217 19 635646 62 44 11 82045 208
1304 G 710866 111 144 22 629038 41 33 8 81229 240
1305 G 703270 128 123 51 621420 63 21 14 81267 183
1306 A 694262 612684 89 3 167 80920 25 13 70 291
1307 G 687004 91 76 24 605277 35 24 6 81297 174
1308 A 681963 598732 38 4 123 82693 20 20 45 288
1309 A 676109 591289 62 16 87 84340 26 16 26 247
1310 C 668906 97 72 584096 46 73 33 84231 17 241
1311 A 661511 577679 64 11 67 83462 31 9 25 163
1312 T 655232 77 571205 77 47 25 83556 43 19 183
1313 C 648901 123 36 565130 27 68 24 83307 20 166
1314 T 642490 75 558644 158 54 73 83241 38 24 183
1315 G 634249 147 65 25 552459 50 22 7 81315 159
1316 A 627338 547503 63 2 99 79418 56 6 28 163
1317 C 620770 76 89 541379 21 85 25 78921 19 155
1318 A 615698 534352 44 41 93 80886 58 15 29 180
1319 T 608490 61 527421 104 12 26 80685 21 10 150
1320 G 599254 120 82 15 521296 62 27 36 77483 133
1321 A 590358 515232 39 17 129 74720 12 35 29 145
1322 G 582930 79 114 10 508177 30 40 32 74297 151
1323 G 576066 223 53 23 502063 85 28 10 73425 156
1324 A 569372 494263 558 8 472 73220 110 10 101 630
1325 C 563673 66 437 489823 22 41 92 72977 20 195
1326 C 556528 335 168 482006 499 96 62 73111 102 149
1327 G 551202 159 70 17 476778 83 35 10 73911 139
1328 A 545984 471806 30 3 91 73849 21 11 23 150
1329 A 539700 467352 29 10 83 72050 18 8 16 134
1330 A 534430 462040 32 41 51 72055 16 20 21 154
1331 T 529433 23 456214 61 16 20 72886 22 20 171
1332 C 523291 87 68 450156 20 68 23 72710 18 141
1333 A 516284 443414 45 5 273 72330 19 4 70 124
1334 T 509945 18 436473 67 1 31 73216 22 12 105
1335 A 503619 429084 11 2 284 74027 8 3 70 130
1336 A 498700 420974 26 18 132 77381 10 6 41 112
1337 G 491508 70 116 31 413030 40 33 13 78041 134
1338 G 484833 75 181 31 406917 26 46 16 77433 108
1339 A 478106 400367 51 6 147 77320 14 14 49 138
1340 T 472405 106 392197 53 18 40 79811 22 20 138
1341 G 465223 94 102 19 385412 36 48 13 79408 91
1342 A 457927 377975 57 1 63 79636 47 4 34 110
1343 T 450681 73 373148 53 8 22 77208 16 23 130
1344 G 445074 67 82 20 367595 42 48 29 77090 101
1345 G 437609 39 44 15 358520 49 64 9 78787 82
1346 A 428690 350109 39 1 89 78231 17 46 44 114
1347 A 422174 343092 15 6 75 78812 9 24 46 95
1348 A 415945 335056 21 45 90 80523 14 38 56 102
1349 G 410764 64 62 26 328429 36 40 28 81962 117
1350 T 405633 29 322070 74 11 97 82581 46 151 574
1351 G 397673 315 52 18 313525 103 23 43 83516 78
1352 C 389149 96 91 306379 30 68 46 82302 30 107
1353 A 377873 297649 28 6 103 79943 7 16 38 83
1354 A 371227 289777 20 4 66 81230 13 4 32 81
1355 G 361699 142 39 6 283589 74 21 9 77708 111
1356 A 352758 278245 32 5 63 74197 19 18 21 158
1357 C 346582 30 36 271073 85 21 20 75161 55 101
1358 C 339971 46 93 260027 20 110 67 79507 26 75
1359 A 333048 248973 206 66 77 83489 96 30 42 69
1360 G 325157 50 25 5 243864 47 15 9 81069 73
1361 A 318558 238789 11 3 33 79606 15 6 18 77
1362 A 310676 228118 13 4 41 82398 11 9 26 56
1363 G 301230 78 568 3 218845 60 272 5 81339 60
1364 A 293810 209787 493 81 33 83073 229 53 12 49
1365 T 289497 99 198598 31 486 70 89866 28 259 60
1366 G 283439 109 210 158 189329 68 114 62 93352 37
1367 T 279387 25 181066 138 11 77 97665 96 141 168
1368 G 274172 105 57 26 174545 101 37 30 99233 38
1369 T 269982 192 170493 18 6 145 98997 32 37 62
1370 C 269877 26 24 167972 175 92 26 101385 126 51
1371 T 385955 19 229987 88 7 144 155480 127 27 76
1372 T 386509 43 227986 60 6 98 158137 80 20 79
1373 T 383527 36 230921 88 2 42 152200 97 74 67
1374 C 385591 68 51 233176 25 101 120 151965 32 53
1375 C 396298 107 253 232440 137 297 178 162707 108 71
1376 A 389497 231954 417 52 337 155756 466 205 231 79
1377 G 385075 215 149 94 232473 270 333 77 151436 28
1378 G 386998 345 7 2 231712 281 175 62 154347 67
1379 G 384558 57 84 28 229647 101 98 28 154458 57
1380 G 378952 414 78 35 226408 240 114 57 151533 73
1381 C 384479 110 94 225329 74 113 821 157639 205 94
1382 G 392872 154 131 31 225055 153 562 218 166473 95
1383 G 387618 74 697 22 224481 66 593 66 161570 49
1384 G 389001 76 100 28 224247 110 476 17 163879 68
1385 G 386933 82 27 20 225865 111 149 31 160567 81
1386 A 391504 223737 54 1 62 153331 94 68 8214 5943
1387 G 392948 46 14 14 233203 65 80 33 159445 48
1388 T 397225 3 220515 49 11 266 149367 136 11132 15746
1389 C 404608 139 13 244951 10 227 81 158915 130 142
1390 T 411811 22 259063 72 6 130 152157 206 28 127
1391 T 414038 13 257181 38 4 163 156494 67 22 56
1392 C 418199 89 70 259851 8 238 658 156776 34 475
1393 G 422934 67 66 27 266977 143 306 259 154513 576
1394 A 423822 271530 34 10 96 151505 62 72 247 266
1395 G 426156 52 44 8 276050 77 93 28 149659 145
1396 C 428963 66 50 287856 79 82 59 140312 208 251
1397 T 433632 28 302883 109 8 33 129902 248 47 374
1398 C 435375 156 41 304512 71 108 57 130264 55 111
1399 T 437161 109 308703 53 3 88 127917 97 10 181
1400 C 438111 95 194 309743 329 76 246 127159 171 98
1401 G 438047 94 591 346 316012 158 354 343 119875 274
1402 G 436560 40 65 11 322743 34 42 41 113484 100
1403 A 435007 326866 19 1 98 104503 32 38 1401 2049
1404 C 434528 33 83 338597 30 90 45 95495 43 112
1405 G 433121 109 52 9 345935 78 36 37 86769 96
1406 A 431837 351331 19 5 54 79822 23 22 213 348
1407 A 430904 357272 16 4 63 73415 10 1 51 72
1408 A 429705 364067 17 2 43 65424 14 14 13 111
1409 A 428201 367649 22 13 270 60004 14 16 54 159
1410 G 426003 59 61 6 368464 1833 20 9 51231 4320
1411 G 424434 63 55 6 377115 20 14 12 46985 164
1412 C 422781 68 81 382574 42 27 9 39478 234 268
1413 A 420775 384906 16 5 220 35472 5 17 25 109
1414 G 417944 140 93 143 387781 44 19 15 29552 157
1415 C 416480 273 225 390018 14 45 16 25756 30 103
1416 G 414671 89 109 252 392164 20 12 23 21945 57
1417 A 413170 389619 37 44 3328 19573 3 8 276 282
1418 G 411401 93 3217 59 390082 14 119 5 17605 207
1419 C 409979 635 133 393173 31 37 10 15393 108 459
1420 C 408939 44 139 394808 22 5 7 13769 3 142
1421 C 408352 109 99 394670 12 42 22 13294 1 103
1422 G 406781 70 96 18 393470 24 7 133 12282 681
1423 A 405786 392972 132 2 64 11948 6 17 92 553
1424 T 404941 87 392401 52 45 50 11908 4 30 364
1425 C 404011 109 93 391761 12 24 6 11871 3 132
1426 G 402530 158 56 21 391381 30 9 26 10718 131
1427 T 401236 29 389916 91 32 5 10045 7 176 935
1428 G 400042 77 91 19 390418 5 8 1 9379 44
1429 C 399137 95 43 389322 57 8 1 9307 35 269
1430 C 398149 71 78 388703 10 9 2 9195 4 77
1431 T 397807 15 387816 148 4 30 9262 94 2 436
1432 T 396838 291 387200 62 6 14 9069 4 2 190
1433 C 395701 85 65 386120 333 5 35 8886 15 157
1434 C 394719 72 72 385382 247 18 10 8754 10 154
1435 T 394046 156 385128 99 20 20 8240 57 2 324
1436 T 393073 36 384942 52 4 3 7950 3 8 75
1437 T 391938 12 384215 79 4 4 7535 1 1 87
1438 G 390808 75 52 41 381581 1 309 7 6744 1998
1439 A 390110 382716 192 22 62 6789 14 4 13 298
1440 C 389321 39 76 382409 157 13 2 6500 7 118
1441 A 389058 382190 24 6 64 6675 5 0 0 94
1442 T 388484 19 381665 55 3 8 6530 3 4 197
1443 G 388043 74 85 12 381491 12 11 1 6276 81
1444 A 387305 380924 37 5 85 5922 0 1 7 324
1445 G 386683 47 50 10 380775 2 4 0 5724 71
1446 T 386093 43 373204 85 3 11 5150 4 354 7239
1447 A 385447 379920 10 5 49 5225 0 0 3 235
1448 A 384658 379784 23 0 41 4709 0 0 2 99
1449 T 383869 37 379129 57 8 18 4368 2 0 250
1450 G 383640 74 63 19 378958 7 7 0 4416 96
1451 A 383093 378437 65 4 63 4230 2 0 1 291
1452 A 382674 378285 30 8 61 4219 0 0 3 68
1453 G 382296 79 87 17 377758 50 5 1 3984 315
1454 G 381947 44 60 16 377677 4 0 3 3992 151
1455 A 381567 376837 35 2 99 3825 1 22 17 729
1456 T 381141 30 377157 59 5 28 3674 1 0 187
1457 C 380856 65 28 377045 10 5 6 3615 1 81
1458 T 380601 496 376234 66 37 17 3550 1 22 178
1459 T 380281 4 376678 67 3 20 3380 5 0 124
1460 A 379886 376179 18 1 46 3165 53 0 0 424
1461 T 379544 19 376321 45 5 1 2991 18 0 144
1462 T 379264 31 376115 46 0 1 2843 1 18 209
1463 T 379010 27 376064 55 2 5 2752 1 12 92
1464 C 378599 37 35 373485 13 1 118 2362 11 2537
1465 T 378378 21 375787 76 3 4 2371 9 0 107
1466 T 378041 20 375607 41 1 0 2170 3 0 199
1467 C 377666 75 76 374935 8 3 21 1893 0 655
1468 G 377481 99 76 74 375229 10 5 2 1815 171
1469 G 377202 31 116 10 375327 1 7 1 1661 48
1470 A 377014 373968 25 10 91 1568 7 3 19 1323
1471 G 376724 40 50 7 375065 3 1 1 1456 101
1472 A 376525 374721 40 4 83 1342 3 1 6 325
1473 C 376234 35 41 374779 15 0 1 1235 2 126
1474 A 375991 374671 23 11 43 1159 2 3 0 79
1475 A 375612 374372 22 8 61 1048 3 1 1 96
1476 T 375145 44 373133 61 6 16 957 2 0 926
1477 G 374554 227 47 16 373191 3 2 0 890 178
1478 C 374006 70 76 372915 11 1 3 806 0 124
1479 A 373563 372399 35 10 110 743 2 0 2 262
1480 G 373054 49 58 11 372114 2 1 2 700 117
1481 A 372039 371126 21 49 64 639 0 1 1 138
1482 G 370874 106 81 7 369980 0 1 0 595 104
1483 G 369495 82 68 16 368619 1 0 2 569 138
1484 A 367402 365478 32 6 66 515 0 0 5 1300
1485 G 364700 331 29 8 363803 0 0 0 487 42
1486 T 363295 22 343977 40 1 2 408 0 50 18795
1487 A 361984 361342 31 2 80 465 1 0 0 63
1488 C 361322 75 106 360412 18 1 0 462 0 248
1489 G 359082 131 539 53 357812 1 2 2 453 89
1490 A 355404 354100 567 10 98 474 3 0 0 152
1491 C 354135 405 69 352789 170 5 0 492 1 204
1492 A 351516 350326 69 296 175 532 2 0 5 111
1493 A 348722 343370 4487 6 214 564 6 0 1 74
1494 T 345294 4184 339506 329 265 12 616 0 0 382