# amino-acid counts among definitively called codons
# POSITION TOTAL_COUNTS WT N_A N_C N_D N_E N_F N_G N_H N_I N_K N_L N_M N_N N_P N_Q N_R N_S N_T N_V N_W N_Y N_STOP
1 889009 M 0 0 0 0 0 0 0 293 78 66 888303 0 0 0 13 0 121 135 0 0 0
2 890570 A 889209 1 0 204 0 63 9 0 1 0 0 0 29 0 1 108 63 881 1 0 0
3 891704 S 6 22 5 1 173 0 273 1 0 1 0 3 166 0 108 889752 1098 0 0 95 0
4 892353 Q 32 0 1 36 517 0 71 51 164 49 2 36 26 890879 262 103 1 2 2 2 117
5 893192 G 38 474 209 0 25 892020 1 0 0 0 0 0 3 3 28 289 0 98 0 4 0
6 893541 T 174 0 0 0 0 0 0 92 0 313 0 73 6 13 0 103 892763 0 0 4 0
7 895992 K 0 0 0 111 0 0 0 31 895626 0 0 68 0 25 91 1 8 0 0 1 30
8 898016 R 0 0 0 0 0 35 0 0 0 96 0 0 32 125 897566 0 0 0 0 0 162
9 900301 S 702 27 0 0 63 57 3 0 0 144 0 26 719 13 0 898314 72 36 0 125 0
10 902549 Y 2 235 9 0 50 0 201 42 0 4 1 12 142 1 3 6 0 2 0 901679 160
11 905398 E 8 0 88 904575 0 128 2 10 241 0 0 0 0 42 0 0 0 56 0 0 248
12 909567 Q 4 0 0 27 21 0 1559 0 95 61 0 3 10 907135 144 345 21 0 0 37 105
13 913768 M 0 0 0 0 0 0 0 341 89 82 912503 0 0 0 6 0 614 133 0 0 0
14 918305 E 13 0 1041 916565 0 321 2 0 125 0 0 0 0 30 3 0 0 72 0 0 133
15 922978 T 140 612 0 0 0 0 1 84 0 3 0 128 3 0 0 125 921881 1 0 0 0
16 928811 D 4 4 928045 150 0 217 37 4 0 0 0 139 0 0 0 1 0 95 0 115 0
17 934459 G 158 0 0 84 0 933359 0 5 1 5 0 1 339 1 199 20 23 135 0 0 129
18 939439 E 78 27 56 938623 1 179 4 9 163 0 0 0 46 23 6 0 41 41 0 6 136
19 941178 R 1 226 0 0 0 45 630 0 0 190 0 0 71 1 939876 137 0 0 1 0 0
20 939743 Q 0 0 0 44 14 0 163 0 130 79 0 4 512 938308 257 82 1 0 0 12 137
21 932903 N 0 1 172 0 0 52 4 93 89 10 0 932240 3 0 3 157 18 0 0 61 0
22 909762 A 907547 0 138 4 0 1240 0 12 1 0 0 1 40 0 7 243 293 229 0 7 0
23 894580 T 177 0 0 0 1 8 1 109 0 56 16 115 477 6 20 167 893404 4 0 19 0
24 861225 E 45 1 204 859664 440 178 3 61 218 5 31 4 27 76 5 1 2 65 101 0 94
25 809056 I 0 0 0 0 37 2 0 808675 0 21 33 63 1 0 0 6 123 95 0 0 0
26 769754 R 0 0 5 0 0 195 0 95 153 0 0 1 0 0 769163 50 30 2 0 0 60
27 729245 A 728590 0 0 149 9 44 0 0 0 6 4 0 25 0 0 93 97 141 0 87 0
28 698160 S 13 32 0 11 74 22 1 1 0 0 1 1 126 0 2 697671 64 0 0 141 0
29 666389 V 96 0 61 0 86 6 0 235 0 20 3 0 40 1 0 0 0 665841 0 0 0
30 630053 G 26 0 0 150 0 629391 0 0 0 0 0 0 2 0 309 0 0 63 0 0 112
31 598216 K 138 2 0 123 19 3 0 36 597659 3 0 52 0 10 131 0 8 0 0 0 32
32 553847 M 2 0 0 0 1 0 0 228 42 43 553363 1 5 0 2 0 84 76 0 0 0
33 515909 I 8 0 0 0 48 0 1 515658 2 11 4 31 0 1 0 8 52 81 0 4 0
34 503891 G 186 385 109 0 0 503010 0 0 20 7 0 4 1 1 13 104 2 49 0 0 0
35 488453 G 16 0 0 62 0 488126 0 0 1 1 0 0 0 3 109 0 0 68 0 0 67
36 325212 I 0 0 0 0 19 0 0 325035 0 24 3 25 0 0 0 6 33 67 0 0 0
37 332136 G 12 0 0 48 0 331904 0 0 0 0 0 0 0 0 81 2 0 36 0 0 53
38 341516 R 0 0 0 0 0 13 0 13 0 44 0 0 18 71 341259 0 0 1 0 0 97
39 351502 F 0 6 0 0 351172 0 1 23 0 143 0 1 0 0 2 44 0 5 83 22 0
40 364785 Y 0 56 0 0 46 0 100 0 0 0 7 33 0 0 0 5 0 0 0 364492 46
41 378454 I 0 4 0 0 29 3 0 377777 0 30 13 25 0 0 0 215 78 56 0 224 0
42 395407 Q 0 0 0 17 0 0 18 0 94 25 1 0 14 395124 62 0 0 3 0 0 49
43 410718 M 9 0 0 0 1 0 0 131 25 36 410416 0 1 0 5 0 42 49 0 0 3
44 429728 C 0 429248 0 0 57 11 1 0 1 0 0 0 0 7 83 70 30 6 26 118 70
45 445856 T 91 0 0 1 0 0 0 71 0 3 0 41 13 0 0 77 445559 0 0 0 0
46 461548 E 1 0 47 461182 0 52 19 0 152 0 0 0 0 14 0 0 1 18 0 2 60
47 477899 L 0 0 0 44 79 0 28 248 0 477379 0 0 104 0 4 0 0 13 0 0 0
48 491915 K 0 4 2 93 1 0 0 15 491565 43 0 44 0 6 85 31 3 4 0 0 19
49 502139 L 1 0 0 0 60 0 31 60 0 501842 1 0 63 0 1 0 0 80 0 0 0
50 515330 S 227 30 2 0 0 1813 1 66 0 6 0 47 1 0 82 512912 143 0 0 0 0
51 529434 D 26 0 528636 53 0 88 15 26 0 25 0 94 358 0 1 5 0 47 0 60 0
52 543360 Y 0 226 5 1 45 0 141 15 218 1 0 7 0 0 0 14 5 2 0 542605 75
53 561553 E 7 0 159 560960 0 152 0 0 114 0 0 1 0 26 0 0 0 54 0 0 80
54 573615 G 56 0 0 288 0 572674 0 0 0 0 0 0 1 0 176 253 5 67 0 0 95
55 583144 R 0 0 0 5 0 20 1 6 1695 110 0 0 17 203 580907 0 1 0 179 0 0
56 591281 L 21 0 0 0 89 0 0 0 1 590949 36 1 8 0 0 106 0 15 9 0 46
57 601915 I 0 0 0 0 58 0 0 601550 1 7 22 54 0 0 0 8 111 104 0 0 0
58 611768 Q 0 0 0 30 0 0 32 0 120 31 0 0 74 611290 92 0 0 0 3 1 95
59 613478 N 1 0 80 0 1 0 11 45 84 0 0 613108 1 0 0 84 36 0 0 27 0
60 619273 S 0 31 0 0 0 77 0 86 0 0 0 78 0 0 178 618797 26 0 0 0 0
61 625070 L 1 0 0 0 52 0 0 40 0 624641 3 0 2 0 1 160 69 31 0 0 70
62 635694 T 97 11 0 0 2 20 0 63 67 1 0 0 2 0 26 68 635337 0 0 0 0
63 646412 I 0 1 0 0 0 0 0 646040 40 52 129 1 0 0 2 0 75 72 0 0 0
64 656478 E 4 0 107 655979 0 126 0 0 78 1 0 0 0 28 0 1 11 36 0 1 106
65 658928 R 0 0 0 0 0 129 0 84 68 0 0 0 0 0 658542 37 16 6 0 0 46
66 661975 M 0 1 0 0 0 0 0 237 71 66 661406 0 0 0 5 0 70 119 0 0 0
67 658534 V 103 0 0 97 0 17 0 1 0 78 133 0 0 0 0 0 0 658105 0 0 0
68 662234 L 0 0 0 0 63 0 41 116 0 661869 0 0 101 0 14 0 1 29 0 0 0
69 660529 S 65 23 0 0 48 0 0 0 0 0 1 8 127 1 0 660083 40 0 0 131 2
70 654540 A 653956 0 111 0 0 29 0 0 0 0 0 0 28 0 0 107 247 62 0 0 0
71 651649 F 7 10 0 0 651327 0 0 28 27 123 0 0 1 0 0 91 0 12 0 23 0
72 646583 D 9 1 646066 108 1 125 59 0 0 0 0 106 0 0 0 0 1 54 0 53 0
73 648614 E 123 0 68 647858 0 172 0 13 183 12 0 0 0 32 0 0 0 56 0 0 97
74 659550 R 1 0 1 0 0 164 0 4 109 2 140 4 0 0 658929 143 20 0 33 0 0
75 659434 R 0 0 0 0 0 141 0 72 92 1 0 0 0 0 658993 52 18 0 0 0 65
76 659611 N 0 0 112 0 0 0 15 43 54 1 0 659049 0 9 0 264 31 0 0 33 0
77 657995 K 41 0 0 118 13 1 0 38 657370 4 0 43 0 1 82 0 5 254 0 0 25
78 663693 Y 14 109 4 0 29 0 161 0 0 0 0 33 0 1 0 6 0 0 0 663235 101
79 667529 L 0 0 0 0 43 4 52 110 0 667186 0 0 106 0 10 1 5 12 0 0 0
80 660399 E 319 142 53 657500 4 842 0 302 212 0 0 1 1 97 2 780 9 54 0 2 79
81 658842 E 2 0 64 658173 3 103 0 2 88 0 0 0 3 17 0 1 1 54 0 262 69
82 657449 H 56 7 23 2 2 7 656874 0 0 80 0 62 10 60 75 1 106 0 0 84 0
83 655329 P 12 0 0 0 1 1 132 0 0 77 0 10 654869 0 29 61 120 16 0 1 0
84 664210 S 0 12 0 0 0 191 0 51 0 4 0 348 0 0 132 663466 6 0 0 0 0
85 660908 A 660169 0 0 146 0 34 0 0 0 0 0 0 17 0 52 110 160 220 0 0 0
86 657333 G 29 3 0 119 63 656586 0 0 1 54 0 0 0 0 114 23 7 121 213 0 0
87 659053 K 0 0 0 148 1 0 0 47 658614 1 4 68 0 8 121 0 7 0 0 0 34
88 661365 D 6 1 660388 76 1 117 13 0 0 1 0 203 1 0 0 424 0 54 0 79 1
89 661990 P 15 1 6 0 2 913 839 96 0 70 0 0 659833 3 27 84 96 1 2 2 0
90 664650 K 6 0 1 107 0 197 1 145 663819 88 18 83 0 4 96 5 32 31 0 3 14
91 661559 K 0 1 0 116 0 1 0 19 661197 1 0 20 1 4 140 22 7 0 0 0 30
92 655330 T 83 0 0 0 0 0 0 32 0 0 0 90 30 0 0 52 655042 1 0 0 0
93 657333 G 17 0 0 92 0 656882 0 0 1 0 0 0 0 0 159 0 0 78 0 0 104
94 655871 G 22 0 0 79 0 655498 0 0 0 0 0 0 0 0 96 1 0 79 0 0 96
95 650644 P 22 0 0 0 1 0 111 0 0 54 0 0 650278 1 23 93 61 0 0 0 0
96 646122 I 0 0 0 11 0 0 0 645720 56 61 88 0 0 0 8 0 78 100 0 0 0
97 642420 Y 2 799 4 0 61 1 109 3 0 13 0 48 0 0 0 18 0 0 59 641194 109
98 639727 R 0 0 0 0 0 151 144 0 115 4 151 0 2 1 638694 398 18 1 48 0 0
99 634584 R 2 1 0 0 0 142 1 110 107 3 0 0 8 0 634085 50 20 0 0 0 55
100 631027 V 104 0 0 71 0 13 0 192 9 50 0 0 3 0 15 106 0 630454 0 10 0
101 632098 N 0 0 113 0 0 234 121 43 99 11 0 631158 55 0 46 156 43 1 0 18 0
102 630241 G 22 12 2 95 0 629431 0 0 1 24 0 0 3 0 220 161 0 167 0 0 103
103 635015 K 0 1 0 117 0 0 15 1 634338 1 35 230 10 4 220 1 7 0 0 0 35
104 631958 W 0 87 0 0 0 10 0 0 0 79 0 9 0 0 110 23 1 0 631488 0 151
105 629088 M 0 0 0 0 0 0 0 326 65 76 628406 0 0 1 13 0 74 127 0 0 0
106 625608 R 0 2 0 0 0 159 0 91 57 0 0 4 0 0 625102 68 57 0 0 0 68
107 623896 E 2 0 72 623452 0 87 0 0 120 0 0 0 0 36 2 0 0 51 0 0 74
108 623783 L 0 0 0 0 88 11 44 61 0 623278 0 6 108 0 4 146 0 18 0 0 19
109 619869 I 0 0 0 0 39 0 0 619431 0 9 21 80 0 0 0 5 148 136 0 0 0
110 613003 L 0 1 0 0 31 0 22 142 0 612680 0 0 93 0 16 0 0 18 0 0 0
111 608211 Y 0 90 8 0 47 0 113 1 0 0 0 6 0 0 0 7 4 0 0 607847 88
112 599569 D 57 0 598921 94 0 146 35 0 0 0 0 153 0 2 0 0 0 96 0 65 0
113 592736 K 0 0 0 82 0 0 0 24 592448 0 0 31 0 19 94 2 8 0 0 0 28
114 595654 E 12 0 51 595227 0 95 0 0 88 0 0 13 1 39 0 0 29 34 0 1 64
115 593104 E 1 0 38 592786 0 114 0 0 68 0 0 0 0 17 0 0 0 31 0 0 49
116 588404 I 0 25 0 0 0 0 0 588016 46 52 128 0 0 0 2 0 70 65 0 0 0
117 589896 R 62 2 0 0 0 176 22 34 85 142 125 10 0 1 586612 2287 235 69 34 0 0
118 588451 R 0 0 0 0 0 31 1 0 0 137 2 0 27 129 587991 0 26 1 0 0 106
119 584176 I 0 0 0 0 20 0 0 583906 0 18 9 44 0 0 0 5 77 95 0 2 0
120 584613 W 0 89 0 0 0 15 0 0 0 68 0 0 0 0 176 20 0 0 583973 0 272
121 583788 R 1 701 0 0 0 27 155 0 2 84 0 0 18 1 582667 132 0 0 0 0 0
122 583797 Q 0 0 0 14 0 1 46 1 87 31 0 0 10 583353 162 2 17 0 0 0 73
123 582570 A 581941 1 149 0 0 87 0 0 0 0 0 0 12 0 1 117 109 113 0 0 40
124 587979 N 1 0 95 0 2 0 4 51 57 0 0 587665 0 20 0 61 13 0 0 10 0
125 591376 N 167 257 88 3 2 4 9 111 110 226 10 589804 2 14 0 265 224 45 0 35 0
126 586890 G 86 80 121 0 1 586061 3 4 6 123 0 0 1 58 25 156 10 150 0 0 5
127 587685 D 12 0 585402 101 0 153 23 1 96 5 4 150 0 24 17 2 0 230 4 1459 2
128 588210 D 3 85 587438 78 0 90 71 25 0 8 0 143 37 0 2 30 58 58 0 84 0
129 595326 A 592992 5 0 110 0 30 5 4 1 10 0 0 19 0 35 64 635 1415 0 1 0
130 598455 T 140 0 1 8 0 4 0 0 101 76 144 2 129 1 20 40 597785 3 0 1 0
131 600770 A 599283 380 141 0 1 561 2 10 0 12 1 19 58 0 1 94 145 62 0 0 0
132 591605 G 18 105 93 0 0 591209 0 0 0 0 0 1 0 0 13 129 2 35 0 0 0
133 595897 L 5 0 0 0 0 0 1 0 449 594846 137 0 183 40 27 1 0 208 0 0 0
134 593912 T 110 7961 0 0 13 2 0 70 1 2 2 63 10 1 3 93 585561 15 0 3 2
135 599694 H 205 0 28 0 0 3 598835 0 0 78 0 120 18 128 90 104 0 0 0 85 0
136 608226 M 4 8 0 0 0 1 1 237 60 73 606791 12 0 0 12 1 218 805 0 2 1
137 614686 M 1 0 0 0 2 0 0 255 63 82 614043 1 0 0 7 0 113 118 0 1 0
138 613876 I 0 0 0 0 67 2 0 613544 0 7 18 51 0 1 0 8 89 89 0 0 0
139 618830 W 0 114 0 0 0 15 0 0 1 93 0 0 0 0 221 24 0 0 618133 0 229
140 621139 H 8 0 26 1 50 44 620288 76 2 52 0 125 9 129 117 11 15 1 15 169 1
141 623891 S 234 27 0 0 93 11 0 0 0 0 0 0 123 0 0 623236 31 0 0 136 0
142 620803 N 0 0 89 0 2 70 8 26 54 0 0 620453 0 0 6 65 7 0 0 23 0
143 620575 L 0 0 0 0 124 0 0 0 0 620254 29 0 0 0 0 94 0 23 12 0 39
144 622055 N 15 0 108 1 0 236 9 38 61 245 0 621128 1 1 0 111 9 2 0 88 2
145 616602 D 9 0 616170 73 0 117 13 0 0 0 0 75 0 0 0 0 0 64 0 81 0
146 613918 A 612517 1 0 93 0 54 0 1 0 0 0 0 23 0 0 92 989 148 0 0 0
147 613082 T 103 0 0 0 0 0 0 41 0 0 0 102 10 0 0 47 612778 1 0 0 0
148 610546 Y 0 95 3 0 21 0 107 1 0 0 0 21 0 0 0 4 0 0 0 610230 64
149 612756 Q 0 3 0 22 0 0 129 0 85 65 0 0 8 612207 160 0 0 0 0 1 76
150 605937 R 0 0 0 0 0 144 4 1 108 2 87 0 0 0 605484 60 19 0 27 0 1
151 600836 T 137 0 0 0 1 4 0 90 56 1 1 0 10 3 23 239 600269 2 0 0 0
152 603693 R 0 0 0 0 0 117 0 45 98 3 0 0 0 0 603356 24 14 0 0 0 36
153 608686 A 607615 0 150 1 0 34 0 0 0 1 0 0 21 0 2 581 223 58 0 0 0
154 609825 L 2 0 0 0 39 0 37 113 0 609522 0 0 77 1 6 0 1 26 0 1 0
155 609421 V 131 0 59 0 44 35 0 115 0 15 1 1 0 0 0 0 0 609020 0 0 0
156 607693 R 2 180 0 0 0 25 219 0 0 86 0 1 28 1 607021 127 1 0 0 0 2
157 609106 T 115 0 0 0 0 0 0 95 2 4 0 55 16 0 6 115 608301 396 0 0 1
158 604945 G 35 0 0 72 0 603841 0 4 0 3 0 3 0 8 206 577 1 86 0 4 105
159 606503 M 4 0 0 0 0 0 1 349 31 94 605812 0 0 0 6 1 83 121 0 0 1
160 616328 D 7 0 615898 83 0 140 12 0 0 1 0 97 2 0 2 0 0 26 0 57 3
161 617338 P 26 0 0 0 0 12 166 1 1 87 0 0 616721 0 26 78 187 33 0 0 0
162 625035 R 3 10 5 1 0 154 1 0 100 1 91 1 0 1 624517 106 10 1 33 0 0
163 633030 M 11 4 0 0 282 1 2 198 26 82 632143 4 0 2 5 1 91 178 0 0 0
164 632473 C 1 631770 0 0 90 71 0 0 0 3 0 1 1 10 85 97 0 13 22 187 122
165 635459 S 19 28 2 0 59 16 0 0 0 0 2 39 149 0 0 634956 35 0 0 153 1
166 639542 L 1 0 0 9 0 0 6 0 2 638828 163 0 128 88 6 291 0 20 0 0 0
167 649037 M 0 0 0 0 0 0 0 338 55 78 648327 0 0 2 5 0 123 109 0 0 0
168 652220 Q 0 0 0 29 0 7 54 1 110 41 9 1 14 651198 147 529 0 0 0 0 80
169 649554 G 26 432 93 0 0 648878 0 1 0 0 0 0 0 0 9 76 0 38 0 0 1
170 656597 S 11 0 0 0 0 3 0 2 0 111 0 0 108 0 0 656151 55 0 0 0 156
171 658682 T 145 0 0 0 0 0 0 59 0 0 0 158 6 1 0 66 658218 0 0 29 0
172 658450 L 1 0 0 0 45 1 48 196 0 657950 0 0 185 0 7 0 0 17 0 0 0
173 658288 P 49 0 0 0 1 0 213 1 0 51 0 0 657553 2 29 244 140 3 0 2 0
174 662059 R 0 1 0 0 1 120 0 2 69 2 103 0 9 0 661616 85 16 0 35 0 0
175 661397 R 0 0 0 0 0 141 1 0 129 2 1449 0 0 1 659551 47 19 6 51 0 0
176 665361 S 43 125 0 0 73 6 0 0 0 0 0 0 103 5 0 664798 76 1 0 131 0
177 674020 G 27 2 0 124 0 673580 1 1 4 3 0 1 0 0 175 0 0 55 0 0 47
178 681468 A 680680 0 155 1 0 91 0 2 41 0 0 5 20 1 44 159 154 114 0 1 0
179 690662 A 689857 0 0 134 0 35 0 0 1 0 0 0 93 1 0 139 319 83 0 0 0
180 689042 G 13 117 137 0 0 688634 1 0 0 3 0 0 0 6 14 75 0 42 0 0 0
181 688299 A 687237 14 121 1 0 38 5 0 3 7 2 2 11 2 17 513 180 106 33 2 5
182 694625 A 693432 362 0 134 2 59 7 0 2 8 0 2 35 0 4 93 248 226 6 3 2
183 696749 V 110 0 58 0 69 10 0 124 0 77 0 0 0 1 0 48 38 696214 0 0 0
184 707974 K 0 0 0 159 0 0 0 44 707467 0 6 81 0 13 94 0 8 31 0 0 71
185 714668 G 16 0 0 85 0 714270 0 0 0 0 0 0 0 0 103 0 0 84 0 0 110
186 720613 V 89 0 53 3 43 11 0 108 0 119 1 0 2 0 0 3 5 720176 0 0 0
187 726787 G 28 1 0 141 0 726221 0 0 0 0 0 0 0 0 187 0 0 88 0 0 121
188 730116 T 157 1 0 0 1 10 0 89 85 1 0 0 14 0 21 69 729661 5 0 1 1
189 739685 M 6 1 2 0 5 1 43 510 55 61 738808 0 0 0 13 0 75 104 0 0 1
190 740665 V 114 1 0 82 0 15 0 0 0 69 161 0 0 0 0 4 0 740217 0 2 0
191 742717 M 0 0 0 0 0 0 0 310 82 496 741423 0 0 112 12 29 116 137 0 0 0
192 744757 E 5 3 64 744233 0 181 0 1 103 0 0 0 0 28 0 0 0 56 0 0 83
193 745384 L 0 0 0 0 163 0 0 0 0 744996 47 0 1 0 0 103 0 16 11 0 47
194 746943 V 245 4 101 1 43 13 0 205 0 49 65 1 0 0 0 7 10 746198 1 0 0
195 743377 R 1 1 0 0 0 174 0 111 129 0 0 0 0 0 742745 44 23 56 0 0 93
196 742242 M 1 0 0 2 1 0 0 266 62 48 741599 1 0 0 10 12 88 151 1 0 0
197 740545 I 2 0 0 2 70 0 0 740062 0 27 19 96 2 0 0 7 119 139 0 0 0
198 737132 K 1 0 0 94 0 1 0 17 736760 1 0 86 0 12 130 1 9 0 0 0 20
199 732744 R 0 148 0 0 0 72 210 0 0 67 0 0 13 77 732033 124 0 0 0 0 0
200 735237 G 22 0 0 165 0 734492 0 0 1 0 0 0 0 0 180 24 1 135 216 0 1
201 726760 I 1 0 0 0 87 0 103 726048 0 123 32 55 0 0 4 26 126 153 0 2 0
202 719697 N 394 2 161 0 0 0 10 33 77 0 0 718825 0 0 0 147 6 1 0 41 0
203 717914 D 6 0 717377 76 3 110 13 0 0 0 0 140 2 0 0 19 0 79 0 89 0
204 714282 R 1 0 0 0 0 31 0 0 1 120 1 0 24 215 713728 1 0 1 159 0 0
205 706349 N 1 0 124 0 0 0 5 25 142 0 0 705834 0 0 0 165 9 0 3 41 0
206 694624 F 4 1 0 0 694148 0 0 23 0 264 0 9 0 22 1 121 2 10 0 19 0
207 681078 W 1 118 0 0 0 9 1 0 0 83 0 0 0 0 235 34 0 0 680371 0 226
208 671270 R 0 0 0 0 3 152 0 0 127 0 164 0 0 0 670496 266 20 0 42 0 0
209 667410 G 18 118 128 1 0 666964 0 0 0 0 0 0 3 1 20 109 0 43 0 0 5
210 665408 E 4 0 132 664802 0 157 0 0 127 0 0 0 7 14 0 0 0 77 0 0 88
211 662045 N 3 0 116 1 0 0 9 50 64 8 0 661572 3 0 0 115 36 7 0 41 20
212 663378 G 35 0 0 114 1 662854 0 3 2 0 0 0 0 0 184 2 0 73 0 0 110
213 659696 R 0 0 0 0 0 30 0 0 0 94 0 0 27 193 659129 0 0 0 0 0 223
214 650230 K 1 0 0 130 18 2 0 32 649826 7 2 39 0 10 101 3 16 21 1 0 21
215 644483 T 3162 19 2 0 0 1 0 52 51 0 20 0 180 0 20 74 640899 1 0 2 0
216 639766 R 0 0 0 0 0 107 0 61 104 0 0 0 0 0 639390 42 16 0 0 0 46
217 636259 I 0 1 0 0 35 273 1 635646 0 15 10 59 4 0 7 20 100 87 0 1 0
218 633000 A 632606 0 86 0 1 31 0 3 0 0 0 0 26 0 0 89 97 61 0 0 0
219 637798 Y 1 78 11 0 39 0 96 0 0 0 0 16 0 0 0 9 0 0 0 637463 85
220 640078 E 6 0 41 639622 0 123 0 0 130 0 0 0 0 24 0 0 1 57 0 0 74
221 642259 R 0 0 0 0 0 148 0 56 73 0 1 0 0 0 641885 51 17 0 0 0 28
222 632583 M 0 1 0 1 0 0 0 227 60 43 632012 0 0 0 10 0 60 169 0 0 0
223 627277 C 1 626624 0 0 90 12 0 1 0 2 0 0 0 0 148 162 0 0 36 125 76
224 627209 N 1 14 100 0 0 0 11 56 62 0 0 626810 0 0 0 90 8 0 0 57 0
225 628413 I 0 0 0 0 41 7 0 628081 2 7 6 28 0 0 0 8 149 83 0 1 0
226 630905 L 0 0 0 0 50 0 77 68 0 630552 0 0 127 0 5 1 0 25 0 0 0
227 630652 K 0 0 0 106 0 0 0 44 630297 0 0 51 1 11 96 1 10 0 0 0 35
228 627731 G 18 1 0 107 0 626834 0 0 0 0 0 0 0 0 155 0 159 201 255 0 1
229 626434 K 0 1 0 147 0 0 0 29 626035 0 0 62 0 5 97 5 9 1 1 0 42
230 629477 F 0 15 0 0 629085 0 0 50 0 194 0 0 1 0 0 92 0 11 0 29 0
231 629951 Q 5 0 0 21 0 0 382 11 80 22 0 8 10 623357 5938 1 0 2 0 23 91
232 630719 T 91 0 0 0 0 0 1 37 2 1 0 101 25 0 0 44 630404 12 0 1 0
233 632299 A 631883 0 101 0 0 20 0 1 0 0 0 1 24 0 1 99 96 73 0 0 0
234 629900 A 629123 0 0 88 0 237 0 0 2 0 0 0 45 0 0 87 217 100 0 0 1
235 628373 Q 1 0 0 20 0 0 59 0 57 30 0 0 6 628014 91 0 0 0 0 0 95
236 627130 K 0 0 1 84 0 0 0 29 626769 0 0 33 0 5 178 0 15 0 0 0 16
237 626285 A 625868 0 0 74 0 25 0 0 0 7 0 0 16 0 0 85 108 102 0 0 0
238 621173 M 1 0 0 0 0 0 0 224 39 56 620609 0 0 35 8 0 98 102 0 1 0
239 614096 M 0 4 1 0 0 0 0 364 64 58 613281 3 1 0 11 0 162 147 0 0 0
240 604597 D 8 1 604128 73 0 110 28 0 0 0 0 109 0 1 2 0 2 58 0 77 0
241 598175 Q 1 0 0 24 0 0 28 1 105 57 0 0 15 597725 148 0 1 0 0 0 70
242 589290 V 80 1 0 80 0 8 0 2 0 77 106 3 0 0 0 0 0 588933 0 0 0
243 584339 R 37 3 0 0 1 138 0 75 96 0 2 0 0 4 583839 63 21 0 0 0 60
244 571025 E 7 0 69 570607 0 145 0 1 69 21 0 0 0 24 0 0 2 33 0 0 47
245 558163 S 0 14 0 0 0 139 0 119 0 0 0 89 1 0 140 557634 27 0 0 0 0
246 545802 R 0 0 0 0 0 31 0 0 62 171 0 0 37 179 545173 0 0 0 149 0 0
247 532723 N 0 0 97 0 0 1 4 29 64 7384 1 524892 2 0 5 120 48 49 0 27 0
248 517559 P 12 0 0 0 0 0 0 0 0 65 0 0 517220 125 12 41 80 4 0 0 0
249 501338 G 14 0 0 72 0 500863 0 0 0 1 0 1 0 0 109 0 0 112 163 3 0
250 488892 N 1 0 87 1 0 52 1 27 50 0 1 487367 0 0 1 76 1187 0 0 41 0
251 478690 A 478167 0 111 0 2 24 0 0 0 0 0 0 20 0 1 81 167 117 0 0 0
252 466579 E 9 0 35 466238 0 63 0 0 91 5 0 0 25 29 0 0 1 21 0 0 62
253 451973 F 0 5 0 0 451616 0 0 39 1 180 0 0 0 0 2 97 0 5 0 28 0
254 435413 E 7 0 36 435080 0 87 0 0 98 0 0 0 0 11 0 0 0 32 0 0 62
255 417093 D 5 0 416861 29 0 52 9 0 0 9 0 62 0 0 0 0 0 25 0 41 0
256 398019 L 7 0 0 0 22 0 34 57 0 397789 0 0 83 0 10 0 0 17 0 0 0
257 379628 T 58 2 0 0 1 1 2 67 1 0 0 68 6 0 0 65 379355 1 0 1 0
258 364610 F 0 6 0 0 364408 0 0 20 0 95 0 0 0 0 0 59 0 5 0 17 0
259 352815 L 0 1 0 0 0 0 0 33 0 352690 0 0 50 25 7 1 0 8 0 0 0
260 337685 A 336692 0 0 90 0 23 0 0 0 0 0 0 20 0 1 730 65 64 0 0 0
261 321579 R 0 0 0 0 0 5 0 0 0 45 0 0 4 72 321392 0 0 0 60 0 1
262 304811 S 4 15 0 0 32 7 0 0 0 0 0 0 48 0 0 304609 25 0 0 71 0
263 283122 A 282848 1 0 49 0 15 0 0 0 0 0 1 16 0 0 42 89 61 0 0 0
264 261623 L 0 0 0 0 38 0 17 43 0 261454 0 0 61 0 1 0 5 4 0 0 0
265 239962 I 0 0 0 0 0 0 0 239624 16 62 48 0 5 0 2 0 53 152 0 0 0
266 220801 L 14 4 1 0 62 0 1 5 0 220511 22 1 0 21 0 45 17 78 2 2 15
267 207953 R 0 0 0 0 0 48 0 18 32 0 0 0 0 0 207820 10 3 0 0 0 22
268 193317 G 7 0 0 22 0 193080 0 3 0 0 0 0 1 18 54 0 0 98 33 0 1
269 176371 S 4 0 1 2 0 13 6 0 0 44 2 0 19 1 0 176216 21 0 7 1 34
270 157834 V 37 1 8 0 11 8 0 145 6 12 0 1 7 1 4 41 427 157125 0 0 0
271 143430 A 141874 2 26 1 0 1289 2 1 1 2 1 24 7 0 0 105 58 36 1 0 0
272 134557 H 0 0 3 0 0 0 134427 1 0 22 0 43 2 24 19 0 0 0 0 16 0
273 119288 K 0 0 0 28 0 0 0 0 119223 0 2 10 0 1 17 1 1 0 0 0 5
274 108624 S 3 3 1 0 9 16 0 0 0 0 0 0 17 0 0 108528 21 0 0 25 1
275 100085 C 1 99662 0 0 24 10 0 0 0 1 0 0 3 0 12 287 3 1 14 25 42
276 91925 L 0 25 6 0 0 0 0 4 0 91818 38 0 12 11 3 1 0 7 0 0 0
277 85423 P 10 0 0 0 0 0 46 0 0 19 0 0 85255 0 6 18 69 0 0 0 0
278 79917 A 79695 0 43 0 0 7 1 0 0 1 0 0 4 1 0 24 53 88 0 0 0
279 73433 C 1 73216 1 0 35 14 0 0 0 6 51 0 0 0 40 10 0 36 4 12 7
280 76566 V 13 27 0 7 2 2 0 0 0 9 22 0 0 0 0 1 67 76416 0 0 0
281 83405 Y 14 23 1 1 16 0 26 0 0 0 0 3 0 0 0 0 0 8 0 83286 27
282 73915 G 179 1 0 48 4 73306 0 0 0 0 1 0 2 0 42 272 1 0 0 0 59
283 108566 P 26 2576 0 25 4 35 206 8 3 68 125 4 103930 9 44 1356 68 30 8 41 0
284 122845 A 119723 0 95 2 0 43 0 2 1 145 1 0 59 2 85 121 2463 101 0 2 0
285 131295 V 36 59 0 48 0 27 3 215 0 645 0 2 3 4 1 16 7 130221 6 2 0
286 142800 A 142688 0 37 0 0 15 0 1 0 0 1 0 3 0 0 11 12 32 0 0 0
287 153671 S 0 22 0 0 0 29 1 7 0 4 0 80 1 8 157 153359 3 0 0 0 0
288 169865 G 6 0 0 28 0 169686 0 0 0 2 1 0 0 0 37 22 0 36 47 0 0
289 195251 Y 77 47 4 6 5 29 86 10 1 147 12 23 0 0 5 0 43 29391 0 165327 38
290 220248 D 2 4 219974 56 6 43 8 0 0 25 0 77 2 0 1 1 0 23 0 26 0
291 242921 F 2 8 6 0 242644 121 0 6 0 64 4 1 7 2 1 36 1 6 0 12 0
292 267224 E 4 7 14 266719 2 81 0 4 63 255 0 0 19 11 1 0 0 22 0 0 22
293 284540 R 1 0 0 17 1 60 0 1 38 4 1135 19 0 0 282576 68 12 283 8 317 0
294 299390 E 29 4 410 298102 6 182 139 0 46 11 25 118 0 16 18 120 8 40 0 65 51
295 323663 G 13 0 0 82 0 323408 0 0 0 0 0 0 0 0 78 1 0 35 0 0 46
296 344923 Y 0 114 1 0 38 0 202 2 1 0 0 32 0 0 0 2 0 0 2 344472 57
297 365579 S 52 9 0 0 22 6 0 0 0 0 0 0 72 0 0 365316 34 0 0 68 0
298 390415 L 1 0 0 0 0 0 2 89 0 390178 0 0 79 42 7 2 0 14 0 0 1
299 403981 V 73 3 43 0 38 7 0 62 0 21 0 0 0 0 0 2 0 403732 0 0 0
300 418094 G 14 0 0 60 0 417751 0 0 1 0 1 0 2 0 154 1 0 40 0 0 70
301 433546 I 8 2 0 0 0 0 0 433157 46 56 104 0 0 1 9 0 81 82 0 0 0
302 457317 D 6 0 456917 69 0 82 67 0 1 0 0 70 7 0 0 0 5 41 0 52 0
303 479359 P 20 0 0 0 0 8 187 0 0 40 0 0 478942 2 11 39 110 0 0 0 0
304 497947 F 0 22 0 0 497572 1 0 24 0 166 0 0 1 5 0 124 1 8 0 23 0
305 518195 R 0 0 0 0 0 309 0 72 101 7 0 5 0 0 517332 94 204 3 0 22 46
306 532007 L 0 0 0 2 12 0 1 0 0 531431 176 0 110 115 75 2 71 12 0 0 0
307 551612 L 0 3 0 0 70 0 18 61 0 551314 0 0 121 0 8 3 2 12 0 0 0
308 572746 Q 0 4 0 20 12 0 242 3 801 65 118 0 21 571132 118 3 2 153 0 4 48
309 588410 N 2 0 77 19 6 20 10 36 238 4 0 587506 1 4 224 110 109 34 0 10 0
310 606595 S 0 36 2 0 39 185 0 96 11 70 0 175 1 71 128 605646 30 103 0 2 0
311 616647 Q 0 0 0 30 1 1108 29 21 113 40 0 0 16 614728 115 83 182 84 1 2 94
312 633435 V 86 3 0 53 0 12 0 0 0 68 153 8 9 0 0 127 3 632913 0 0 0
313 650193 Y 0 152 5 0 74 1 129 0 1 33 1 55 16 0 0 387 2 48 0 649181 108
314 665883 S 0 26 0 0 0 250 0 98 0 1 0 83 0 0 136 665274 15 0 0 0 0
315 678540 L 0 0 0 0 59 0 0 99 0 676601 0 29 185 63 8 1 0 1495 0 0 0
316 691477 I 7 0 0 3 52 9 0 691038 0 54 22 62 0 0 0 60 93 76 0 1 0
317 700270 R 0 0 0 0 0 153 0 81 114 0 0 0 0 0 699803 73 21 0 0 0 25
318 704662 P 55 2 0 3 1 14 18 0 110 74 4 0 703880 172 104 86 118 0 0 21 0
319 711959 N 0 1 90 0 13 102 13 32 117 580 31 710629 21 0 24 230 10 8 0 58 0
320 719295 E 3 0 362 718478 0 139 0 0 117 0 2 0 0 28 0 0 0 68 0 0 98
321 717970 N 0 1 110 1 0 2 4 61 67 70 0 717434 0 0 0 98 25 6 0 91 0
322 720640 P 22 3 0 1 0 1 0 0 0 98 0 0 720053 134 38 175 109 5 0 1 0
323 722201 A 721463 1 0 131 4 65 30 0 5 3 19 0 41 1 64 102 139 132 1 0 0
324 721641 H 5 0 32 0 0 0 721110 0 0 113 0 75 16 89 107 1 1 0 0 90 2
325 714100 K 0 0 0 148 0 0 0 0 713578 0 53 117 0 6 153 0 19 1 0 0 25
326 707977 S 0 59 0 0 0 111 0 40 0 10 0 141 0 0 97 707498 21 0 0 0 0
327 697860 Q 0 0 0 45 0 0 89 2 87 57 1 0 9 697338 119 34 0 0 0 0 79
328 687792 L 0 94 0 0 1 3 0 1 0 687041 85 0 107 64 9 3 0 383 0 0 1
329 688465 V 85 0 0 56 1 28 0 1 0 1261 135 0 0 0 0 0 0 686897 1 0 0
330 688677 W 0 111 0 0 1 11 0 5 1 89 0 1 3 0 123 26 0 0 688044 1 261
331 674857 M 0 5 0 2 0 0 0 666 59 79 673778 0 13 2 18 0 94 141 0 0 0
332 672597 A 671472 0 0 167 0 488 0 0 0 0 0 0 34 0 1 107 177 151 0 0 0
333 669533 C 258 668030 0 0 114 19 0 19 0 2 0 0 0 0 152 114 478 10 27 199 111
334 658169 H 3 0 27 0 0 0 657660 1 0 38 0 164 19 48 79 0 7 0 0 123 0
335 649076 S 6 82 1 2 110 68 0 0 0 0 0 0 81 163 4 648373 42 0 0 144 0
336 642403 A 641692 0 166 1 1 52 0 0 0 1 0 0 25 0 0 126 206 126 0 0 7
337 634524 A 633798 1 0 124 0 20 0 0 0 0 0 0 51 0 0 212 254 64 0 0 0
338 631508 F 0 768 0 1 630375 0 79 37 0 123 0 0 2 0 2 85 0 18 0 18 0
339 630662 E 2 0 67 630234 1 128 0 0 72 0 0 0 0 32 0 0 0 48 0 0 78
340 623438 D 7 0 623029 50 0 103 12 0 0 0 0 90 0 0 0 0 0 75 0 72 0
341 620230 L 0 0 0 0 1 0 0 164 0 619843 2 4 127 51 11 0 5 22 0 0 0
342 622211 R 0 0 0 0 0 104 0 88 158 2 0 0 0 0 621611 147 31 0 0 28 42
343 626087 V 89 0 0 44 0 8 0 83 0 374 0 0 0 0 11 0 0 625478 0 0 0
344 625477 L 0 0 0 0 59 0 0 50 0 625199 0 0 1 0 0 99 0 8 0 0 61
345 619911 S 0 16 0 0 0 81 0 95 0 0 0 74 0 0 114 619517 13 0 0 1 0
346 617165 F 0 5 0 0 616499 1 0 9 0 208 0 0 0 0 1 153 228 10 0 51 0
347 612419 I 0 0 0 0 59 0 0 612028 0 11 26 70 0 0 0 7 118 100 0 0 0
348 608379 K 157 0 1 91 0 0 1 24 607654 0 0 72 0 11 336 0 6 0 0 0 26
349 612943 G 21 0 0 100 0 612445 0 0 0 0 0 0 0 0 88 0 0 115 174 0 0
350 611369 T 607 0 0 2 0 0 0 0 100 152 166 0 10 1 37 70 610224 0 0 0 0
351 611046 K 12 0 3 89 1 0 0 7 610498 0 62 159 0 2 147 4 15 2 0 0 45
352 607116 V 84 8 0 66 0 12 0 0 0 50 137 1 0 53 0 0 257 606448 0 0 0
353 615246 L 12 1 0 0 110 1 654 141 8 613558 0 0 158 0 579 0 0 22 2 0 0
354 618137 P 44 0 0 0 0 0 0 1 0 64 1 7 617179 191 204 62 309 74 1 0 0
355 619477 R 0 0 0 0 0 104 0 109 91 3 0 0 0 0 619075 43 23 0 0 0 29
356 628707 G 58 0 0 80 0 628120 7 0 0 0 2 0 0 0 119 0 0 112 209 0 0
357 620658 K 3 0 0 168 120 12 0 0 619923 0 27 95 0 11 137 0 13 17 6 84 42
358 623174 L 0 0 0 0 51 0 16 112 0 622727 103 0 139 0 5 1 0 17 3 0 0
359 629055 S 6 28 16 0 72 10 0 1 127 0 0 2 162 0 5 628434 73 0 0 119 0
360 637107 T 111 0 0 0 0 2 1 51 0 1 0 59 8 0 0 101 636767 4 0 2 0
361 633020 R 0 0 0 0 0 108 2 107 131 1 0 0 1 0 632553 58 16 0 0 0 43
362 638798 G 23 0 0 72 0 638396 0 0 1 0 0 0 1 0 130 0 0 80 0 0 95
363 642066 V 97 0 43 0 59 10 0 106 0 23 0 3 7 0 0 12 0 641706 0 0 0
364 648953 Q 0 0 0 35 0 1 47 1 127 32 0 0 12 648486 118 0 5 2 0 0 87
365 651901 I 0 1 0 0 35 0 0 651647 0 9 7 52 1 0 0 3 82 64 0 0 0
366 659582 A 659169 0 109 0 0 14 0 0 0 0 0 0 15 0 1 72 142 60 0 0 0
367 658940 S 75 26 1 0 69 51 0 0 0 0 0 6 130 3 0 658372 67 0 1 139 0
368 659877 N 24 0 101 0 0 0 21 27 54 2 0 659063 71 0 0 99 8 366 0 41 0
369 665187 E 2 0 35 664767 0 123 0 0 131 0 0 0 0 14 0 4 0 38 0 0 73
370 665164 N 0 0 106 0 0 1 15 82 39 2 0 664732 0 1 1 98 5 0 0 82 0
371 672010 M 1 1 0 1 1 1 0 4775 70 73 666757 0 0 0 8 96 101 125 0 0 0
372 678032 E 8 0 122 677447 0 210 0 1 118 0 0 0 0 22 1 1 0 40 0 0 62
373 681384 T 150 0 1 0 1 0 1 63 0 1 0 92 10 0 148 80 680837 0 0 0 0
374 686294 M 0 0 0 0 0 0 1 1189 82 79 684738 0 0 1 8 0 90 106 0 0 0
375 687820 E 4 0 54 687328 0 141 0 0 87 2 0 2 0 56 0 5 7 65 0 0 69
376 690195 S 11 20 0 0 0 23 0 0 0 66 73 0 92 0 0 689744 47 0 0 0 119
377 686932 S 1 60 0 0 16 102 1 60 0 0 0 131 0 0 99 686442 20 0 0 0 0
378 684440 T 185 0 0 0 0 0 0 112 70 0 0 1 9 0 611 55 683397 0 0 0 0
379 687051 L 2 0 0 0 63 0 41 80 0 686343 318 0 148 0 2 0 1 53 0 0 0
380 684193 E 3 22 66 683700 0 132 0 0 114 0 0 0 0 23 0 14 0 55 0 0 64
381 686524 L 0 0 0 0 0 0 0 0 0 686282 73 0 115 29 9 0 1 15 0 0 0
382 687852 R 3 0 19 1 0 185 1 45 96 1 0 0 1 0 687378 52 21 0 1 3 45
383 688864 S 0 38 0 0 0 111 0 78 0 0 0 108 0 0 151 688355 20 0 0 0 3
384 689296 R 1 0 1 0 5 254 0 1 83 60 113 0 1 0 688639 47 12 1 75 2 1
385 690713 Y 0 118 17 0 47 0 136 0 4 19 0 73 0 44 5 25 8 3 0 690044 170
386 692688 W 0 92 0 0 2 2 0 0 0 188 0 0 0 0 163 207 0 0 691784 1 249
387 694186 A 693010 0 125 0 0 285 0 0 0 0 0 0 30 0 0 451 146 139 0 0 0
388 691169 I 0 0 0 0 0 1 0 690547 44 88 261 0 0 0 15 0 110 102 0 1 0
389 695277 R 0 0 0 0 0 161 0 0 87 1 102 0 0 0 694769 98 14 0 45 0 0
390 694009 T 132 0 0 0 0 0 0 68 0 0 0 67 8 1 1 140 693591 1 0 0 0
391 705465 R 19 0 0 1 2 192 0 107 82 6 0 3 0 0 704895 37 12 36 0 1 72
392 707787 S 3 32 0 0 14 118 1 51 0 0 0 100 0 1 67 707368 18 1 13 0 0
393 715590 G 80 1 0 76 0 715015 0 0 0 0 0 0 0 0 131 12 1 173 0 0 101
394 721831 G 29 0 1 106 0 721302 0 0 0 1 0 0 0 0 144 0 0 77 0 0 171
395 721585 N 1 0 143 0 3 23 73 36 124 22 0 720554 2 1 75 143 366 0 0 19 0
396 724444 T 135 0 1 0 423 403 2073 72 0 3 0 97 56 2 29 983 720164 0 0 3 0
397 729365 N 104 2 174 20 0 6 15 47 91 4 0 726745 3 5 1961 118 31 0 0 39 0
398 721934 Q 2047 0 2 16 2 0 115 1 167 39 0 1 20 717785 1542 28 15 70 0 19 65
399 718872 Q 500 0 2 43 0 0 145 0 100 59 7 41 294 716993 174 387 19 0 0 0 108
400 719275 R 93 16 1 0 0 140 0 0 112 21 320 0 5 1 718207 108 202 2 47 0 0
401 724266 A 723453 7 1 179 0 99 1 1 1 62 9 0 42 1 8 107 94 201 0 0 0
402 723159 S 12 231 0 1 60 17 0 3 2 9 0 1 98 1 57 722421 65 0 0 181 0
403 726168 A 724611 178 0 165 1 60 0 2 2 0 0 0 35 0 2 535 221 356 0 0 0
404 733429 G 121 797 303 1 0 731731 0 1 0 4 0 85 4 0 25 170 14 171 0 2 0
405 743046 Q 0 0 0 17 0 0 55 0 164 40 0 0 25 742531 112 0 0 0 0 0 102
406 735410 I 0 0 0 2 41 6 0 734701 7 19 13 62 0 15 0 24 126 389 0 2 3
407 744776 S 15 26 0 0 0 189 2 110 1 0 0 117 0 0 215 744077 24 0 0 0 0
408 749407 I 4 1 0 0 0 0 0 747536 45 783 126 27 0 0 4 28 687 114 0 0 52
409 751993 Q 0 1 0 27 0 0 88 67 82 24 0 1 7 751480 86 5 13 27 0 0 85
410 757557 P 32 0 0 0 0 0 148 0 0 52 0 0 757147 1 31 54 62 0 0 0 30
411 763543 T 91 0 0 0 0 0 0 0 113 1 141 0 3 0 24 49 763103 18 0 0 0
412 770436 F 0 3 0 0 769911 8 0 77 0 256 0 0 0 0 0 126 0 19 0 34 2
413 776564 S 7 1 1 0 0 43 0 0 0 143 0 6 208 0 1 775886 47 76 0 0 145
414 784066 V 137 1 1 70 2 7 0 207 0 97 0 0 0 0 0 0 0 783544 0 0 0
415 787351 Q 0 0 0 30 0 0 162 2 101 84 0 0 15 786739 145 0 1 0 0 0 72
416 787057 R 0 0 0 0 0 114 2 78 93 0 0 0 0 0 786643 37 27 0 0 0 63
417 796268 N 7 0 183 0 0 27 11 60 62 6 0 795323 56 24 1 112 38 298 0 60 0
418 802176 L 1 11 1 0 51 0 69 124 0 801723 0 0 153 1 2 0 12 27 0 1 0
419 802543 P 29 0 0 0 1 0 287 1 0 734 0 0 800610 1 24 681 173 2 0 0 0
420 805371 F 0 19 0 0 804973 0 0 39 0 174 0 11 0 0 0 89 0 10 0 56 0
421 806793 D 46 1 805514 117 0 191 53 0 1 1 0 187 0 3 0 0 0 101 0 578 0
422 804331 R 12 2 0 0 0 217 0 102 148 5 3 3 2 0 803421 95 36 73 1 138 73
423 795759 T 136 0 0 0 0 1 0 92 79 16 0 557 682 1 106 64 794015 3 6 0 1
424 792775 T 137 0 0 1 0 0 0 83 0 7 0 84 12 0 4 84 792353 7 0 0 3
425 784758 I 1 0 0 0 59 0 0 784378 0 7 4 93 0 0 0 13 91 112 0 0 0
426 773840 M 0 1 0 0 0 0 1 339 91 110 773069 0 0 0 9 1 110 107 0 0 2
427 762674 A 762003 1 0 138 0 63 0 0 1 1 0 0 31 0 1 107 123 204 0 1 0
428 744597 A 743910 3 0 136 0 24 0 25 0 0 0 0 23 0 1 94 147 234 0 0 0
429 726006 F 0 8 0 0 725505 0 0 35 0 235 0 0 0 0 0 105 0 7 0 111 0
430 708765 N 8 3432 134 1 0 7 33 48 49 237 0 704109 2 16 177 430 9 11 1 61 0
431 688020 G 69 0 0 113 5 686205 1 6 3 196 0 0 14 0 163 440 3 573 228 1 0
432 669917 N 1 13 120 1 14 941 10 251 60 0 22 668231 76 2 0 101 7 3 0 64 0
433 656678 T 188 2 0 0 0 0 1 152 80 13 0 0 39 0 47 133 655901 121 0 1 0
434 636458 E 7 0 838 635044 1 159 0 0 127 1 0 0 101 17 0 0 10 47 0 2 104
435 618979 G 22 0 0 109 22 618407 0 1 0 0 1 0 0 0 106 0 0 119 192 0 0
436 597206 R 0 0 0 0 0 164 0 76 90 0 0 0 0 0 596723 42 24 0 0 0 87
437 575889 T 85 4 0 0 0 0 2 62 86 8 0 7 7 0 42 50 575535 1 0 0 0
438 556322 S 38 14 2 0 35 3 0 0 0 0 0 15 56 16 0 556005 49 1 0 88 0
439 540027 D 1 5 539547 92 0 89 25 0 1 0 0 143 0 0 0 0 1 63 3 57 0
440 520402 M 1 0 0 1 0 0 1 185 32 56 519899 0 1 22 11 0 100 90 0 3 0
441 501243 R 0 0 0 0 0 126 0 3 78 0 110 0 0 0 500804 73 10 0 39 0 0
442 481066 T 103 0 1 0 0 0 1 74 1 1 0 62 7 0 0 563 479899 354 0 0 0
443 466019 E 1 0 39 465621 0 89 0 0 152 0 0 0 1 16 0 0 1 30 0 0 69
444 449022 I 0 13 0 0 19 0 0 448801 0 33 20 23 6 0 0 3 53 51 0 0 0
445 428572 I 0 0 0 0 0 0 0 428098 17 50 81 0 0 0 1 0 65 260 0 0 0
446 406544 R 0 0 14 0 1 108 0 8 54 3 95 1 3 0 406051 146 28 7 24 0 1
447 384607 M 0 0 44 19 0 7 0 143 36 51 384170 3 0 0 10 1 51 71 0 1 0
448 367065 M 0 1 0 7 0 0 0 157 64 56 366667 1 0 0 5 1 53 53 0 0 0
449 342503 E 1 0 20 342279 0 88 0 0 33 13 0 0 0 13 0 0 0 26 1 0 29
450 321493 S 5 8 0 0 0 79 0 42 0 20 0 62 0 0 53 321216 8 0 0 0 0
451 297442 A 296873 0 0 96 0 22 0 0 0 1 0 0 13 0 5 48 295 89 0 0 0
452 277906 R 0 0 0 1 0 63 0 36 124 0 0 0 0 0 277630 25 6 1 0 12 8
453 248901 P 14 0 0 2 0 0 1 0 0 27 0 2 248676 39 19 34 26 61 0 0 0
454 227534 E 3 0 15 227403 0 31 0 1 45 1 0 0 0 4 0 0 0 9 0 1 21
455 196895 D 2 0 196210 65 2 30 2 0 2 433 6 21 0 0 0 34 38 14 0 35 1
456 171137 V 38 0 0 20 17 6 0 0 4 238 88 0 1 0 1 80 7 170636 1 0 0
457 159519 S 4 7 0 0 21 2 0 1 0 0 0 0 17 0 1 159419 21 0 0 26 0
458 218502 F 0 2 0 0 218198 0 0 37 0 134 6 0 0 0 0 85 0 6 0 34 0
459 224075 Q 0 43 0 32 68 6 100 6 94 219 1 0 48 223058 273 0 0 96 0 5 26
460 220904 G 27 1 0 56 0 220405 0 0 0 0 0 0 0 0 334 1 0 75 5 0 0
461 218642 R 0 1 0 0 0 71 0 0 0 128 0 0 28 145 218178 0 0 0 91 0 0
462 212469 G 19 1 0 81 0 212142 0 0 0 0 0 0 0 0 103 0 0 27 0 0 96
463 212382 V 47 1 3 0 13 10 0 43 0 14 0 0 0 0 0 0 1 212250 0 0 0
464 254392 F 0 4 0 0 254165 0 0 21 0 148 0 0 0 0 0 36 0 6 0 12 0
465 262801 E 10 1 46 262465 0 88 0 0 65 0 0 0 0 25 4 0 0 34 0 0 63
466 283136 L 44 0 1 0 23 0 11 50 0 282889 12 2 55 10 8 1 0 30 0 0 0
467 303581 S 3 306 0 0 6 0 0 0 21 107 73 0 49 3 2 302921 10 0 12 3 65
468 316874 D 1 0 316607 41 1 93 11 0 0 0 0 40 0 0 0 0 0 18 0 62 0
469 343377 E 5 0 18 343115 0 53 0 0 108 1 0 0 0 8 0 0 0 17 0 0 52
470 357307 K 0 0 0 42 0 0 0 0 356887 0 21 63 0 2 264 3 10 1 0 0 14
471 373889 A 373582 0 0 65 0 41 0 0 2 0 0 0 6 0 0 55 61 77 0 0 0
472 386985 A 386275 0 1 102 0 13 124 1 0 0 0 25 17 0 0 76 113 220 0 18 0
473 390434 S 1 22 0 0 4 62 14 88 0 3 0 77 25 0 637 386370 26 3103 0 2 0
474 392009 P 21 0 0 0 0 0 0 0 0 99 0 0 391595 108 12 130 44 0 0 0 0
475 390756 I 1 39 0 0 73 1 0 390406 1 22 11 86 0 0 0 5 51 60 0 0 0
476 389263 V 83 0 0 29 0 5 0 0 0 49 149 0 0 0 7 0 8 388913 20 0 0
477 387389 P 24 0 0 0 0 0 71 0 0 45 0 0 387069 0 10 43 94 33 0 0 0
478 385300 S 6 92 0 0 64 0 0 1 0 0 0 5 62 0 234 384713 43 0 0 80 0
479 383853 F 0 3 0 0 383478 0 0 155 0 108 1 0 3 0 0 49 0 19 1 36 0
480 380425 D 11 0 379959 46 0 61 29 9 0 1 0 64 3 8 0 6 2 180 0 46 0
481 381369 M 0 0 0 0 0 0 0 171 19 30 381027 0 0 0 3 0 55 64 0 0 0
482 372944 S 0 37 0 0 0 68 0 37 0 1 0 47 0 0 49 372684 10 11 0 0 0
483 378895 N 0 0 48 0 3 0 2 17 42 3 0 378733 0 0 0 40 0 0 0 7 0
484 377990 E 2 0 36 377669 0 63 0 0 73 1 0 1 1 18 0 1 0 64 0 0 61
485 376511 G 12 3 0 39 0 376217 0 0 0 0 0 4 4 1 85 2 0 60 0 0 84
486 376559 S 5 10 0 0 28 0 0 0 0 0 0 0 59 0 0 376363 30 0 0 64 0
487 375846 Y 0 46 3 0 18 0 66 0 0 0 0 4 0 0 0 1 0 0 0 375684 24
488 373263 F 0 2 0 0 373052 0 0 31 0 96 0 0 0 0 0 55 0 0 0 27 0
489 374783 F 0 1 0 0 374539 0 0 21 0 158 0 0 1 0 0 40 0 3 0 20 0
490 373869 G 10 0 0 31 0 373522 0 0 0 58 0 0 0 0 115 0 0 57 0 0 76
491 374441 D 3 0 374169 49 0 83 7 0 0 0 0 39 0 0 0 0 1 40 0 50 0
492 373059 N 0 0 43 0 0 0 6 21 47 1 0 372847 0 2 2 59 8 0 0 23 0
493 372248 A 371802 0 0 70 0 11 0 0 0 0 0 0 16 0 0 47 226 76 0 0 0
494 369928 E 49 0 87 369590 0 64 0 1 48 0 0 0 0 11 0 0 0 20 0 0 58
495 363078 E 5 0 36 362785 0 64 0 0 81 7 0 0 0 14 0 2 0 25 1 0 58
496 342394 Y 0 77 1 0 30 0 40 0 0 0 0 22 0 0 0 2 0 0 0 342133 89
497 353194 D 3 0 352276 65 1 79 21 0 0 493 13 93 7 3 0 19 0 57 0 59 5
498 344100 N 0 7 46 32 1 92 7 4145 36 220 71 339212 0 86 56 51 5 0 7 25 1
