SITE	RMSD_probability
2	0.000000000
3	0.028820926
4	0.120076459
5	0.000000000
6	0.000000000
7	0.000000000
8	0.000000000
9	0.004144869
10	0.049271630
11	0.000000000
12	0.031668008
13	0.000000000
14	0.000000000
15	0.047619718
16	0.001054326
17	0.000690141
18	0.004253521
19	0.000000000
20	0.000000000
21	0.001114688
22	0.012684105
23	0.000064386
24	0.011146881
25	0.000000000
26	0.000004024
27	0.000010060
28	0.000040241
29	0.000000000
30	0.000000000
31	0.000106640
32	0.000000000
33	0.000418511
34	0.000000000
35	0.000000000
36	0.027897384
37	0.000000000
38	0.000000000
39	0.000000000
40	0.000000000
41	0.000124748
42	0.000000000
43	0.000000000
44	0.000004024
45	0.000000000
46	0.000000000
47	0.008297787
48	0.000000000
49	0.006158954
50	0.000032193
51	0.000068410
52	0.000158954
53	0.000573441
54	0.000000000
55	0.002728370
56	0.000000000
57	0.000000000
58	0.000000000
59	0.000000000
60	0.000000000
61	0.025909457
62	0.000000000
63	0.000000000
64	0.000000000
65	0.000000000
66	0.000000000
67	0.000000000
68	0.072050302
69	0.000000000
70	0.000000000
71	0.000000000
72	0.000000000
73	0.000008048
74	0.000000000
75	0.000000000
76	0.000000000
77	0.000000000
78	0.000000000
79	0.238601610
80	0.000000000
81	0.000000000
82	0.000000000
83	0.000000000
84	0.000000000
85	0.000000000
86	0.092712274
87	0.000000000
88	0.000000000
89	0.002828974
90	0.195843058
91	0.000000000
92	0.000000000
93	0.000000000
94	0.000000000
95	0.000000000
96	0.223181087
97	0.000000000
98	0.000000000
99	0.000000000
100	0.118327968
101	0.081619718
102	0.012430584
103	0.004750503
104	0.000000000
105	0.000183099
106	0.000000000
107	0.000000000
108	0.000000000
109	0.000000000
110	0.000000000
111	0.000000000
112	0.000000000
113	0.000002012
114	0.001070423
115	0.000000000
116	0.000000000
117	0.000000000
118	0.000000000
119	0.000000000
120	0.000000000
121	0.000008048
122	0.000000000
123	0.000388330
124	0.000000000
125	0.040350101
126	0.052199195
127	0.612609658
128	0.004537223
129	0.000072435
130	0.000000000
131	0.000000000
132	0.000000000
133	0.001026157
134	0.000000000
135	0.000000000
136	0.001573441
137	0.000000000
138	0.003794769
139	0.000000000
140	0.000000000
141	0.000058350
142	0.015273642
143	0.000000000
144	0.000641851
145	0.000000000
146	0.000010060
147	0.000000000
148	0.000000000
149	0.000000000
150	0.000000000
151	0.000000000
152	0.000000000
153	0.000008048
154	0.000000000
155	0.000050302
156	0.000000000
157	0.101585513
158	0.000000000
159	0.000000000
160	0.000000000
161	0.000000000
162	0.004305835
163	0.000000000
164	0.000000000
165	0.000000000
166	0.000000000
167	0.000000000
168	0.000000000
169	0.000116700
170	0.000000000
171	0.017114688
172	0.000000000
173	0.000072435
174	0.000000000
175	0.004981891
176	0.000000000
177	0.000000000
178	0.128722334
179	0.000010060
180	0.000000000
181	0.000000000
182	0.050231388
183	0.000000000
184	0.000062374
185	0.000000000
186	0.000000000
187	0.000000000
188	0.000002012
189	0.000000000
190	0.000000000
191	0.000000000
192	0.000000000
193	0.000000000
194	0.000000000
195	0.000000000
196	0.000000000
197	0.000213280
198	0.000000000
199	0.000034205
200	0.002342052
201	0.476217304
202	0.000000000
203	0.000000000
204	0.000000000
205	0.000000000
206	0.000000000
207	0.000000000
208	0.000000000
209	0.000203219
210	0.000000000
211	0.019841046
212	0.000000000
213	0.000000000
214	0.000191147
215	0.000000000
216	0.000150905
217	0.000000000
218	0.000024145
219	0.000000000
220	0.000000000
221	0.005881288
222	0.001378270
223	0.000000000
224	0.021716298
225	0.000000000
226	0.001722334
227	0.000158954
228	0.000000000
229	0.000000000
230	0.000000000
231	0.003092555
232	0.013651911
233	0.000000000
234	0.000434608
235	0.000000000
236	0.000000000
237	0.000000000
238	0.000000000
239	0.067665996
240	0.000000000
241	0.000000000
242	0.000000000
243	0.000000000
244	0.000000000
245	0.000000000
246	0.000000000
247	0.000000000
248	0.000000000
249	0.000000000
250	0.000000000
251	0.000549296
252	0.000002012
253	0.000000000
254	0.000016097
255	0.000000000
256	0.000024145
257	0.001452716
258	0.010042254
259	0.000000000
260	0.000380282
261	0.000000000
262	0.000000000
263	0.000000000
264	0.053933602
265	0.168185111
266	0.000000000
267	0.000000000
268	0.000000000
269	0.000000000
270	0.000000000
271	0.000000000
272	0.000000000
273	0.000000000
274	0.000420523
275	0.000000000
276	0.000197183
277	0.000000000
278	0.023746479
279	0.018585513
280	0.000000000
281	0.000000000
282	0.000000000
283	0.000989940
284	0.000010060
285	0.069350101
286	0.002191147
287	0.000169014
288	0.000000000
289	0.187126761
290	0.283993964
291	0.000000000
292	0.023080483
293	0.000000000
294	0.001372233
295	0.000000000
296	0.000000000
297	0.000245473
298	0.000000000
299	0.000299799
300	0.002832998
301	0.000000000
302	0.000000000
303	0.009635815
304	0.000000000
305	0.076434608
306	0.001533199
307	0.000000000
308	0.000000000
309	0.000000000
310	0.000000000
311	0.000000000
312	0.000000000
313	0.000050302
314	0.000000000
315	0.000000000
316	0.000158954
317	0.000000000
318	0.016036217
319	0.000000000
320	0.000000000
321	0.000000000
322	0.000000000
323	0.000000000
324	0.000000000
325	0.000000000
326	0.000000000
327	0.000000000
328	0.002983903
329	0.000000000
330	0.000000000
331	0.000000000
332	0.000000000
333	0.000000000
334	0.000000000
335	0.000000000
336	0.000000000
337	0.000197183
338	0.000613682
339	0.000000000
340	0.000000000
341	0.000000000
342	0.000034205
343	0.000000000
344	0.000000000
345	0.000000000
346	0.005643863
347	0.000000000
348	0.000000000
349	0.000000000
350	0.000309859
351	0.000000000
352	0.000000000
353	0.000000000
354	0.000000000
355	0.000000000
356	0.007889336
357	0.000000000
358	0.000002012
359	0.000004024
360	0.000000000
361	0.000000000
362	0.000000000
363	0.000000000
364	0.000000000
365	0.000000000
366	0.000000000
367	0.000000000
368	0.000010060
369	0.000000000
370	0.002955734
371	0.000010060
372	0.003398390
373	0.000000000
374	0.000000000
375	0.078263581
376	0.005595573
377	0.000000000
378	0.000000000
379	0.000000000
380	0.000000000
381	0.000000000
382	0.000000000
383	0.000040241
384	0.000000000
385	0.000000000
386	0.000000000
387	0.000398390
388	0.171267606
389	0.000000000
390	0.000000000
391	0.000000000
392	0.000000000
393	0.000000000
394	0.000000000
395	0.000000000
396	0.284018109
397	0.015527163
398	0.000275654
399	0.000000000
400	0.000000000
401	0.011420523
402	0.000000000
403	0.081615694
404	0.003853119
405	0.000000000
406	0.000004024
407	0.000000000
408	0.000096579
409	0.001418511
410	0.000000000
411	0.000000000
412	0.000000000
413	0.000000000
414	0.000000000
415	0.000273642
416	0.000000000
417	0.000000000
418	0.000002012
419	0.000000000
420	0.000010060
421	0.008734406
422	0.000016097
423	0.000000000
424	0.000010060
425	0.000000000
426	0.000000000
427	0.000010060
428	0.000002012
429	0.000000000
430	0.000000000
431	0.000000000
432	0.002158954
433	0.000010060
434	0.000000000
435	0.000000000
436	0.000000000
437	0.000000000
438	0.000841046
439	0.000000000
440	0.000000000
441	0.000000000
442	0.003370221
443	0.000000000
444	0.000000000
445	0.000000000
446	0.000000000
447	0.000002012
448	0.000000000
449	0.000000000
450	0.000000000
451	0.000020121
452	0.000651911
453	0.000456740
454	0.000120724
455	0.520774648
456	0.048935614
457	0.000000000
458	0.000000000
459	0.001730382
460	0.000000000
461	0.000000000
462	0.000000000
463	0.000000000
464	0.000000000
465	0.000000000
466	0.000000000
467	0.066036217
468	0.000000000
469	0.000000000
470	0.000000000
471	0.000000000
472	0.000062374
473	0.200255533
474	0.000000000
475	0.000000000
476	0.000579477
477	0.000000000
478	0.000088531
479	0.000000000
480	0.000000000
481	0.051229376
482	0.000000000
483	0.000000000
484	0.004921529
485	0.000547284
486	0.000000000
487	0.000000000
488	0.000000000
489	0.000000000
490	0.000000000
491	0.000000000
492	0.000000000
493	0.009392354
494	0.000066398
495	0.000000000
496	0.000000000
497	0.245470825
498	0.121688129
