#SITE	SITE_LOG_LIKELIHOOD
1	-4.06804
2	-3.8623
3	-7.75458
4	-6.32011
5	-3.77408
6	-3.51809
7	-1.981
8	-3.69835
9	-6.19371
10	-4.59123
11	-13.4633
12	-8.18287
13	-0.964984
14	-5.19379
15	-5.0466
16	-24.8807
17	-8.19932
18	-18.4441
19	-4.35684
20	-2.67036
21	-8.26375
22	-28.5385
23	-6.50218
24	-17.5331
25	-7.18711
26	-10.0939
27	-13.5264
28	-3.77261
29	-6.43854
30	-16.5069
31	-17.0369
32	-0.0896769
33	-26.4102
34	-18.0234
35	-10.5027
36	-17.5721
37	-17.587
38	-15.6894
39	-16.9454
40	-6.24782
41	-6.92184
42	-5.52214
43	-0.231988
44	-11.2226
45	-10.9812
46	-2.07049
47	-7.40264
48	-7.89079
49	-7.2566
50	-30.2676
51	-10.2661
52	-17.8095
53	-8.36926
54	-12.9665
55	-26.4827
56	-9.46272
57	-19.8642
58	-13.291
59	-4.23374
60	-8.09604
61	-3.69128
62	-3.26557
63	-6.75641
64	-11.4993
65	-5.46768
66	-1.10597
67	-9.64807
68	-11.4387
69	-17.6074
70	-6.54248
71	-6.19815
72	-7.86213
73	-9.5556
74	-8.32554
75	-6.33297
76	-12.0666
77	-16.9873
78	-4.72839
79	-9.12545
80	-11.6456
81	-10.7323
82	-13.6067
83	-3.86219
84	-11.1977
85	-35.9957
86	-5.41424
87	-12.8841
88	-15.5543
89	-29.5813
90	-5.85445
91	-15.3104
92	-13.6259
93	-12.0819
94	-7.1087
95	-3.69168
96	-16.1906
97	-14.5478
98	-27.7807
99	-12.9467
100	-20.5868
101	-25.9788
102	-25.8447
103	-7.91998
104	-0.237561
105	-29.2779
106	-13.2356
107	-12.6582
108	-18.6153
109	-14.9088
110	-16.5474
111	-8.16648
112	-16.9202
113	-9.2665
114	-11.3501
115	-16.3676
116	-3.32331
117	-18.3147
118	-19.6166
119	-16.4514
120	-0.0460929
121	-11.1796
122	-2.96053
123	-22.3868
124	-13.8957
125	-11.469
126	-7.95592
127	-25.6602
128	-12.0355
129	-10.8386
130	-16.1759
131	-9.85797
132	-3.18042
133	-13.0315
134	-22.2919
135	-14.823
136	-23.1145
137	-0.74993
138	-19.0987
139	-0.108453
140	-8.40419
141	-6.51863
142	-19.8375
143	-26.1283
144	-10.1431
145	-5.16771
146	-6.22803
147	-14.6213
148	-12.4555
149	-5.79971
150	-9.54787
151	-5.36421
152	-11.3135
153	-26.9688
154	-12.908
155	-9.67737
156	-20.9117
157	-11.3386
158	-15.8038
159	-1.10427
160	-8.44221
161	-11.0423
162	-19.0659
163	-2.67151
164	-11.5517
165	-10.1117
166	-18.9446
167	-0.05721
168	-4.97213
169	-19.8314
170	-7.31899
171	-3.85878
172	-9.42839
173	-14.2828
174	-11.2513
175	-15.3685
176	-19.7146
177	-11.8259
178	-7.37314
179	-5.30092
180	-12.56
181	-7.62796
182	-7.22007
183	-19.8746
184	-11.482
185	-17.741
186	-22.2932
187	-12.5094
188	-16.5719
189	-0.810067
190	-23.6204
191	-2.59978
192	-14.4197
193	-38.2511
194	-24.9627
195	-6.94081
196	-0.681615
197	-10.1569
198	-22.3648
199	-20.6279
200	-13.9952
201	-24.0293
202	-9.02318
203	-16.7644
204	-5.80232
205	-18.8519
206	-2.73359
207	-0.0326411
208	-3.10391
209	-17.0892
210	-2.05308
211	-11.6834
212	-14.2225
213	-16.5743
214	-35.4385
215	-11.9378
216	-22.8107
217	-9.7773
218	-25.6896
219	-7.45797
220	-10.5329
221	-10.1898
222	-1.11389
223	-4.33946
224	-9.23623
225	-10.5509
226	-13.4181
227	-13.0831
228	-9.58713
229	-5.51217
230	-11.4968
231	-12.3055
232	-3.68747
233	-5.922
234	-11.7545
235	-2.04554
236	-23.5415
237	-3.15433
238	-0.487975
239	-4.22348
240	-10.256
241	-22.5196
242	-9.24308
243	-28.9008
244	-11.5937
245	-3.92512
246	-18.5891
247	-11.5423
248	-6.44876
249	-11.4601
250	-4.64237
251	-7.82089
252	-5.32333
253	-12.1735
254	-5.05663
255	-11.2381
256	-15.6566
257	-24.9602
258	-15.9802
259	-27.1384
260	-11.3207
261	-27.3008
262	-3.48005
263	-7.66052
264	-4.02254
265	-15.2573
266	-10.6985
267	-11.3459
268	-12.5516
269	-3.73174
270	-8.43371
271	-17.2481
272	-14.2178
273	-6.27301
274	-7.22424
275	-10.9315
276	-26.7905
277	-11.2819
278	-7.30501
279	-9.55677
280	-31.0525
281	-16.2784
282	-6.86055
283	-22.1916
284	-19.3242
285	-23.1038
286	-7.69461
287	-12.2085
288	-3.36698
289	-18.9888
290	-5.97961
291	-6.11823
292	-18.3957
293	-12.5141
294	-24.5906
295	-21.9203
296	-13.5729
297	-10.4074
298	-20.8052
299	-18.444
300	-13.392
301	-17.8996
302	-15.103
303	-4.09376
304	-3.24729
305	-6.89234
306	-14.617
307	-11.2888
308	-10.441
309	-6.69155
310	-15.9208
311	-20.0887
312	-24.255
313	-18.9975
314	-16.1005
315	-15.903
316	-9.87049
317	-8.38135
318	-8.89577
319	-17.2074
320	-7.7546
321	-9.25939
322	-12.4119
323	-3.73194
324	-12.1662
325	-7.71685
326	-15.677
327	-14.2594
328	-25.3734
329	-14.9509
330	-0.74522
331	-6.10472
332	-9.21803
333	-14.8032
334	-18.0831
335	-18.4072
336	-7.28509
337	-7.42922
338	-6.68907
339	-11.7096
340	-4.89949
341	-11.9401
342	-15.1929
343	-20.2302
344	-22.0672
345	-14.4138
346	-10.3557
347	-3.72571
348	-21.1318
349	-26.7013
350	-11.5259
351	-19.2992
352	-14.6319
353	-26.6212
354	-10.7195
355	-8.63187
356	-14.1682
357	-23.4303
358	-26.9604
359	-5.63833
360	-8.88027
361	-3.12619
362	-5.26711
363	-7.31472
364	-8.78051
365	-10.4181
366	-21.7674
367	-3.76044
368	-4.60528
369	-11.5234
370	-6.51777
371	-11.5311
372	-14.5006
373	-8.87957
374	-1.44248
375	-14.7883
376	-11.5752
377	-28.0301
378	-12.8682
379	-17.5024
380	-4.69883
381	-20.923
382	-27.3398
383	-7.35
384	-12.2815
385	-12.2159
386	-0.892188
387	-7.3381
388	-1.8376
389	-13.0724
390	-9.31533
391	-14.4181
392	-17.5694
393	-8.50384
394	-5.53367
395	-8.71874
396	-13.9455
397	-19.2986
398	-27.5054
399	-7.3193
400	-22.9723
401	-8.71811
402	-11.6189
403	-17.3947
404	-21.6873
405	-11.9093
406	-13.2372
407	-14.9239
408	-26.2611
409	-12.4181
410	-14.4734
411	-11.7413
412	-2.62923
413	-29.3651
414	-14.8984
415	-10.584
416	-12.6466
417	-19.9962
418	-19.5711
419	-30.4697
420	-12.0723
421	-17.4529
422	-6.7256
423	-19.5961
424	-4.26927
425	-25.6163
426	-1.42398
427	-20.9951
428	-10.0884
429	-10.2594
430	-24.0206
431	-15.2351
432	-8.4224
433	-15.6242
434	-16.7966
435	-5.15251
436	-5.86129
437	-16.4737
438	-13.2128
439	-4.24177
440	-1.03265
441	-22.2072
442	-7.2817
443	-7.40305
444	-3.59697
445	-2.93786
446	-12.3304
447	-3.50188
448	-1.44719
449	-10.0409
450	-12.8768
451	-9.24652
452	-23.1571
453	-19.8203
454	-6.14593
455	-5.66733
456	-7.11027
457	-12.4656
458	-2.6435
459	-4.26666
460	-7.02129
461	-4.2585
462	-8.4651
463	-6.69223
464	-2.5894
465	-2.68213
466	-7.1589
467	-8.0672
468	-2.67486
469	-2.17251
470	-2.63821
471	-10.0842
472	-8.18596
473	-10.7584
474	-3.8485
475	-3.4507
476	-3.68726
477	-3.02542
478	-4.31312
479	-2.58155
480	-3.86574
481	-1.92648
482	-35.297
483	-23.4076
484	-14.6127
485	-9.64128
486	-3.48683
487	-2.03023
488	-2.618
489	-6.86284
490	-3.07525
491	-2.7
492	-6.94847
493	-3.12644
494	-3.00322
495	-11.6975
496	-2.48545
497	-8.91912
498	-6.27926
